MutationType	SBS96A	SBS96B	SBS96C	SBS96D	SBS96E	SBS96F	SBS96G	SBS96H	SBS96I	SBS96J	SBS96K	SBS96L	SBS96M	SBS96N	SBS96O
A[C>A]A	0.0037544997343793513	0.00015875286834696385	0.00156026912721859	0.03954925658926368	0.00014788862503610988	0.011571407502517105	0.009098168163327501	0.0010499779811605663	0.06814307554066182	0.016900881863199175	0.02260712446644902	0.005963607671495993	0.0009348848648166336	0.015625192014500498	0.009594314633781324
A[C>A]C	0.0014228507308580447	0.0005336854050727004	0.006448604950681329	0.016726926581934094	5.7612443536425825e-05	0.006397925827652216	0.009834165540703729	7.758280262351397e-07	0.014620974458754063	0.013204704784788192	0.010322094556177035	0.0020393451001477327	0.002718514228019818	0.003735203914426841	0.06825962790846825
A[C>A]G	0.0003663730090411264	2.1383579763071605e-05	0.004282880800310522	0.004977894989773631	5.325996488036683e-05	0.0005887098728999263	0.002023000099696219	0.0	0.0032791934739798308	0.0005637262125559919	0.0018933971035294235	4.70004887262734e-05	0.0003869818842774179	0.000972629371623043	0.0014567983824526891
A[C>A]T	0.002201405410305597	0.0007344115133855666	0.00014827143156702382	0.02851310236379504	0.00024077910242707436	0.002550200784346089	0.002587089619296419	0.00462056622793898	0.026076761741191147	0.011107243634876795	0.01615195829886943	0.0007651303652599802	0.0007138585732400428	0.008029661287087951	0.031190141662955286
A[C>G]A	0.0007758975292963442	0.00034640308495086276	0.007619634665548801	0.024684876745566724	0.0002982616885020939	0.0018540044343098997	0.005984504654770717	0.00219860670203343	0.002239748285268433	0.0030579788052709773	0.0021620838601974094	0.00014127078201141158	0.006032166744116694	0.014856477722525597	0.001270053835326856
A[C>G]C	7.78433082402881e-06	0.0007143785488879076	0.003544632463250309	0.014225583234801888	0.00030415835018477794	0.0011641621923772617	0.004135319306747988	0.0005360631642106454	0.002031538357026875	0.0017158602433936495	0.000907672515323636	0.0015379893566132524	0.002769185278652003	0.009895113497972488	0.0022068591767165345
A[C>G]G	4.497197126567021e-05	0.00020874656206297003	0.0037689121719449757	0.0064910563458688555	0.0003184237111254333	0.0001431072324960394	0.0010509695464490107	1.3416120709734968e-06	0.00019858762122177372	6.904543367317371e-05	0.00013308235714631328	8.850988835026446e-05	0.0016123290004907175	0.00038723735163193913	0.0002439877554406
A[C>G]T	0.00017561186403255812	0.0024197083757026123	0.007007233741693199	0.023547772996127606	2.552668734612671e-05	0.0025259402859956026	0.004177634835573371	0.001701232925057411	0.0007466494097268749	0.00198126897823247	0.001013715474278245	0.0006244079431540478	0.006764980185776949	0.03057575882598758	0.002432534196297638
A[C>T]A	0.0017167959589860402	0.00021785034604130917	0.03403324674069881	0.030350045826286077	0.0053830267530865965	0.022755309887230395	0.059811083111912015	0.05416152694821358	0.0024490589455352704	0.0012404239892465222	0.022405764773488046	0.0003492333671994336	8.659997312166313e-05	0.0037417390837284955	0.0017147400109655275
A[C>T]C	0.0006357277806710267	0.0005259011691905521	0.015357109744101764	0.014424143611453473	0.0016307970173074864	0.006707457613199949	0.04099264678359032	0.01456182422861457	0.00195788012034609	0.004424769169534557	0.010389611694437917	0.007390972414519638	0.0005676017540488622	0.0014562269836040016	0.0018389718125857999
A[C>T]G	0.0008794638415803829	0.002677234589739801	0.0452019096724689	0.011322783862228998	0.0029418264997607448	0.26094151160120965	0.004734024017188256	0.01565293309278786	0.013763858960785925	0.03627698175173967	0.019615232545649633	0.03549036360939225	0.008509751841911764	0.002917335135801918	0.017981610692106187
A[C>T]T	0.002383291968610138	0.0006547601346628886	0.024063471294939517	0.0304499303214252	0.00039495569154475907	0.006085944737773389	0.05652276552468538	0.013960055654868483	0.0033460700809955597	0.007800936900312081	0.016079633726156315	9.471529649646802e-05	0.0010515529160086395	0.00013962868695072516	0.006285528495034669
A[T>A]A	0.0010156493178183155	4.998895707753709e-06	0.007174456514883787	0.012362632209435105	0.0010917130382686441	0.002752960585290566	0.002179587153651557	0.001987590349483071	0.0018261997804511338	0.019812190715689213	0.012078091833274811	0.009782890000846237	0.00047328887147058644	0.018078723372891545	0.0063702791219111534
A[T>A]C	0.0007830866796690863	0.001062668327766005	0.007572402335703373	0.003090806705983976	0.0017509741282992763	0.0027613080125302074	0.0035423998822031707	0.002427567404229194	0.0017585554108954966	0.012603481975384056	0.00523808399490008	0.01727289619948715	0.00122256554971521	0.0011878341069352768	0.03352481910958886
A[T>A]G	0.0012502196125860792	1.6256724167970678e-05	0.006504818621091544	0.015861310513690115	0.00048346276792702697	0.0014177041588118299	0.003913969173445366	3.2055701623122727e-07	0.0017581647490151227	0.009402641787804896	0.010376034936401993	0.0024141122617875226	0.0006849292834171854	0.005620276358211413	0.0064480301795993
A[T>A]T	0.006669896975392476	0.0020400558948059262	0.001226282789711561	0.012913699967515412	0.008061375017743557	0.010383604563772679	0.011133338328066393	0.026829431489109993	0.006173244303558022	0.06155913806334138	0.013535478494566633	0.022818816292696283	0.0030236193441787306	0.007881260005710496	0.01042720331426985
A[T>C]A	0.0016309837527732525	0.0009767766678523489	0.07390458948165178	0.013802164518274367	0.007486712313722819	0.002551292095490047	0.0018619191943717588	0.02717213185504079	0.0032843139446340503	0.036596834703348576	0.013685946983401663	0.010197486134833707	0.002681150593162237	0.02900548830255866	0.006874409026349895
A[T>C]C	0.002130563284581692	0.000786500233989501	0.023056415289640426	0.009712703529745341	0.010972471007145941	0.0006336747019095248	0.0012924284885830729	0.009447933826595544	0.0016578649525763468	0.01083205128274858	0.0024029023859122875	0.010237994736060501	0.0024951851394725963	0.003952851246693171	0.007305376791395247
A[T>C]G	0.0002638629336399365	0.0008156446650975917	0.07600716516375541	0.008045343084726483	0.010075730921234935	7.2873576136804616e-06	0.0003386807248365037	0.03579927979037165	0.00018299269783860573	0.015072899313174333	0.0038940998612121804	0.0021376026327048704	0.0026417132377884347	0.004026933810760532	0.0017035509574326372
A[T>C]T	0.0057376801189966496	0.0015842613324712146	0.05588574051856995	0.02579664749279618	0.012028572958894075	0.003930928115034476	0.005103247507580059	0.004605991473654285	0.003819550641812384	0.0257298241648823	0.011643763014581055	0.008244035516522261	0.003267411526583601	0.015152194454334677	0.006887714674579911
A[T>G]A	0.0008490816717269576	0.000997577448882587	0.008746390973217786	0.003429922420589719	0.003602798136882484	0.0006107557351897413	0.0017142781234183114	0.0	0.0006578474710707153	0.002729793679169399	0.004668930729036219	0.0011046911476064803	0.0006176729393304368	0.03848657809570432	0.0015824123703610824
A[T>G]C	0.0007700523495212106	0.003486321469768882	0.004649651061743498	0.0017322699896176346	0.010517261504195631	0.00016920893176271978	0.0010338375610805604	0.0005676332684629593	0.0001813287060573812	0.0012968809559643964	0.0015849177649579361	0.0028722866107709706	0.0001487556753316464	0.005538574953563511	0.0016513029548223131
A[T>G]G	0.0006132612908272961	0.0008583769243268762	0.007472361439839006	0.011080365281552077	0.005252386644482613	1.6094653660373488e-05	0.0011818876882123252	0.0006174825360649265	0.0009692176026583184	0.0008528446466243029	0.0038613858994212933	0.0015014136139627516	0.00045726990143925045	0.00794293143460527	0.0035674326673615724
A[T>G]T	0.03696018221601844	0.04715687795728445	0.003526877194235567	0.0057552116329170535	0.0922544243633747	0.001938383456435986	0.0076047947049373765	2.148407689422555e-05	0.0015524175318976177	0.006672217614887756	0.00445894574462789	0.0037391079837555603	0.000245494416233259	0.005461157686680513	0.003066179106028541
C[C>A]A	0.001816985349636525	0.0010288617564947345	0.001210533767257015	0.02012778363749385	0.00012114761904750382	0.002141823386977194	0.004731812248120605	0.01726484818384051	0.05786430737376213	0.008314529581461103	0.012008225715253501	0.0014414537326076636	0.0052158821504563095	0.010252758145332337	0.028018372554332018
C[C>A]C	0.0012509499822626821	0.00010817178863539288	7.178589677622282e-05	0.016901746727526187	7.64884601025724e-05	0.004779509540181607	0.005467813684139401	0.028451773151755334	0.013203627781942487	0.0013296531734032248	0.0067900696333963425	0.004954905779511193	0.003385097552789375	0.00542481635697186	0.020552748832851648
C[C>A]G	6.040440625380473e-05	0.00020148763791621606	0.003390186998527497	0.0025616835358086973	0.00036349481688393025	0.003408136778976768	0.0017335738558904269	0.004380761751905084	0.005986411404795945	9.783292401745265e-05	0.00012174391412691018	5.83861975937969e-05	0.0013640364655875602	0.00011088951507456811	0.0019222205575788393
C[C>A]T	8.631844503215469e-05	0.001024051720036096	0.0011559712754064054	0.0023914780812838254	0.0028215822022787463	0.0023186662353988285	0.004989108831905229	0.08437839666008949	0.03829919622093439	0.021936436066636814	0.0005952851281493085	0.0024061330992279305	0.008311744383303449	0.004374835088520958	0.03928534095361829
C[C>G]A	0.00045250028659560824	0.00035457290225319804	0.0011836324918063847	0.019082817712798714	0.00038921208851547327	8.568969893805054e-05	0.0034451131743844596	0.00015017934934076038	0.0008437644914229183	0.002017925571759065	0.0020659634622134035	0.00046636397642465876	0.005718873456586152	0.007445468293502927	0.0015883357371808805
C[C>G]C	0.000569414574421442	2.9066348156429965e-05	0.002656559604802169	0.01741369298286736	0.0003558444367963755	7.971186356861806e-05	0.0032586351956706496	0.0004978357342188247	0.0008277153726146656	0.0005042108264473728	0.0014401016836615914	0.0006638585579789167	0.0021834622242313346	0.004752134283888153	0.0013466355616649326
C[C>G]G	9.635634734289289e-05	4.4792446255937647e-05	0.001758058455074206	0.005085259143263102	0.00022316789986290663	0.0007302715569385327	0.0016697980670724063	0.0	0.00020522078735730958	5.6307013473950215e-05	6.317377989294286e-05	8.778938018824608e-06	0.0015006834145169705	0.0003071701365424815	0.0004100108990514855
C[C>G]T	0.00010187690573875655	0.0009176661773817613	0.00240703649650095	0.025553223613649607	0.0007789076245039829	0.00020548753694148852	0.0044273562559246785	5.414662170261257e-06	0.0008767375266115168	0.0028828612865181916	0.0016669139626607065	0.0010356923556214435	0.008356424272060394	0.014156186138279736	0.003299740517162718
C[C>T]A	0.0014880842986687449	0.001068119501977212	0.004544302825410874	0.02191196636389941	0.0015071194203377764	0.004981777754379436	0.07728193155676126	0.006741837303175089	0.004487166376085952	0.008736517696587896	0.023090382821392266	0.008724339837557635	0.00700988651951775	0.006381281706038863	0.012246142669580877
C[C>T]C	0.001595461064297332	0.0006808981052495334	0.0015665625451702872	0.005698334443682052	0.00019346095868659675	0.0012959468229878472	0.08466339571774006	0.012536395772360265	0.001413747744572539	0.003977775003376175	0.006059787977058291	0.009031289169334027	0.0033860434951486183	0.0035185163877600695	0.0387609227411449
C[C>T]G	0.0019084827494807541	0.0009717010857969903	0.02626858368702233	0.011080702738488981	0.003808803035529573	0.17219829404354095	0.020612745271995664	0.018618997778743505	0.010554302651784383	0.013186378242671772	0.0011485021724677827	0.02936288569404949	0.00918216756556624	0.0029567636614120725	0.005775177198218142
C[C>T]T	0.0018379111092654058	0.0008931624358124893	0.014539870150387288	0.01606899169459939	0.0011668852311037732	0.00649788117967546	0.07101025589555501	0.007746307928464376	0.0025188006349690113	0.015494161699898541	0.015198432770324871	0.006298734465493467	0.007851758119184524	0.0019191816261139281	0.037868504248559476
C[T>A]A	0.0010270389568292418	4.421651867980538e-05	0.003186513081076555	0.0025774908485963416	0.0019580498909344897	2.5414945090499123e-07	0.0003041727991503316	0.00039029540188342457	8.9430327251116e-05	0.004593474948487509	0.0068745581360417415	0.0004570433216109913	0.0009284272220119814	0.011177047469653189	0.03829454028978944
C[T>A]C	0.012185655564069748	0.00793930667359382	0.0009489504462942859	0.008798500712960958	0.01176542546786368	0.00048670201373775333	0.001382812420895052	0.0034061567625030876	0.001722379520884715	0.0019135006379803095	0.007664196440251544	0.0033704614831658545	0.001505351664192847	0.0034419725378249917	0.03645883139595389
C[T>A]G	0.003814207373652607	0.0019923348743468524	0.004208805695641786	0.0072818424212746325	0.007284798821434378	5.068161981074418e-05	0.0016004088474978406	0.0006030341038422193	0.0010677769815812881	0.0035350931299774767	0.006695334888237994	0.00019036747766039546	0.002764842405100353	0.00608174215850886	0.03779820419847965
C[T>A]T	0.054591168954968454	0.02488000477058813	0.0008616414584682499	0.016135292472317816	0.010692231512120221	0.00027678274661826574	0.0016468261623431427	0.001771885042777285	0.0014812934727552113	0.0018538373599387304	0.019660008642822503	0.001014923680076276	0.0005379143134989191	0.02064770749188029	0.04975962757319212
C[T>C]A	0.005044016476545949	0.0009290775505679877	0.02554012804850936	0.0018741174139225711	0.01982094855606556	6.917432426029246e-05	0.0002484751425581628	0.019911885675042866	0.00037726321566392495	0.014079763174057007	0.005972304558905307	0.0031256899370521465	0.0022564238681770836	0.02517989289946854	0.010562422480434179
C[T>C]C	0.04526971382647753	0.01870455756597221	0.0124835752453655	0.010501215103082358	0.0647797970995307	0.0034708052896894517	0.0036613764071849715	0.010396000746637582	0.0021694711330346762	0.0011027362101485264	0.0008311320023286699	0.004061303918089133	0.0048462419803254305	0.0043643225625515005	0.017442967981100083
C[T>C]G	0.02416568757686764	0.009401713746599854	0.043029010873287914	9.116173010172433e-05	0.05572070248797536	0.0014856767692418519	0.0010396676547070305	0.03882402769476175	0.00039368437884110003	0.006621490567480573	0.0005824915797218604	0.0022965119168459297	0.0024563749739207694	0.0006063038894231758	0.011278708891011775
C[T>C]T	0.2227829693555832	0.07282548602727658	0.024393621541559697	0.005168471805387902	0.06617746772117218	0.001207354526928075	0.006341806330466032	0.02153091139998287	0.0022737113921779835	0.00977941342937304	0.007673104095903867	0.0034264836185250802	0.0022918608857239635	0.008322248706246616	0.0233966303176229
C[T>G]A	1.1760093700568906e-05	0.0022406105872942133	0.0021995723120635377	0.004345701785990968	0.005890281549072824	0.00012712330724934178	0.002074015996908276	0.0005215050762890327	0.0007637976657674699	0.006143780716927722	0.0015959016611639862	0.0008777596140278192	0.0010839664172526682	0.01412235390394926	0.0028747947907540945
C[T>G]C	0.005230388675649364	0.02844898733496666	0.004192130227806046	0.002350992597221807	0.019702105691932956	0.0	0.00019658415502734928	0.005710729220882058	0.0011534611397073604	0.00024022994143843194	0.0015626572391291183	0.00634269382013008	0.0012428927812507032	0.005256716381874867	0.007563415734563023
C[T>G]G	0.0023965162411914206	0.011493245679885149	0.0037394318827427926	0.011578065836802124	0.01427474706643261	0.0	0.0013262637093297265	0.005946794680319727	0.0005394941861052385	0.008009487248957158	0.002121960078351618	0.0075641088988631965	0.0024858654629206283	0.005383425117470324	0.004610582612105645
C[T>G]T	0.29419104823470116	0.49068504220247267	6.725375125716739e-06	0.0011093754558565072	0.053205379143311846	0.004224627041106405	0.008409405251745068	0.00029585432137606423	0.0009959099817613533	0.013210708407811548	0.009132045808997482	0.026218561445545213	0.0012922910856399388	0.02771377559074439	0.010151880191704332
G[C>A]A	0.002520458496941501	0.0004775475542865207	0.005821439140476286	0.0042390818151562554	0.0008077756074403538	0.006699337708065287	0.00648551543958858	0.0010282509042954262	0.14846206325292588	0.0007388670131995782	0.011851958452845372	0.013870087184513977	0.0031534514306112396	0.009076300073579898	0.012294905982661603
G[C>A]C	0.0010492828464637113	0.00013653589604953488	0.005317449145950377	0.003411618117186873	0.00026102306478981244	0.0024100472412537785	0.004718397579999874	0.002942076785955578	0.02277124274894595	0.002529016351086946	0.004488376550070458	0.011101683710003273	0.002003231428111395	0.002277830161508117	0.046422996789217
G[C>A]G	0.00025882598385214804	5.02805394151386e-05	0.003674806931987405	0.001888697120564757	7.70608609831864e-06	0.001902215419569984	0.0031651519990991803	6.281087697110366e-05	0.007210656387731433	0.00033471893886542493	0.0007496362098350075	0.002245511544926558	0.0004456363780706265	6.162753379102138e-06	0.0009026589402710674
G[C>A]T	0.0009395078698370955	0.0004948949478934352	0.0006974565301366237	0.009260333352256567	0.0008333351112977561	8.963816013823425e-05	0.0016862637728930383	0.012522205588407815	0.0803928274512291	0.004818284633921481	0.011127826410811394	0.023981615439988672	0.0016991230201494636	0.006355900803525456	0.006606433574740082
G[C>G]A	0.00028834440724888956	8.348487405436245e-05	0.0040599004654213785	0.011556693144142628	0.0006136245411471464	0.0007474676888086833	0.0016107260055581104	0.0002624683580238525	0.0013682589022209867	0.000652090499376967	0.0016876176101213787	0.0008754512027150011	0.002115037166513503	0.004762991598807275	0.0026894300838466736
G[C>G]C	4.522589796243065e-06	0.0007734132187906653	0.004948003643658012	0.005941046578576788	0.0005371947018625994	0.0006129802513236966	0.001826468846233418	0.0013876478315796702	0.0006425850691466621	0.00010919527766242779	0.0003005556139378296	0.003217070377257187	0.0026990837084595112	0.009949136219918728	0.01661689436994493
G[C>G]G	4.61199373285126e-06	0.00014456716868153308	0.0032890870608389376	0.002185362740419805	1.221456873628015e-06	0.00019257518903032178	0.0009335241299122572	9.856108325678875e-06	0.00013560184999095805	4.0801039471963964e-05	1.9315164134174805e-05	0.00024239319723793674	0.0007281820717034861	8.359268341652279e-05	0.000363940396051486
G[C>G]T	0.0001580114333164673	0.0009184886554721743	0.0035497535774484277	0.01551284309849143	0.0004445766090024756	0.000785461609455524	0.0026604041859609553	0.000979303992469795	0.0009304990664240904	0.0011031304831985616	0.000423373714272005	0.00088014854731869	0.004194166214903817	0.00972535240650177	0.005466830914840102
G[C>T]A	0.00037709919869420577	0.00023101762948211663	0.01038085481338203	0.010530129008115181	0.0020037848657917094	0.017105086483061315	0.0346099027954042	0.0501708025559783	0.001990245578155737	0.00019113964705913238	0.011878348856150026	0.029763018809258936	0.004101994423661381	0.0027968520907166415	0.018299131698906422
G[C>T]C	6.894352680958714e-05	0.0005342212715381471	0.010605687483446672	0.0030927484263955593	3.0705910357922236e-05	0.012221223584376276	0.025921806594356896	0.05692458404973149	2.1141209287674586e-05	0.0037221517510881577	0.007979403475519873	0.0724756979495287	0.0028157908329946874	0.0018381291794608364	0.0023276354745904284
G[C>T]G	0.00029221628778468615	0.0004617527414422478	0.0074582456035994435	0.0001490450214797842	0.0014013808256833763	0.1813532138168812	0.011554664853175401	0.047696970829740164	0.010159265413052902	0.029898329051355945	0.00883667049694351	0.16896984975039958	0.007097752756265443	0.004775833714625454	0.0013234877665480721
G[C>T]T	0.000871707733364019	0.001075975978247063	0.016651934010908007	0.011593141307123005	0.00011757872530589493	0.0114414890576154	0.027344794180244207	0.03314356468245387	0.0021386977926595137	0.010963989792391658	0.011435181778389961	0.04325855679064989	0.003372463953385053	0.0019890261890301293	0.004627247881609947
G[T>A]A	0.0006037102654809132	0.00012956496299742262	0.002069396960316226	0.007519960993900895	0.00011462120794706468	1.0504332167329266e-05	2.385706646660966e-05	0.0005893366925616865	4.134117296790813e-05	0.007955613177618942	0.006874890397595664	0.0008490919673402282	0.00011581366878927275	0.004521233479958028	0.004771314190817066
G[T>A]C	0.002837043252075091	0.001856777648674324	0.0029971768378745764	0.004086220261640847	0.0027827995747793464	0.00021641304078339103	0.0013916436574654655	0.002473557544639334	0.0006375371580434148	0.0036582866108510644	0.003325171833857894	0.006480978751089424	0.0009496687759711027	0.001164057351641686	0.015208413479849697
G[T>A]G	0.0015877132802852429	0.000234026119386291	0.002506406034342945	0.009759894337505102	0.0017561416208045557	0.0005101036415066293	0.0007088999383287213	0.0011201216492336243	0.0006604455289863176	0.004482553393347189	0.005255214325617999	0.0020685907917795702	0.00029398484694282345	0.0030264886359218507	0.0031774687916622498
G[T>A]T	0.011462558632716537	0.003532073096081149	0.0018698956645675936	0.01793830806389451	0.004855946247698739	0.0005674164068805189	0.001001511112544573	0.003396642886567861	0.0015978318942361511	0.005493557743204507	0.009598466707160696	0.0011155162337243853	8.459003846714741e-05	0.0041110688681195605	0.006225100565468892
G[T>C]A	0.00032694352581379995	0.0002043664025038354	0.02488540537469089	0.0018696098581267341	0.006523070840165019	0.0006090262042298944	0.0007197155386986516	0.031088968720287085	0.00027895186985714816	0.023880911604966967	0.003432889273888214	0.040636270917952064	0.0025764557886813386	0.010128219830803573	0.0010416108693051783
G[T>C]C	0.008322407353203744	0.003021269918419421	0.014527624022215605	0.001912357369626139	0.015711633618921042	0.00010916453049378695	0.0011810749713389395	0.0093285246710293	0.00155420480158782	0.00961190462252125	0.000518682167872357	0.03835072474554181	0.0031529219232324978	0.0036682227213494967	0.008280505276285112
G[T>C]G	0.00505130729440134	0.0015724143190891482	0.033682851895689966	0.00012666252778057964	0.016388300228863954	3.529952700473335e-05	0.00016129459739536202	0.028016359265893697	8.378911559051697e-06	0.010928623846158864	0.0009563308722559996	0.027037601556628942	0.0028408715950874503	0.00031059387607978376	0.00010376303443760189
G[T>C]T	0.019432295648381115	0.00405810068346567	0.026777452427893877	0.007939367447048425	0.01243397784861736	0.00014287949223077036	0.0018930372718481783	0.01381799204647541	0.00237249390524812	0.020929928157478572	0.006637677267368417	0.02671202491596341	0.0029774199711932532	0.008780156643129885	0.003417052958621684
G[T>G]A	0.0002512447292326682	0.00039532629648077487	0.003876335024368018	0.005085722777526826	0.0018044960278784856	0.0001376010394969143	0.0003286290643747473	3.45481515783531e-05	0.0003881415693304833	0.0008208145798097122	0.002509572403214406	0.0009328022887639235	5.8102182984390444e-05	0.006539558740332723	0.001256880626489874
G[T>G]C	0.001560010365676135	0.00657894370239228	0.004308055252302438	0.0015906756721991541	0.005589369348308537	1.070580880278012e-05	0.000316050809263585	0.00037930767212674256	9.363659809189561e-05	5.047710609157554e-05	9.542202547371947e-05	0.004934627464856021	0.0005045070167829445	0.002976301084738225	0.0042120022247545425
G[T>G]G	0.0008286183257878293	0.002648130929097533	0.004192218732088805	0.011115988746285438	0.00491015926678665	2.619247384893772e-05	0.0015003105043689148	0.0010240885149687528	0.0006359122325266071	0.001843415041088329	0.0029554007020778953	0.004683952607912943	0.000960293729837872	0.003937183972680941	0.002980956452782266
G[T>G]T	0.06318870331346989	0.09718386681377887	0.004176543816694009	0.005645717548749824	0.049919866152107716	0.0007483427616668361	0.0015045200995572733	0.005052272930275649	0.0017322062225889033	0.0014422055861823943	0.001095051441245127	0.03168468759022653	0.0009863693280990143	0.0047360716514309046	0.0019177417766045306
T[C>A]A	0.0010851323763604959	0.0007355918901499841	0.0012481922951578035	0.011890449375845493	0.0012266212536777492	0.0033733863426435866	0.009056978414979162	0.0007285983172418073	0.11247453762590885	0.024465345527976752	0.013815434886142612	0.003294320232116423	0.024528199680149555	0.023147472554817795	0.009289304490260532
T[C>A]C	0.0014058409706029806	0.00027511882105815666	0.0006818180071595411	0.01438281037658453	0.0007155748012963447	0.00516856385814026	0.006583749786484986	0.0024422801733016966	0.0581542002633214	0.009553709907922894	0.0076423072055306985	0.0069926822241395716	0.012368763286620378	0.007447188736870885	0.03175763094425201
T[C>A]G	9.478382602658599e-05	8.078540341900127e-05	0.0025630878421943636	0.0016474172234055078	0.00018115745658601893	0.001129208148282487	0.0021526982311625034	1.806577968168914e-05	0.013678050067275762	0.0030170908848522232	0.00039177390874001503	0.0004902749934152879	0.002216798121808097	0.0008100855509119337	0.0003241113913108018
T[C>A]T	0.00040979089239865795	0.004937908288324252	0.0020216147369658496	0.00909947531450359	0.0027315698970257515	0.0037826335175032383	0.014958198967198187	0.012873379047960043	0.18540451174974443	0.06322191528230905	0.010490117522630096	0.008317036970176214	0.02143235062249005	0.01462942863007833	0.028520407719537615
T[C>G]A	9.119333620707385e-05	0.0009680453776454465	0.00032953478847520367	0.021925169295343182	0.00020357461335737247	0.00014459316323267492	0.0006205206658694176	0.0002807326632263327	0.00028057926931830213	0.0025871564052684978	0.009322097201755884	0.0003367590169454846	0.13730630096793175	0.0195951631243723	0.0011089569457713735
T[C>G]C	0.00012149162257243174	0.000779100633006157	0.0009235949297966371	0.02303243145160377	0.0008428162541968265	2.209720652742312e-05	0.00462093313926016	8.698743426488777e-05	0.0008669778600938046	0.003559546542121144	0.0008733032508630896	0.0010367395284085284	0.033940795972943305	0.010933552260976285	0.002090575701151362
T[C>G]G	0.000122556786340283	5.090050357646841e-05	0.003018941439688206	0.0031692235445370896	5.507617956050335e-05	3.1571716360205584e-05	0.0002725004182680161	2.420223845547298e-07	2.3563944352476952e-05	7.425576995509442e-06	0.00030574504558881913	5.942636723603116e-05	0.00825481388811022	0.0010262901516689454	0.00023215048846277989
T[C>G]T	0.00020820044118018358	0.0029724289419827982	0.0006138902798849559	0.0396007737419568	0.0005090389194357132	0.0015936501072847022	0.00643242584157094	0.0008766373174610189	0.0008122395318604007	0.009414557905402035	0.010481651726747395	0.0010040036309017376	0.16876254758238793	0.05202595273219049	0.0061050600003218275
T[C>T]A	0.0002778601276160527	0.00023009739472458601	0.004876140811970821	0.0008088565880998116	0.0025983142915609225	0.0025716964869936174	0.05732763039792114	0.007082925216047446	0.0008525767567845291	0.003423089190273651	0.1896210689097643	0.0019341384312789476	0.1947165140953148	0.0011144782591421354	0.00038181914398507905
T[C>T]C	7.262969261740975e-05	0.0017031572820941675	0.0016827874060264267	0.014116390766110272	0.0046754069924063515	0.006003406566102058	0.07512255823984743	0.007304791927454062	0.0011492504866366866	0.016102049411274494	0.0640602574273944	0.01624504302069545	0.0461331630810801	0.005760757592795031	0.005623351729005779
T[C>T]G	0.0007947493971697553	0.0016842998103046773	0.02634437096118927	0.0008368397531960423	7.57144048080836e-05	0.10212011188268662	0.007523416463441515	0.002969306564399547	0.00829582987120375	0.019697607599198818	0.02436323544289917	0.02054798067640513	0.027707153261406346	0.0012935329778717723	0.00729077709240164
T[C>T]T	0.0005688599687040263	0.0009799587208788813	0.006114058545790613	0.00654355413602003	0.00526011350430781	0.008080669725313783	0.07442049200832844	0.005086750502598122	0.000744910250245355	0.02265514944680035	0.128926958553493	0.007760547276711675	0.10920472923505606	0.0046202744049889865	0.009925010542850941
T[T>A]A	0.002300659659679803	0.003589467018044786	0.0011834129435112648	0.0052029055322493824	0.0004876462552258485	0.012995917282998561	0.02254084773956665	0.008476364481422933	0.008223374751163647	0.08319931270554662	0.007753430293277615	0.02720386798178447	0.00591376947108785	0.02969910524226725	0.01275329504421292
T[T>A]C	0.0029126134435646235	0.000877143252582755	0.00040877514122906545	0.012247291320934892	0.004855260603129864	4.600432908991287e-05	0.002424940797733143	0.001132329347281484	0.000710098418439884	0.0054912201463594105	0.008572390635032207	0.0028158672999124973	0.0004900937148311061	0.008238775129895657	0.013396538779139518
T[T>A]G	0.0012289232462314485	6.72249940715903e-05	0.0023382667878177016	0.008451414000242949	0.002028412128915079	3.068840802521636e-05	0.0016884876457916107	0.0007205788687111424	0.0004237024537649476	0.006016514955786988	0.0057157690718304364	0.0010837919048920786	0.0008284674321932027	0.009502237236127257	0.003970173670910299
T[T>A]T	0.016095658782869577	0.0029947168376881113	1.195490624542117e-05	0.023242202995344997	0.01685918965190649	0.012243417318910361	0.002496276154391309	0.021025725990533827	0.0018117825731352327	0.026382140895351767	0.018926953276619314	0.0057887651908822765	0.00035364903523937553	0.031227690182626246	0.007829987840115099
T[T>C]A	0.006247173018287868	0.0004064374397997071	0.029474788919091225	0.0017397907174254335	0.00542241992574418	0.0021991274591564433	0.0005049097629250393	0.021968083199113607	0.0026755600549513473	0.016661516536288445	0.011292076644836925	0.007541781005144002	0.0012580121485237785	0.07174238813668489	0.004265091253179376
T[T>C]C	0.00511457832634974	0.0026033747988396952	0.016975917598232627	0.004743625010363758	0.028239327851682903	0.004963692725636065	0.003975444981506722	0.021255419477820395	0.0008549150555104785	0.02059139765310101	0.0011229916787672527	0.028039850942790507	0.004445172559120692	0.017836336193606257	0.002608179143029675
T[T>C]G	0.0038806920756047445	0.0002669234588098675	0.030732929486781357	0.0005120873096701479	0.01791213777847588	0.0020691728985839293	0.000571692733011285	0.02141749505698681	0.000771809585327049	0.009528375365713146	0.0019308979791959806	0.003417144366550836	0.002123689178173663	0.014387525129131972	0.00039186467774384955
T[T>C]T	0.021759780696593223	0.003286356288180648	0.028771700493991376	0.008199513885192572	0.033283352913334965	0.008704222871921956	0.005524629158942029	0.036468317724764346	0.00023439412544162903	0.024702294336631896	0.0021938008671451258	0.012847566749042926	0.0053932261461159215	0.01941699714027345	0.00031628751905693524
T[T>G]A	0.0004921863575121627	0.0032365126649383457	0.0067845725457882505	0.005278136052011239	0.003968504572403617	0.0005625821962747879	0.0026217439193413003	6.0231681234603775e-05	0.0008482210013543211	0.0022835193005696173	0.003300267272378935	0.001311542512287623	0.001906591045059031	0.05554755238443613	0.0006973492474288172
T[T>G]C	0.0006601655513671893	0.00642064237780869	0.006654530990868807	0.0055284470347687605	0.01658753507724032	0.000769231541940826	0.0013970818202065807	0.0001725345384986216	0.00014171907476486263	0.0001732874385428763	0.0025286714734393174	0.0016365197664356135	0.000591980861973797	0.012597624653950333	0.0017995509496558952
T[T>G]G	0.0013053960929180488	0.0025842505181208255	0.005944909254088998	0.011447594948112965	0.009734558876603842	0.003937639338895679	0.002026858193715676	0.0056974616786465045	0.0011607657941640355	0.005984590435866266	0.0033306891676082627	0.0032392877851380036	0.0016405832659425101	0.016272060096263887	0.002599261041614227
T[T>G]T	0.055448895625770094	0.08556584876775741	0.0036697048143021524	0.007866015421928094	0.19324393314123153	0.01819106956012547	0.008511719913831635	0.0103989173816517	0.00039849847520710604	0.023958460689522326	0.007280846677344432	0.01043249102282287	0.0012897429124301048	0.035026747975498436	0.0010382237651423475
