Samples	SBS96A	SBS96B	SBS96C	SBS96D	SBS96E	SBS96F	SBS96G	SBS96H	SBS96I
LP2000104-DNA_A01_vs_LP2000101-DNA_A01__pv	997	11461	18415	3569	1377	1228	864	4579	1959
LP2000105-DNA_A01_vs_LP2000102-DNA_A01__pv	1473	5495	4080	5046	1348	5905	709	2235	2221
LP2000106-DNA_A01_vs_LP2000102-DNA_A01__pv	856	3155	3390	1767	1226	4479	0	1583	3031
LP2000107-DNA_A01_vs_LP2000102-DNA_A01__pv	1244	4450	3823	3149	1110	4745	369	2011	1266
LP2000108-DNA_A01_vs_LP2000103-DNA_A01__pv	1254	303	212	1938	871	1230	473	324	1526
LP2000109-DNA_A01_vs_LP2000103-DNA_A01__pv	1179	284	210	1556	775	1140	396	284	1375
LP2000110-DNA_A01_vs_LP2000101-DNA_A01__pv	1225	9817	14318	806	1301	1356	411	2857	380
LP2000111-DNA_A01_vs_LP2000102-DNA_A01__pv	222	791	819	664	211	973	0	318	604
LP2000112-DNA_A01_vs_LP2000102-DNA_A01__pv	493	1714	1536	1166	480	2140	105	731	1209
LP2000113-DNA_A01_vs_LP2000103-DNA_A01__pv	1230	284	239	1680	773	1221	392	293	1520
LP2000114-DNA_A01_vs_LP2000103-DNA_A01__pv	737	274	303	1498	980	1172	446	163	2587
LP2000325-DNA_A01_vs_LP2000317-DNA_A01__pv	1987	6000	4078	3783	2620	2960	1285	2185	767
LP2000327-DNA_A01_vs_LP2000319-DNA_A01__pv	816	5745	3806	1772	919	1048	615	3200	669
LP2000328-DNA_A01_vs_LP2000320-DNA_A01__pv	3143	1843	1733	1500	2475	1109	1201	1544	1686
LP2000329-DNA_A01_vs_LP2000321-DNA_A01__pv	2186	3981	5315	1997	3706	2465	547	877	2798
LP2000330-DNA_A01_vs_LP2000316-DNA_A01__pv	2067	1096	2230	3636	1313	2691	938	1269	819
LP2000331-DNA_A01_vs_LP2000322-DNA_A01__pv	2263	1548	892	1077	2984	1982	290	513	950
LP2000332-DNA_A01_vs_LP2000323-DNA_A01__pv	2226	7433	7082	2244	4244	4177	933	2186	793
LP2000333-DNA_A01_vs_LP2000324-DNA_A01__pv	1225	3035	1888	1433	1403	1900	501	567	887
LP2000334-DNA_A01_vs_LP2000324-DNA_A01__pv	1057	798	2807	903	1486	1796	78	864	285
LP2000335-DNA_A01_vs_LP2000317-DNA_A01__pv	1976	3898	3022	2222	1540	1598	572	1199	305
LP2000336-DNA_A01_vs_LP2000316-DNA_A01__pv	1120	373	603	708	1541	998	223	201	236
LP2000346-DNA_A01_vs_SM-4JPUU__pv	3989	1036	763	1503	2440	5257	651	359	2068
LP2000350-DNA_A01_vs_SM-4JPUU__pv	3611	815	629	681	3056	3859	314	255	1777
LP2000352-DNA_A01_vs_LP2000359-DNA_A01__pv	863	2973	4391	2926	1522	1983	383	4516	174
LP2000353-DNA_A01_vs_LP2000359-DNA_A01__pv	0	12642	8651	3288	1190	1977	477	14191	0
LP2000355-DNA_A01_vs_LP2000359-DNA_A01__pv	868	3273	4365	3258	1516	2032	524	4810	282
LP2000356-DNA_A01_vs_LP2000359-DNA_A01__pv	1013	3163	5601	3990	1526	2187	626	4907	262
LP2000357-DNA_A01_vs_LP2000359-DNA_A01__pv	585	3300	4236	2983	1664	1952	550	5216	182
LP2000366-DNA_A01_vs_SM-4JPUU__pv	3665	1170	1378	1440	2470	4892	648	137	1994
LP2000367-DNA_A01_vs_SM-4JPUU__pv	3770	1101	712	1584	2544	5142	719	266	2118
LP2000368-DNA_A01_vs_SM-4JPUU__pv	3402	1074	688	1503	2153	4645	569	270	1882
LP2000369-DNA_A01_vs_SM-4JPUU__pv	3306	916	638	1243	2113	4423	414	235	1776
LP2000370-DNA_A01_vs_SM-4JPUU__pv	4088	1153	735	1707	2687	5499	728	311	2204
LP2000371-DNA_A01_vs_SM-4JPUU__pv	3733	902	574	642	3043	3876	238	250	1776
LP2000372-DNA_A01_vs_LP2000359-DNA_A01__pv	999	3050	5296	4398	1480	2490	532	5257	396
LP2000373-DNA_A01_vs_LP2000359-DNA_A01__pv	443	2737	3299	1987	1611	1424	500	4019	89
LP2101132-DNA_A01_vs_LP2101131-DNA_A01__pv	2133	3692	8772	2817	2554	4166	556	3020	595
LP2101136-DNA_A01_vs_LP2101133-DNA_A01__pv	2736	456	803	8069	2829	2674	1055	580	2503
LP2101137-DNA_A01_vs_LP2101134-DNA_A01__pv	975	700	397	925	1161	501	195	77	280
LP2101140-DNA_A01_vs_LP2101155-DNA_A01__pv	4215	2445	3176	8890	4554	10926	1302	965	1637
LP2101141-DNA_A01_vs_LP2101139-DNA_A01__pv	2944	836	161	3219	1430	1151	952	807	2338
LP2101142-DNA_A01_vs_LP2101143-DNA_A01__pv	511	0	1029	1252	20340	1594	20118	2979	0
LP2101144-DNA_A01_vs_LP2101145-DNA_A01__pv	1671	371	541	2706	1375	1574	1131	345	797
LP2101146-DNA_A01_vs_LP2101147-DNA_A01__pv	4267	834	484	1522	2025	4032	1862	559	1113
LP2101148-DNA_A01_vs_LP2101149-DNA_A01__pv	2705	139	693	7786	786	1355	1066	695	1798
LP2101151-DNA_A01_vs_LP2101152-DNA_A01__pv	1992	2327	2136	5641	1448	4738	1822	869	2586
LP2101153-DNA_A01_vs_LP2101154-DNA_A01__pv	4706	12482	15336	9574	4318	2706	3452	6543	1763
LP2101156-DNA_A01_vs_LP2101157-DNA_A01__pv	960	739	467	1536	18747	2178	48434	3329	301
LP2101158-DNA_A01_vs_LP2101159-DNA_A01__pv	2284	6976	7833	3622	7787	7200	1424	3190	1225
LP2101160-DNA_A01_vs_LP2101161-DNA_A01__pv	2989	1008	3559	1927	2537	1926	822	1424	1568
LP2101162-DNA_B01_vs_LP2101163-DNA_B01__pv	595	299	175	219	345	626	51	52	182
LP2101164-DNA_A01_vs_LP2101165-DNA_A01__pv	1723	262	277	2226	1713	3018	424	266	716
LP2101166-DNA_A01_vs_LP2101167-DNA_A01__pv	1552	771	1410	1710	1925	3868	939	948	1090
LP2101168-DNA_A01_vs_LP2101169-DNA_A01__pv	1528	277	170	3646	2024	966	580	236	1147
LP2101170-DNA_A01_vs_LP2101511-DNA_A01__pv	1299	357	145	2117	376	1005	558	242	407
LP2101512-DNA_A01_vs_LP2101513-DNA_A01__pv	1791	7948	6285	3381	1930	2445	1152	1752	861
LP6005334-DNA_A02_vs_LP6005333-DNA_A02__pv	1269	2311	1071	2682	3235	3567	832	814	1042
LP6005334-DNA_A03_vs_LP6005333-DNA_A03__pv	1838	2171	5332	2582	3422	4093	713	1095	1224
LP6005334-DNA_A04_vs_LP6005333-DNA_A04__pv	1137	2293	2095	2696	2107	1771	423	456	1941
LP6005334-DNA_B01_vs_SM-4JPUU__pv	2726	767	461	95	2462	3419	149	310	1512
LP6005334-DNA_B02_vs_LP6005333-DNA_B02__pv	1975	3776	2557	2199	5117	5294	362	1995	877
LP6005334-DNA_C01_vs_LP6005333-DNA_C01__pv	2428	632	390	6385	593	1959	882	418	2173
LP6005334-DNA_C02_vs_LP6005333-DNA_C02__pv	950	241	566	2796	888	1165	518	583	900
LP6005334-DNA_C03_vs_LP6005333-DNA_C03__pv	1657	1354	1072	2812	5087	1898	1247	782	1284
LP6005334-DNA_D01_vs_LP6005333-DNA_D01__pv	149	3	0	203	91	9	7	0	216
LP6005334-DNA_D02_vs_LP6005333-DNA_D02__pv	1001	13194	3547	3722	888	1638	592	2132	3114
LP6005334-DNA_D03_vs_LP6005333-DNA_D03__pv	533	212	210	2401	988	2865	56	19	2798
LP6005334-DNA_E01_vs_LP6005333-DNA_E01__pv	2168	1185	924	4661	3145	3187	1377	174	1750
LP6005334-DNA_E02_vs_LP6005333-DNA_E02__pv	412	1672	824	777	607	363	37	522	419
LP6005334-DNA_E03_vs_LP6005333-DNA_E03__pv	2060	1289	1658	9161	898	1730	1277	1231	2306
LP6005334-DNA_F01_vs_LP6005333-DNA_F01__pv	2998	2204	2103	3818	3563	8241	942	646	1961
LP6005334-DNA_F02_vs_LP6005333-DNA_F02__pv	1688	10432	6156	3465	682	4185	2963	8998	534
LP6005334-DNA_F03_vs_LP6005333-DNA_F03__pv	575	232	215	662	379	444	156	172	60
LP6005334-DNA_G01_vs_LP6005333-DNA_G01__pv	2166	4004	4213	0	4015	5403	869	2686	9373
LP6005334-DNA_G02_vs_LP6005333-DNA_G02__pv	2203	6977	7768	4369	2857	4376	859	3178	1890
LP6005334-DNA_G03_vs_LP6005333-DNA_G03__pv	1415	1183	2899	1386	1376	2077	198	1052	1069
LP6005334-DNA_H01_vs_LP6005333-DNA_H01__pv	4241	2821	6404	1223	2623	4871	918	3929	3307
LP6005334-DNA_H02_vs_LP6005333-DNA_H02__pv	3967	12126	16578	1904	1483	5279	648	7627	1019
LP6005334-DNA_H03_vs_LP6005333-DNA_H03__pv	575	21484	5390	3477	3041	4028	1573	4482	982
LP6005335-DNA_A01_vs_LP6005333-DNA_A03__pv	1440	3301	6224	1325	2295	3307	509	1082	656
LP6005409-DNA_A01_vs_LP6005408-DNA_A01__pv	1620	2	195	180	1235	1536	553	319	2238
LP6005409-DNA_A02_vs_LP6005408-DNA_A02__pv	1666	725	1136	2908	773	2141	453	154	872
LP6005409-DNA_A03_vs_LP6005408-DNA_A03__pv	3843	10459	12794	0	13718	2385	0	6943	0
LP6005409-DNA_A04_vs_LP6005408-DNA_A04__pv	2623	4757	3481	1121	1148	2181	458	1596	2066
LP6005409-DNA_B01_vs_LP6005408-DNA_B01__pv	0	23695	22633	1053	1094	6505	704	14922	14
LP6005409-DNA_B02_vs_LP6005408-DNA_B02__pv	2445	1071	618	2161	3815	3335	226	508	1077
LP6005409-DNA_B04_vs_LP6005408-DNA_B04__pv	0	921	0	5141	1176	0	457	78	3625
LP6005409-DNA_C01_vs_LP6005408-DNA_C01__pv	1193	709	937	987	2722	1108	270	485	1216
LP6005409-DNA_C02_vs_LP6005408-DNA_C02__pv	688	564	969	570	1035	1778	0	239	184
LP6005409-DNA_C04_vs_LP6005408-DNA_C04__pv	1649	236	401	4416	910	1312	685	574	862
LP6005409-DNA_D01_vs_LP6005408-DNA_D01__pv	3291	13887	7835	4483	3138	2373	244	3784	1334
LP6005409-DNA_D02_vs_LP6005408-DNA_D02__pv	4476	9804	6062	5953	4425	2884	604	1735	2655
LP6005409-DNA_D03_vs_LP6005408-DNA_D03__pv	2216	22138	9530	2764	2241	2067	558	5547	1497
LP6005409-DNA_E01_vs_LP6005408-DNA_E01__pv	2201	542	127	2062	2035	1670	215	273	1256
LP6005409-DNA_E02_vs_LP6005408-DNA_E02__pv	1157	871	1061	1332	1926	1662	619	658	972
LP6005409-DNA_E03_vs_LP6005408-DNA_E03__pv	1847	10428	3373	7227	2997	2729	1180	3328	969
LP6005409-DNA_F01_vs_LP6005408-DNA_F01__pv	797	4474	9834	1103	2087	2886	731	2360	0
LP6005409-DNA_F02_vs_LP6005408-DNA_F02__pv	1326	1711	3355	698	2186	3301	409	1057	1664
LP6005409-DNA_F03_vs_LP6005408-DNA_F03__pv	1565	196	138	1074	1268	917	30	0	710
LP6005409-DNA_G02_vs_LP6005408-DNA_G02__pv	1401	4324	6213	2123	950	1265	418	3451	637
LP6005409-DNA_G03_vs_LP6005408-DNA_G03__pv	2132	10171	6719	1737	2362	2109	550	737	748
LP6005409-DNA_H01_vs_LP6005408-DNA_H01__pv	850	209	0	2657	3808	1157	1682	636	586
LP6005409-DNA_H02_vs_LP6005408-DNA_H02__pv	1478	3343	4471	2590	2010	2958	874	1821	578
LP6005409-DNA_H03_vs_LP6005408-DNA_H03__pv	977	3286	2498	1050	654	640	413	2304	202
LP6005496-DNA_A01_vs_LP6005408-DNA_B03__pv	2866	3922	4426	5781	0	2003	20608	5065	1189
LP6005496-DNA_B01_vs_LP6005408-DNA_C03__pv	2309	1997	6064	0	2251	2365	559	2126	2302
LP6005500-DNA_A01_vs_LP6005499-DNA_A01__pv	2054	1106	1223	2712	1864	2403	823	580	1636
LP6005500-DNA_A02_vs_LP6005499-DNA_A02__pv	4217	4300	2073	5487	4641	2788	500	2548	775
LP6005500-DNA_A03_vs_LP6005499-DNA_A03__pv	1966	2355	1785	3110	938	2509	934	1198	1335
LP6005500-DNA_B01_vs_LP6005499-DNA_B01__pv	2295	3233	2727	2679	1923	1761	673	968	1137
LP6005500-DNA_B02_vs_LP6005499-DNA_B02__pv	2175	4393	9100	4876	2696	3400	1590	5328	1541
LP6005500-DNA_B03_vs_LP6005499-DNA_B03__pv	2687	3786	3673	5545	472	1294	934	1348	458
LP6005500-DNA_C01_vs_LP6005499-DNA_C01__pv	1558	1316	1696	1636	1210	3206	448	529	617
LP6005500-DNA_C02_vs_LP6005499-DNA_C02__pv	2284	1761	1906	2173	5578	3051	5234	1152	1081
LP6005500-DNA_C03_vs_LP6005499-DNA_C03__pv	3357	4816	8381	489	2802	1972	209	2633	743
LP6005500-DNA_D01_vs_LP6005499-DNA_D01__pv	1622	1743	2776	1835	1579	2484	650	2133	663
LP6005500-DNA_D02_vs_LP6005499-DNA_D02__pv	1135	3778	5647	1157	3274	7794	889	2280	548
LP6005500-DNA_D03_vs_LP6005499-DNA_D03__pv	3042	3171	2845	1199	1835	2113	850	2386	927
LP6005500-DNA_E02_vs_LP6005499-DNA_E02__pv	1067	15353	12120	2036	1085	1828	608	5908	568
LP6005500-DNA_E03_vs_LP6005499-DNA_E03__pv	0	38561	11920	4301	23	2432	2334	21065	257
LP6005500-DNA_F01_vs_LP6005499-DNA_F01__pv	2154	2825	4601	3055	1029	2742	689	2725	2036
LP6005500-DNA_F02_vs_LP6005499-DNA_F02__pv	5305	1100	3967	3222	5082	4317	110	422	7396
LP6005500-DNA_F03_vs_LP6005499-DNA_F03__pv	1146	2891	173	4401	7197	5017	4287	990	1201
LP6005500-DNA_G01_vs_LP6005499-DNA_G01__pv	3032	22581	13349	60	2313	1617	201	3468	469
LP6005500-DNA_G02_vs_LP6005499-DNA_G02__pv	701	11	2	541	2038	177	0	0	519
LP6005500-DNA_G03_vs_LP6005499-DNA_G03__pv	1767	1776	14171	756	2664	1949	422	1530	256
LP6005500-DNA_H01_vs_LP6005499-DNA_H01__pv	3280	4826	1733	2428	3508	2557	511	828	1975
LP6005500-DNA_H02_vs_LP6005499-DNA_H02__pv	493	4635	1031	3820	3451	663	574	597	2966
LP6005500-DNA_H03_vs_LP6005499-DNA_H03__pv	1115	5729	1769	4498	1705	2039	2644	2255	1349
LP6005501-DNA_A01_vs_LP6005499-DNA_A01__pv	836	124	342	569	670	902	5	101	170
LP6005501-DNA_B01_vs_LP6005499-DNA_B01__pv	2443	2900	2545	2963	1824	1791	721	1016	1129
LP6005501-DNA_C01_vs_LP6005499-DNA_C01__pv	2740	1510	1727	1836	4389	5336	943	1094	742
LP6005501-DNA_D01_vs_LP6005499-DNA_D01__pv	1566	1447	1999	2248	3177	3338	869	1561	1418
LP6005501-DNA_E01_vs_LP6005499-DNA_E01__pv	623	316	583	377	591	424	0	409	223
LP6005501-DNA_F01_vs_LP6005499-DNA_F01__pv	2069	3740	8989	1273	951	2692	492	5159	1741
LP6005690-DNA_A02_vs_LP6005689-DNA_A02__pv	1832	454	486	1561	2108	4561	816	554	693
LP6005690-DNA_B01_vs_LP6005689-DNA_B01__pv	1759	4197	3326	1845	1555	2661	366	932	683
LP6005690-DNA_B03_vs_LP6005777-DNA_A01__pv	695	6190	9185	1789	1740	1950	1280	6487	667
LP6005690-DNA_C02_vs_LP6005689-DNA_C02__pv	2562	168	502	2481	4097	4278	552	46	1142
LP6005690-DNA_C03_vs_LP6005689-DNA_C03__pv	3383	5828	10434	876	2023	5468	1297	3580	1331
LP6005690-DNA_D02_vs_LP6005689-DNA_D02__pv	2014	12317	10188	1779	2155	1886	1231	5962	2012
LP6005690-DNA_D03_vs_LP6005689-DNA_D03__pv	1308	11188	8651	2686	1084	1695	1031	2376	1678
LP6005690-DNA_E01_vs_LP6005689-DNA_E01__pv	2389	5965	6540	2958	2565	7706	1506	2600	1879
LP6005690-DNA_E02_vs_LP6005689-DNA_E02__pv	10	0	2	4	20	0	0	3	5
LP6005690-DNA_E03_vs_LP6005689-DNA_E03__pv	3006	1008	1740	781	2455	3275	258	702	389
LP6005690-DNA_F01_vs_LP6005689-DNA_F01__pv	3603	6796	7328	2856	2680	2944	427	2126	1125
LP6005690-DNA_F02_vs_LP6005689-DNA_F02__pv	1115	7500	17241	30	1240	1785	0	10928	957
LP6005690-DNA_F03_vs_LP6005689-DNA_F03__pv	3412	1279	2172	1163	2625	3098	215	1257	1718
LP6005690-DNA_G02_vs_LP6005689-DNA_G02__pv	3388	4514	8308	637	2149	3602	353	2208	1019
LP6005690-DNA_H02_vs_LP6005689-DNA_H02__pv	1848	16968	25499	19	2670	2599	621	3830	984
LP6005691-DNA_A01_vs_LP6005689-DNA_C01__pv	1514	850	1239	548	2672	3199	174	563	197
LP6005691-DNA_A02_vs_LP6005689-DNA_F03__pv	973	409	719	579	1226	1005	111	255	415
LP6005691-DNA_B01_vs_LP6005689-DNA_E01__pv	2756	6125	7486	2903	2806	7829	764	3093	1490
LP6005691-DNA_C01_vs_LP6005689-DNA_A02__pv	2570	417	287	0	2494	3708	0	109	645
LP6005691-DNA_D01_vs_LP6005689-DNA_B02__pv	0	26454	26356	405	1150	1394	238	14114	0
LP6005691-DNA_E01_vs_LP6005689-DNA_D01__pv	1243	798	1493	1468	845	469	0	816	12
LP6005691-DNA_F01_vs_LP6005689-DNA_F01__pv	1620	6465	7490	1690	1847	1805	130	1415	389
LP6005691-DNA_G01_vs_LP6005689-DNA_G01__pv	89	0	5	42	98	23	0	8	8
LP6005691-DNA_H01_vs_LP6005689-DNA_H01__pv	642	1487	1585	282	563	893	0	705	218
LP6005935-DNA_A01_vs_LP6005979-DNA_A01__pv	5863	8213	11705	1296	4582	6859	1257	5594	1566
LP6005935-DNA_A02_vs_LP6005934-DNA_A02__pv	589	13472	2129	2872	1927	1230	1725	3282	1711
LP6005935-DNA_A03_vs_LP6005934-DNA_A03__pv	1395	264	242	1461	2991	2881	1319	72	522
LP6005935-DNA_B01_vs_LP6005934-DNA_B01__pv	2028	749	582	4539	623	2175	1091	907	750
LP6005935-DNA_B02_vs_LP6005934-DNA_B02__pv	1254	7081	6551	8249	1106	2699	826	3059	1925
LP6005935-DNA_B03_vs_LP6005934-DNA_B03__pv	452	21053	9603	6299	1732	4089	495	3014	2340
LP6005935-DNA_B04_vs_LP6005934-DNA_B04__pv	2369	923	869	1790	4889	4880	374	576	765
LP6005935-DNA_C01_vs_LP6005934-DNA_C01__pv	19365	12408	0	0	7740	6355	128899	1961	6616
LP6005935-DNA_C02_vs_LP6005979-DNA_B01__pv	5328	6222	7653	2718	3522	3635	309	1780	1767
LP6005935-DNA_C03_vs_LP6005934-DNA_C03__pv	1368	378	376	667	1243	1078	72	135	290
LP6005935-DNA_C04_vs_LP6005934-DNA_C04__pv	2082	12210	14818	2397	3427	5132	1796	12436	2630
LP6005935-DNA_D01_vs_LP6005934-DNA_D01__pv	4211	7083	12259	896	3002	6007	266	2997	911
LP6005935-DNA_D02_vs_LP6005934-DNA_D02__pv	2503	4391	9209	2745	767	1851	719	3805	861
LP6005935-DNA_D04_vs_LP6005934-DNA_C03__pv	1075	934	1055	398	1070	2062	363	639	322
LP6005935-DNA_E01_vs_LP6005934-DNA_E01__pv	946	12808	9988	2810	3432	2783	1186	9561	254
LP6005935-DNA_E02_vs_LP6005934-DNA_E02__pv	3471	3387	4878	3677	1827	1978	131	2595	438
LP6005935-DNA_E03_vs_LP6005934-DNA_E03__pv	3797	3205	3485	1215	2562	3094	0	1015	1861
LP6005935-DNA_E04_vs_LP6005934-DNA_E02__pv	1051	1720	2431	755	1226	1541	159	961	22
LP6005935-DNA_F01_vs_LP6005934-DNA_F01__pv	1385	92	172	3603	472	567	502	120	1864
LP6005935-DNA_F02_vs_LP6005934-DNA_F02__pv	0	24241	28742	3639	0	0	3733	42833	0
LP6005935-DNA_F03_vs_LP6005934-DNA_F03__pv	6530	1255	0	0	22449	1383	28699	770	501
LP6005935-DNA_F04_vs_LP6007426-DNA_A01__pv	0	18669	23097	3206	34	1278	838	7270	6684
LP6005935-DNA_G01_vs_LP6005934-DNA_G01__pv	2358	11622	3533	482	3596	1053	930	7803	1295
LP6005935-DNA_G02_vs_LP6005979-DNA_C01__pv	1783	527	837	3629	2719	7940	1319	599	1628
LP6005935-DNA_G03_vs_LP6005934-DNA_G03__pv	1147	406	1042	2361	1013	2307	643	74	1139
LP6005935-DNA_H01_vs_LP6005934-DNA_H01__pv	2087	4416	6716	5274	2737	5537	877	3245	1364
LP6005935-DNA_H02_vs_LP6005934-DNA_H02__pv	1973	3208	2532	6804	2956	2976	1075	887	2109
LP6005935-DNA_H03_vs_LP6005934-DNA_H03__pv	3753	0	1071	2114	17765	2619	35349	2996	0
LP6007358-DNA_A01_vs_LP6007553-DNA_A01__pv	2489	1646	2278	1651	1632	4020	558	889	867
LP6007394-DNA_A01_vs_LP6007393-DNA_A01__pv	1069	2197	2916	1970	2213	1042	3	1794	141
LP6007396-DNA_A01_vs_LP6007395-DNA_A01__pv	3748	2979	3275	2282	3072	2698	185	1048	1319
LP6007398-DNA_A01_vs_LP6007397-DNA_A01__pv	4880	1159	1805	434	2161	1972	358	471	1424
LP6007399-DNA_A01_vs_LP6007397-DNA_A01__pv	4606	1175	1834	477	2128	1926	396	383	1365
LP6007401-DNA_A01_vs_LP6007400-DNA_A01__pv	2817	10260	8258	8513	1871	2494	1615	2266	1243
LP6007402-DNA_A01_vs_LP6007400-DNA_A01__pv	644	5240	4894	944	1178	1392	401	2354	260
LP6007404-DNA_A01_vs_LP6007403-DNA_A01__pv	1969	929	401	2067	2491	3178	676	364	453
LP6007405-DNA_A01_vs_LP6007403-DNA_A01__pv	537	1063	1240	630	709	1063	115	500	22
LP6007407-DNA_A01_vs_LP6007406-DNA_A01__pv	2334	5874	6569	1913	3557	4031	1145	6979	1809
LP6007409-DNA_A01_vs_LP6007408-DNA_A01__pv	1657	832	1352	2983	3726	2110	565	339	523
LP6007410-DNA_A01_vs_LP6007408-DNA_A01__pv	1700	3374	4306	2075	2873	3169	362	1990	293
LP6007414-DNA_A02_vs_LP6007413-DNA_A02__pv	1278	335	262	1922	2222	3015	847	314	803
LP6007416-DNA_A01_vs_LP6007415-DNA_A01__pv	4318	1222	1482	1795	3215	3847	516	625	1710
LP6007418-DNA_A02_vs_LP6007417-DNA_A02__pv	3823	3258	4956	6441	1204	1677	2416	1273	858
LP6007420-DNA_A01_vs_LP6007419-DNA_A01__pv	3134	11513	16922	2140	636	1301	297	5321	4954
LP6007422-DNA_A01_vs_LP6007421-DNA_A01__pv	1986	1155	1113	2376	1951	2127	839	1326	404
LP6007424-DNA_A01_vs_LP6007423-DNA_A01__pv	3071	1669	5547	6372	1312	2184	978	2926	1485
LP6007425-DNA_A01_vs_LP6007423-DNA_A01__pv	2840	1736	5736	6540	1298	2135	1014	2630	1413
LP6007427-DNA_A01_vs_LP6007426-DNA_A01__pv	0	23534	29670	5576	0	1155	862	9128	8718
LP6007428-DNA_A01_vs_LP6007426-DNA_A01__pv	1307	200	224	683	508	325	0	68	40
LP6007430-DNA_A01_vs_LP6007429-DNA_A01__pv	2694	1615	3604	1585	4110	5110	917	641	1006
LP6007432-DNA_A01_vs_LP6007431-DNA_A01__pv	0	15524	16640	4940	497	355	476	6116	1576
LP6007434-DNA_A01_vs_LP6007433-DNA_A01__pv	1901	4839	4592	3813	1735	3425	1132	2839	803
LP6007436-DNA_A01_vs_LP6007435-DNA_A01__pv	370	9837	10789	2054	2580	2485	1016	6730	1454
LP6007438-DNA_A01_vs_LP6007437-DNA_A01__pv	1555	298	61	3319	862	584	666	311	1278
LP6007440-DNA_A01_vs_LP6007439-DNA_A01__pv	977	21102	14056	4493	3132	3911	2428	10570	2526
LP6007442-DNA_A01_vs_LP6007441-DNA_A01__pv	0	68816	4389	16838	2347	9919	3764	13519	635
LP6007504-DNA_A01_vs_LP6007566-DNA_A01__pv	1074	1551	2244	1138	861	1082	188	1026	555
LP6007506-DNA_A01_vs_LP6007505-DNA_A01__pv	2105	1516	1855	1607	2766	3116	321	1024	2019
LP6007508-DNA_A01_vs_LP6007507-DNA_A01__pv	1926	940	1581	2048	1623	1296	361	1180	1262
LP6007512-DNA_A01_vs_LP6007511-DNA_A01__pv	1720	4442	5051	2880	4427	2231	848	2500	1672
LP6007514-DNA_A01_vs_LP6007513-DNA_A01__pv	2128	527	1205	2499	2438	2503	336	388	431
LP6007516-DNA_A01_vs_LP6007515-DNA_A01__pv	2696	1151	1051	5661	2127	2175	854	438	1390
LP6007518-DNA_A01_vs_LP6007517-DNA_A01__pv	4214	10840	10257	5210	434	3323	808	6785	1617
LP6007520-DNA_A01_vs_LP6007519-DNA_A01__pv	1511	481	919	2112	1990	2992	625	306	511
LP6007521-DNA_A01_vs_LP6007519-DNA_A01__pv	871	175	129	786	1072	1040	144	155	199
LP6007523-DNA_A01_vs_LP6007522-DNA_A01__pv	1991	662	400	2331	2725	4481	468	535	658
LP6007529-DNA_A01_vs_LP6007528-DNA_A01__pv	2955	5045	4558	394	2474	4413	311	2926	2841
LP6007531-DNA_A01_vs_LP6007530-DNA_A01__pv	2231	12165	5513	5678	2283	1443	884	3215	1449
LP6007533-DNA_A01_vs_LP6007532-DNA_A01__pv	1160	350	817	1610	1566	1834	497	451	1371
LP6007535-DNA_A01_vs_LP6007534-DNA_A01__pv	1162	172	1262	1049	1030	1144	397	512	1344
LP6007536-DNA_A01_vs_LP6007534-DNA_A01__pv	605	185	822	2056	773	884	461	183	2923
LP6007538-DNA_A01_vs_LP6007537-DNA_A01__pv	1219	4988	9346	1670	1717	2978	952	3028	1215
LP6007540-DNA_A01_vs_LP6007539-DNA_A01__pv	1645	4077	2972	1456	3250	3574	394	717	460
LP6007542-DNA_A01_vs_LP6007541-DNA_A01__pv	1266	2426	3721	9745	3063	3654	1729	1940	3195
LP6007544-DNA_A01_vs_LP6007569-DNA_A01__pv	2971	2648	1522	2111	2980	4736	454	754	936
LP6007546-DNA_A01_vs_LP6007568-DNA_A01__pv	1847	1893	549	179	2847	2116	109	453	1675
LP6007548-DNA_A01_vs_LP6007547-DNA_A01__pv	663	697	952	367	718	1099	351	681	941
LP6007550-DNA_A01_vs_LP6007549-DNA_A01__pv	1518	10482	8011	1574	2599	3126	754	1294	2189
LP6007552-DNA_A01_vs_LP6007551-DNA_A01__pv	2021	3620	2585	3717	1344	2174	561	1289	2945
LP6007567-DNA_A01_vs_LP6007524-DNA_A01__pv	2416	3595	3119	2851	2609	2283	412	0	841
LP6007591_vs_LP6007590__pv	2413	24941	5608	2127	5876	3553	1054	7975	4764
LP6007592_vs_LP6007590__pv	1373	1191	1508	1349	2800	2057	163	382	530
LP6007594_vs_LP6007593__pv	2457	600	464	2958	4217	4082	1555	631	351
LP6007595_vs_LP6007593__pv	1216	1778	2283	1220	1793	2491	580	957	0
LP6007597_vs_LP6007596__pv	931	0	15489	2682	2562	3978	1203	11092	0
LP6007598_vs_LP6007596__pv	539	0	5452	701	1051	1753	408	2280	103
LP6007600_vs_LP6007599__pv	2225	82	168	926	1269	1003	93	0	201
LP6007602_vs_LP6007601__pv	678	39371	12741	5804	348	0	1303	3846	872
LP6008017-DNA_A01_vs_LP6008018-DNA_B01__pv	915	13738	15367	2160	1655	2755	1256	4282	17
LP6008017-DNA_A02_vs_LP6008018-DNA_B01__pv	333	15654	31349	1143	1509	2959	1356	5815	0
LP6008017-DNA_A03_vs_LP6008018-DNA_C01__pv	1730	15395	15810	643	2423	5093	644	8180	362
LP6008017-DNA_A04_vs_LP6008018-DNA_A01__pv	2448	3625	5736	340	3380	3409	1364	2916	6524
LP6008017-DNA_B01_vs_LP6008018-DNA_B01__pv	213	17484	21777	1577	1610	2649	1189	5992	0
LP6008017-DNA_B02_vs_LP6008018-DNA_B01__pv	736	13229	15434	1925	1383	2545	1099	4070	59
LP6008017-DNA_B03_vs_LP6008018-DNA_C01__pv	1867	15616	16118	920	2558	5256	839	8019	389
LP6008017-DNA_B04_vs_LP6008018-DNA_A01__pv	1039	1814	2823	716	1286	1698	484	1307	1060
LP6008017-DNA_C01_vs_LP6008018-DNA_B01__pv	1364	23532	30054	1990	1408	2968	1312	3512	141
LP6008017-DNA_C02_vs_LP6008018-DNA_C01__pv	1830	15031	15579	731	2227	5029	531	7762	261
LP6008017-DNA_C03_vs_LP6008018-DNA_C01__pv	1693	15597	15764	708	2389	5054	682	8269	321
LP6008017-DNA_C04_vs_LP6008018-DNA_C01__pv	60	7	0	3	23	10	17	0	15
LP6008017-DNA_D01_vs_LP6008018-DNA_B01__pv	253	19297	22015	1915	1589	2855	1218	6158	0
LP6008017-DNA_D02_vs_LP6008018-DNA_C01__pv	1878	15320	16014	1634	2355	5359	724	8529	311
LP6008017-DNA_D03_vs_LP6008018-DNA_A01__pv	2173	3686	5349	1893	3355	3251	1001	2311	3245
LP6008017-DNA_E01_vs_LP6008018-DNA_B01__pv	1388	22060	28337	1985	1336	3018	1456	4193	86
LP6008017-DNA_E02_vs_LP6008018-DNA_C01__pv	2062	15260	16056	2069	2183	5755	796	8891	363
LP6008017-DNA_E03_vs_LP6008018-DNA_A01__pv	1862	3532	5188	1512	2782	3196	1017	2406	2443
LP6008017-DNA_F01_vs_LP6008018-DNA_B01__pv	485	15454	16350	2530	1493	3274	1505	5079	0
LP6008017-DNA_F02_vs_LP6008018-DNA_C01__pv	1590	16134	16284	1349	2365	5336	758	9245	296
LP6008017-DNA_F03_vs_LP6008018-DNA_A01__pv	1428	2579	3866	612	1642	2051	491	1756	2556
LP6008017-DNA_G01_vs_LP6008018-DNA_B01__pv	934	15024	18613	2180	1679	2810	1303	4285	44
LP6008017-DNA_G02_vs_LP6008018-DNA_C01__pv	1796	17318	17595	2192	2237	5811	1154	9522	558
LP6008017-DNA_G03_vs_LP6008018-DNA_A01__pv	2057	3453	5490	1852	3004	3646	997	2373	3789
LP6008017-DNA_H01_vs_LP6008018-DNA_B01__pv	876	20585	22158	2017	1429	2990	1261	5475	0
LP6008017-DNA_H02_vs_LP6008018-DNA_C01__pv	1948	15272	16077	1920	2224	5542	751	7786	385
LP6008017-DNA_H03_vs_LP6008018-DNA_A01__pv	2576	3662	7390	30	3387	3384	1426	2933	6551
LP6008031-DNA_A01_vs_LP6008032-DNA_A01__pv	1837	1840	2826	7602	886	2899	2003	1317	4514
LP6008031-DNA_A02_vs_LP6008032-DNA_C02__pv	4543	2588	2713	3064	3883	7722	1267	1173	4473
LP6008031-DNA_A03_vs_LP6008032-DNA_E03__pv	1979	651	1050	671	2386	3323	282	420	1207
LP6008031-DNA_A04_vs_LP6008032-DNA_D03__pv	888	7346	11389	2038	2263	1969	537	3628	1237
LP6008031-DNA_B01_vs_LP6008032-DNA_B01__pv	1611	2859	2041	1228	2035	1225	217	370	943
LP6008031-DNA_B02_vs_LP6008032-DNA_D02__pv	1700	853	882	2032	3045	6956	584	444	801
LP6008031-DNA_B03_vs_LP6008032-DNA_F03__pv	1786	338	168	1454	2813	2547	272	212	1260
LP6008031-DNA_B04_vs_LP6008032-DNA_C02__pv	1252	227	158	602	878	1312	74	219	186
LP6008031-DNA_C01_vs_LP6008032-DNA_C01__pv	2906	7781	3743	3059	5193	4803	1080	1859	2106
LP6008031-DNA_C02_vs_LP6008032-DNA_E02__pv	2304	2574	4256	3395	3813	4180	356	980	366
LP6008031-DNA_C03_vs_LP6008032-DNA_G03__pv	1	0	0	35	113	32	0	0	0
LP6008031-DNA_D01_vs_LP6008032-DNA_D01__pv	2117	1407	3248	2305	942	2501	526	1178	1012
LP6008031-DNA_D02_vs_LP6008032-DNA_F02__pv	770	3837	4816	2265	2250	2575	1170	3083	412
LP6008031-DNA_D03_vs_LP6008032-DNA_H03__pv	3944	566	527	2470	1619	3808	279	503	2091
LP6008031-DNA_E01_vs_LP6008032-DNA_E01__pv	3521	935	7101	7242	9144	4499	31082	2716	0
LP6008031-DNA_E02_vs_LP6008032-DNA_G02__pv	3385	3575	9083	1285	2511	7551	276	2594	1024
LP6008031-DNA_E03_vs_LP6008032-DNA_A04__pv	4428	5988	6167	1587	13324	2851	55468	4711	441
LP6008031-DNA_F01_vs_LP6008032-DNA_F01__pv	1905	2484	2779	1898	2211	3607	523	1482	540
LP6008031-DNA_F02_vs_LP6008032-DNA_H02__pv	803	1664	1849	638	1128	574	4	2427	341
LP6008031-DNA_F03_vs_LP6008032-DNA_H01__pv	4105	9241	8974	5334	4759	3437	1001	2503	1545
LP6008031-DNA_G01_vs_LP6008032-DNA_G01__pv	822	4334	3909	3428	1633	1922	735	2740	798
LP6008031-DNA_G02_vs_LP6008032-DNA_A03__pv	2706	979	1488	3784	1786	2763	999	447	1507
LP6008031-DNA_G03_vs_LP6008032-DNA_A02__pv	2131	1550	7052	14716	350	4932	2146	3360	2203
LP6008031-DNA_H01_vs_LP6008032-DNA_B02__pv	2135	3912	3831	2807	4037	2538	1412	1428	894
LP6008031-DNA_H02_vs_LP6008032-DNA_B03__pv	3766	1541	524	1890	10111	3878	28084	463	576
LP6008031-DNA_H03_vs_LP6008032-DNA_C03__pv	4681	21465	8522	0	12886	999	24558	4360	21
LP6008051-DNA_A01_vs_LP6008050-DNA_C02__pv	1782	0	183	947	1624	1960	0	53	2000
LP6008051-DNA_A02_vs_LP6008050-DNA_E01__pv	2034	1693	2130	1721	1786	1946	711	1162	637
LP6008051-DNA_A03_vs_LP6008050-DNA_G02__pv	1253	30080	3342	7723	983	1921	2402	3727	1751
LP6008051-DNA_B01_vs_LP6008138-DNA_B03__pv	1735	5993	3814	1486	986	1262	859	6136	631
LP6008051-DNA_B02_vs_LP6008050-DNA_F01__pv	1762	3091	3826	1101	4811	5252	435	1695	1894
LP6008051-DNA_B03_vs_LP6008050-DNA_G02__pv	1127	29031	3034	7735	1076	1533	1966	3379	1617
LP6008051-DNA_C01_vs_LP6008050-DNA_E02__pv	1692	4246	4322	2326	3262	2867	924	2953	1139
LP6008051-DNA_C02_vs_LP6008050-DNA_G01__pv	2563	5271	1741	5541	1314	1250	964	510	1082
LP6008051-DNA_C03_vs_LP6008050-DNA_G02__pv	1393	29978	3254	8991	1141	1903	2742	3963	1739
LP6008051-DNA_D01_vs_LP6008050-DNA_F02__pv	2490	3464	4459	4219	4261	5525	1073	1570	800
LP6008051-DNA_D03_vs_LP6008050-DNA_G02__pv	836	29261	2639	6212	1300	2592	1812	3606	1843
LP6008051-DNA_E01_vs_LP6008050-DNA_A01__pv	3463	2355	2768	4678	2158	2197	915	1490	384
LP6008051-DNA_E02_vs_LP6008050-DNA_A02__pv	1929	950	3354	7852	2112	6313	1011	138	0
LP6008051-DNA_E03_vs_LP6008050-DNA_G02__pv	1270	29158	3237	6487	1188	1841	2000	3536	1551
LP6008051-DNA_F01_vs_LP6008050-DNA_B01__pv	3111	2512	4393	2179	3477	3114	334	827	827
LP6008051-DNA_F02_vs_LP6008050-DNA_B02__pv	3098	814	1774	11123	2156	3865	1761	1168	2796
LP6008051-DNA_F03_vs_LP6008050-DNA_G02__pv	1085	28966	3196	6333	1361	1580	1941	3575	1568
LP6008051-DNA_G01_vs_LP6008050-DNA_C01__pv	1167	3018	781	3379	835	972	1231	1282	4123
LP6008051-DNA_G02_vs_LP6008050-DNA_B02__pv	700	79	356	621	1387	1387	166	157	319
LP6008051-DNA_G03_vs_LP6008050-DNA_G02__pv	1253	29274	3344	7553	1036	1948	2659	3766	1649
LP6008051-DNA_H03_vs_LP6008050-DNA_G02__pv	1108	29007	3231	6802	1149	1627	2001	3483	1609
LP6008139-DNA_A01_vs_LP6008140-DNA_A01__pv	1998	8126	5066	4597	1591	3109	1197	2606	516
LP6008139-DNA_A02_vs_LP6008140-DNA_A01__pv	1891	7111	4949	3753	1230	2803	1052	2222	498
LP6008139-DNA_A03_vs_LP2000102-DNA_A01__pv	540	4076	3799	3860	1003	5881	871	1838	4244
LP6008139-DNA_B01_vs_LP6008140-DNA_A01__pv	2426	8170	5412	4633	1615	3379	1153	2005	501
LP6008139-DNA_B02_vs_LP6008140-DNA_A01__pv	1238	5509	4206	2883	901	1809	969	1797	407
LP6008139-DNA_B03_vs_LP6005408-DNA_H03__pv	1627	8391	6039	3726	1729	1621	1757	6436	391
LP6008139-DNA_C01_vs_LP6008140-DNA_A01__pv	1851	6565	4776	3771	1578	2688	951	2238	444
LP6008139-DNA_C02_vs_LP6008140-DNA_A01__pv	2070	12790	3313	4604	1297	2498	1770	2441	498
LP6008139-DNA_C03_vs_LP6005408-DNA_H03__pv	1662	8389	5953	3531	1765	1413	1714	6359	397
LP6008139-DNA_D01_vs_LP6008140-DNA_A01__pv	2304	5727	4840	3615	1754	2769	958	1839	465
LP6008139-DNA_D02_vs_LP6008140-DNA_A01__pv	1759	8026	4513	4161	1360	2618	1495	2369	460
LP6008139-DNA_D03_vs_LP6008140-DNA_A01__pv	625	4861	6340	944	1283	1565	428	2969	241
LP6008139-DNA_E01_vs_LP6008140-DNA_A01__pv	1917	12419	3379	4706	1224	2550	2153	2662	577
LP6008139-DNA_E02_vs_LP6008140-DNA_A01__pv	2059	7833	5375	4306	1594	3137	1396	2319	575
LP6008139-DNA_F01_vs_LP6008140-DNA_A01__pv	2123	8373	5134	4597	1524	2895	1598	2610	550
LP6008139-DNA_F02_vs_LP6008140-DNA_A01__pv	2206	5699	5327	3315	1842	3124	855	2187	473
LP6008139-DNA_G01_vs_LP6008140-DNA_A01__pv	2197	7703	5402	4782	1598	3392	1489	2692	613
LP6008139-DNA_G02_vs_LP6008140-DNA_A01__pv	77	2965	3515	229	269	332	230	1725	0
LP6008139-DNA_H01_vs_LP6008140-DNA_A01__pv	1916	6829	5360	4045	1413	2996	1400	2453	556
LP6008139-DNA_H02_vs_LP2000102-DNA_A01__pv	571	4037	3825	4004	1102	6046	887	1791	4256
LP6008141-DNA_A01_vs_LP6008138-DNA_A01__pv	2409	2054	8042	2022	6355	5100	308	1277	1158
LP6008141-DNA_A02_vs_LP6008138-DNA_A02__pv	3387	14476	53920	4389	1871	6648	248	0	195
LP6008141-DNA_A03_vs_LP6008138-DNA_F01__pv	627	3710	3722	723	903	616	328	1320	217
LP6008141-DNA_B01_vs_LP6008138-DNA_B01__pv	3422	5777	3087	263	2855	2479	138	2657	2275
LP6008141-DNA_B02_vs_LP6008138-DNA_B02__pv	4050	1125	3346	130	2707	4610	166	1467	993
LP6008141-DNA_B03_vs_LP6008138-DNA_H01__pv	1270	2886	2942	1300	2763	2415	194	1032	0
LP6008141-DNA_C01_vs_LP6008138-DNA_C01__pv	1732	2764	3127	985	2626	4291	718	1258	1355
LP6008141-DNA_C02_vs_LP6008138-DNA_C02__pv	3047	23482	14215	3335	3479	4302	1475	4940	189
LP6008141-DNA_C03_vs_LP6008032-DNA_A03__pv	2529	947	1438	3635	1807	2707	1003	449	1494
LP6008141-DNA_D01_vs_LP6008138-DNA_D01__pv	0	3662	1012	12713	1122	2672	1820	207	10349
LP6008141-DNA_D02_vs_LP6008138-DNA_D02__pv	0	36439	6796	10699	346	0	2054	5601	6938
LP6008141-DNA_E01_vs_LP6008138-DNA_E01__pv	1514	3860	2855	6340	2708	2573	1266	1557	1470
LP6008141-DNA_E02_vs_LP6008138-DNA_E02__pv	2422	6236	5170	3278	2182	1913	810	3624	1788
LP6008141-DNA_F01_vs_LP6008138-DNA_F01__pv	2233	2256	2969	3348	764	1270	832	1906	1081
LP6008141-DNA_F02_vs_LP6008138-DNA_F02__pv	1763	23732	13067	3290	984	2807	1128	7709	1051
LP6008141-DNA_G01_vs_LP6008138-DNA_G01__pv	3163	595	752	525	2751	2058	486	317	1518
LP6008141-DNA_G02_vs_LP6008138-DNA_G02__pv	800	8328	7406	1916	2270	3427	896	4479	1135
LP6008141-DNA_H01_vs_LP6008138-DNA_H01__pv	2196	497	793	5010	963	1780	940	915	809
LP6008141-DNA_H02_vs_LP6008138-DNA_H02__pv	2517	889	1906	601	2073	7286	294	558	1423
LP6008143-DNA_A01_vs_LP6008144-DNA_A01__pv	1755	5985	4150	2939	4594	4605	637	5498	57
LP6008143-DNA_A02_vs_LP6008144-DNA_A01__pv	1746	3461	2537	2155	4278	4213	399	2512	182
LP6008143-DNA_B01_vs_LP6008144-DNA_A01__pv	1704	5541	3879	2801	4318	4518	645	5008	53
LP6008143-DNA_B02_vs_LP6008144-DNA_A01__pv	400	1895	1698	771	1120	1461	119	2032	0
LP6008143-DNA_C01_vs_LP6008144-DNA_A01__pv	1429	6651	8051	3457	4586	4745	963	8192	0
LP6008143-DNA_C02_vs_LP6008144-DNA_A01__pv	451	7634	15291	3422	4115	4431	1658	12793	0
LP6008143-DNA_D01_vs_LP6008144-DNA_A01__pv	1111	7431	6632	3285	4349	4653	898	8110	0
LP6008143-DNA_D02_vs_LP6008144-DNA_A01__pv	1429	6200	6631	3276	4379	4699	925	7438	0
LP6008143-DNA_E01_vs_LP6008144-DNA_A01__pv	1309	5892	6387	3124	4341	4531	807	7222	0
LP6008143-DNA_E02_vs_LP6008144-DNA_A01__pv	1252	5968	6441	3226	4156	4518	877	7230	0
LP6008143-DNA_F01_vs_LP6008144-DNA_A01__pv	60	264	152	125	154	237	0	184	0
LP6008143-DNA_F02_vs_LP6008144-DNA_A01__pv	1583	6880	7584	3597	4448	4759	938	8116	0
LP6008143-DNA_G01_vs_LP6008144-DNA_A01__pv	1417	5229	4966	2886	4440	4478	672	5912	15
LP6008143-DNA_G02_vs_LP6008144-DNA_A01__pv	1403	6121	6583	3181	4354	4642	886	7328	0
LP6008143-DNA_H01_vs_LP6008144-DNA_A01__pv	1356	5196	5720	2822	3601	4036	608	6425	0
LP6008143-DNA_H02_vs_LP6008144-DNA_A01__pv	1095	7203	8707	3397	4238	4527	990	8731	0
LP6008202-DNA_A01_vs_LP6008201-DNA_A01__pv	122187	2084	3924	36576	21715	2149	11902	655	1955
LP6008202-DNA_A02_vs_LP6008201-DNA_A02__pv	2129	20227	11950	733	1832	152	632	6843	2347
LP6008202-DNA_A03_vs_LP6008201-DNA_A03__pv	0	126	106	2572	208	910	220	13	1585
LP6008202-DNA_B01_vs_LP6008201-DNA_B01__pv	1350	12072	6778	5351	1413	3832	1442	5230	2593
LP6008202-DNA_B02_vs_LP6008201-DNA_B02__pv	2058	2472	3203	3439	4268	5674	1382	2575	598
LP6008202-DNA_B03_vs_LP6008201-DNA_B03__pv	57	3860	0	261	130	22	0	268	151
LP6008202-DNA_C01_vs_LP6008201-DNA_C01__pv	24287	5867	5189	10385	5702	4024	2768	458	2252
LP6008202-DNA_C02_vs_LP6008201-DNA_C02__pv	1204	754	1206	1105	1482	1946	1034	826	950
LP6008202-DNA_C03_vs_LP6008201-DNA_C03__pv	1589	3289	3635	3074	2503	2624	975	1746	385
LP6008202-DNA_D01_vs_LP6008201-DNA_D01__pv	51752	424	467	15427	9054	736	4631	0	639
LP6008202-DNA_D02_vs_LP6008201-DNA_D02__pv	1830	1254	1079	3680	3308	3577	639	318	1482
LP6008202-DNA_D03_vs_LP6008201-DNA_D03__pv	493	3298	4806	1412	632	1726	746	2856	3503
LP6008202-DNA_E01_vs_LP6008201-DNA_E01__pv	2033	6486	7757	13670	1743	7838	4559	1230	1538
LP6008202-DNA_E02_vs_LP6008201-DNA_E02__pv	4019	1562	2178	1047	2228	2003	388	878	547
LP6008202-DNA_E03_vs_LP6008201-DNA_D01__pv	41654	384	433	13396	6708	1823	3677	441	1160
LP6008202-DNA_F02_vs_LP6008201-DNA_F02__pv	3432	1129	1899	1015	2695	2544	386	1224	934
LP6008202-DNA_G01_vs_LP6008201-DNA_G01__pv	6647	559	438	2177	2428	4973	1986	472	446
LP6008202-DNA_G02_vs_LP6008201-DNA_G02__pv	2113	5651	8227	3619	857	1745	883	3917	1220
LP6008202-DNA_H01_vs_LP6008201-DNA_H01__pv	15910	7165	4186	5407	4429	1802	1707	5499	816
LP6008202-DNA_H02_vs_LP6008201-DNA_H02__pv	2091	2214	4399	2330	1637	1682	968	2287	2009
LP6008208-DNA_A01_vs_LP6008203-DNA_A01__pv	1111	47	0	1262	1464	1256	309	43	481
LP6008208-DNA_A02_vs_LP6005979-DNA_A01__pv	768	16277	20301	2968	2517	2741	1489	9645	1111
LP6008208-DNA_B01_vs_LP6008203-DNA_A01__pv	132	5	10	134	103	72	10	0	92
LP6008208-DNA_B02_vs_LP6005979-DNA_A01__pv	42	2	0	33	4	0	14	0	0
LP6008208-DNA_C01_vs_LP6008203-DNA_A01__pv	1066	26	32	1270	1654	1965	544	43	549
LP6008208-DNA_C02_vs_LP6005979-DNA_A01__pv	3751	5719	4951	1042	3882	4021	1670	1942	2109
LP6008208-DNA_D01_vs_LP6008203-DNA_A01__pv	1087	46	0	1268	1644	1141	435	83	438
LP6008208-DNA_E01_vs_LP6008203-DNA_A01__pv	1078	39	0	1168	1678	1142	443	50	446
LP6008208-DNA_F01_vs_LP6008203-DNA_A01__pv	1061	40	0	1355	1632	1062	461	87	486
LP6008208-DNA_G01_vs_LP6008203-DNA_A01__pv	975	55	5	1163	1436	867	393	67	486
LP6008208-DNA_H01_vs_LP6005979-DNA_A01__pv	3733	5638	4791	881	3794	3978	1667	1843	1938
LP6008221-DNA_A01_vs_LP6008220-DNA_A01__pv	1103	10881	15444	244	1942	1777	513	3742	883
LP6008221-DNA_A02_vs_LP6008220-DNA_A02__pv	2177	548	389	4412	2805	7272	1225	1159	228
LP6008221-DNA_A03_vs_LP6008220-DNA_A03__pv	2267	764	1418	1930	4055	4784	191	208	808
LP6008221-DNA_A04_vs_LP6008050-DNA_H01__pv	2669	3492	3234	8842	1435	2518	1531	1848	664
LP6008221-DNA_B01_vs_LP6008220-DNA_B01__pv	464	107	0	513	347	443	84	76	227
LP6008221-DNA_B02_vs_LP6008220-DNA_B02__pv	1929	3184	936	2845	901	1370	460	1338	1571
LP6008221-DNA_B03_vs_LP6008220-DNA_B03__pv	3818	3468	5707	1349	2620	2660	344	1136	995
LP6008221-DNA_C01_vs_LP6008220-DNA_C01__pv	736	10468	8629	5249	2972	2045	1983	3786	2902
LP6008221-DNA_C02_vs_LP6008220-DNA_C02__pv	1145	128	284	1351	1865	1205	186	8	396
LP6008221-DNA_C03_vs_LP6008220-DNA_C03__pv	1622	1333	1473	2988	1674	2517	472	939	1190
LP6008221-DNA_D01_vs_LP6008220-DNA_D01__pv	6283	5737	5475	3567	4414	4261	403	3805	2647
LP6008221-DNA_D02_vs_LP6008220-DNA_D02__pv	743	4341	5668	2941	1588	2317	710	1177	3260
LP6008221-DNA_D03_vs_LP6008220-DNA_D03__pv	3520	16802	6089	4356	1808	708	1441	3646	1256
LP6008221-DNA_E01_vs_LP6008220-DNA_E01__pv	158	6842	15359	1604	784	1436	1408	12005	0
LP6008221-DNA_E02_vs_LP6008220-DNA_E02__pv	1098	10420	14072	2112	1514	1567	800	5705	468
LP6008221-DNA_E03_vs_LP6008220-DNA_E03__pv	4979	12704	11562	2468	2733	2811	1074	4055	1081
LP6008221-DNA_F01_vs_LP6008220-DNA_F01__pv	2578	1062	2428	3317	938	2062	845	1789	659
LP6008221-DNA_F02_vs_LP6008220-DNA_F02__pv	8615	208	3587	5251	0	822	36612	637	3071
LP6008221-DNA_F03_vs_LP6008220-DNA_F03__pv	2999	8372	7067	4959	2444	3863	3110	5173	394
LP6008221-DNA_G01_vs_LP6008220-DNA_G01__pv	2322	44	103	2635	1040	1037	457	222	1069
LP6008221-DNA_G02_vs_LP6008220-DNA_G02__pv	2003	2277	3157	2288	2260	5736	704	1037	848
LP6008221-DNA_G03_vs_LP6008220-DNA_H02__pv	641	659	462	680	812	665	86	260	335
LP6008221-DNA_H01_vs_LP6008220-DNA_H01__pv	2755	1840	1080	20	3778	1714	386	1234	4465
LP6008221-DNA_H02_vs_LP6008220-DNA_H02__pv	2870	1600	1452	7938	1695	3500	989	493	1553
LP6008221-DNA_H03_vs_LP6008220-DNA_D03__pv	542	1204	1131	559	735	770	66	230	153
LP6008267-DNA_A01_vs_LP6008266-DNA_A01__pv	861	13872	18712	1492	3459	3288	512	9624	307
LP6008267-DNA_A02_vs_LP6008266-DNA_G01__pv	1926	919	954	1884	2326	3215	285	170	473
LP6008267-DNA_B01_vs_LP6008266-DNA_B01__pv	2204	33580	23352	4018	2388	1063	1220	6817	1039
LP6008267-DNA_B02_vs_LP6008266-DNA_H01__pv	1469	5653	7411	6436	2678	3321	1934	3323	1122
LP6008267-DNA_C01_vs_LP6008266-DNA_C01__pv	4348	3342	9865	980	3000	3984	855	2804	1236
LP6008267-DNA_C02_vs_LP6008266-DNA_H01__pv	1411	479	1192	1374	2569	1751	128	32	359
LP6008267-DNA_D01_vs_LP6008201-DNA_F01__pv	1920	935	1511	3012	1024	1580	984	747	1118
LP6008267-DNA_D02_vs_LP6008266-DNA_A02__pv	14532	1527	454	0	1046	4739	2331	1242	5689
LP6008267-DNA_E01_vs_LP6008266-DNA_D01__pv	1222	3020	3860	2640	2578	3452	1338	1750	1015
LP6008267-DNA_E02_vs_LP6008266-DNA_A02__pv	1986	1337	2394	5018	1559	3984	1944	464	1092
LP6008267-DNA_F01_vs_LP6008266-DNA_E01__pv	1916	9859	9939	3828	2025	1948	918	3436	982
LP6008267-DNA_G01_vs_LP6008266-DNA_F01__pv	0	809	951	5561	492	2283	2433	0	7210
LP6008267-DNA_H01_vs_LP6008266-DNA_G01__pv	2033	953	647	2735	3528	3412	1415	778	1505
LP6008269-DNA_A02_vs_LP6008268-DNA_C02__pv	1253	184	161	729	1245	1101	114	46	257
LP6008269-DNA_A03_vs_LP6008268-DNA_C03__pv	0	64137	60102	0	0	0	0	18647	0
LP6008269-DNA_A04_vs_LP6008268-DNA_C04__pv	1233	1040	1188	774	1412	1227	153	157	269
LP6008269-DNA_A05_vs_LP6008268-DNA_C05__pv	2572	1959	2040	176	4405	4344	0	161	1027
LP6008269-DNA_A06_vs_LP6008268-DNA_B06__pv	993	296	120	1841	2021	1638	632	543	706
LP6008269-DNA_A08_vs_LP6008268-DNA_A08__pv	3288	3962	6121	548	2432	3727	527	1721	1149
LP6008269-DNA_A09_vs_LP6008268-DNA_A09__pv	2104	1469	1701	1537	2913	3661	298	638	812
LP6008269-DNA_A10_vs_LP6008268-DNA_A10__pv	2320	1091	1062	3630	3037	3731	490	342	809
LP6008269-DNA_B02_vs_LP6008268-DNA_D02__pv	1453	881	1259	1210	2565	2003	467	435	422
LP6008269-DNA_B03_vs_LP6008268-DNA_D03__pv	1014	807	341	1254	1331	747	50	577	114
LP6008269-DNA_B05_vs_LP6008268-DNA_D05__pv	2401	4143	7959	1633	1809	3542	810	3669	815
LP6008269-DNA_B06_vs_LP6008268-DNA_C06__pv	2636	9228	14669	773	3500	4016	2132	9068	1059
LP6008269-DNA_B07_vs_LP6008268-DNA_B07__pv	2747	91	108	2208	1314	1342	222	0	495
LP6008269-DNA_B08_vs_LP6008268-DNA_B08__pv	1082	2017	4759	1294	1023	1273	366	911	360
LP6008269-DNA_B09_vs_LP6008268-DNA_B09__pv	2464	427	997	1590	3988	3858	68	733	760
LP6008269-DNA_B10_vs_LP6008268-DNA_B10__pv	2124	3147	1850	3940	1858	6616	3906	2395	1680
LP6008269-DNA_C04_vs_LP6008268-DNA_E04__pv	677774	1324	8859	159415	155325	0	72103	1587	807
LP6008269-DNA_C05_vs_LP6008268-DNA_E05__pv	407	8517	9452	2828	2728	2920	1537	1554	605
LP6008269-DNA_C06_vs_LP6008268-DNA_D06__pv	3728	754	1271	7070	1321	3265	696	914	282
LP6008269-DNA_C07_vs_LP6008268-DNA_C07__pv	4151	1093	2100	1132	4109	3770	0	1216	1870
LP6008269-DNA_C08_vs_LP6008268-DNA_C08__pv	2315	9618	5123	3885	2191	5590	1661	4214	864
LP6008269-DNA_C09_vs_LP6008268-DNA_C09__pv	366	10202	7212	2471	782	952	550	4174	933
LP6008269-DNA_C10_vs_LP6008268-DNA_C10__pv	1541	2515	2208	1075	3204	1338	116	306	234
LP6008269-DNA_D02_vs_LP6008268-DNA_F02__pv	3231	2167	1997	2644	2767	2799	1147	746	1688
LP6008269-DNA_D03_vs_LP6008268-DNA_F03__pv	2658	2027	3692	1243	5679	3342	0	717	487
LP6008269-DNA_D04_vs_LP6008268-DNA_F04__pv	843	272	558	505	1550	1242	28	180	200
LP6008269-DNA_D05_vs_LP6008268-DNA_F05__pv	0	3051	0	174	12652	2488	39368	2820	1094
LP6008269-DNA_D06_vs_LP6008268-DNA_E06__pv	1695	1947	1819	2181	2139	2450	642	232	555
LP6008269-DNA_D07_vs_LP6008268-DNA_D07__pv	1585	5895	4562	2188	3066	4572	819	2194	730
LP6008269-DNA_D08_vs_LP6008268-DNA_D08__pv	1692	52008	46360	1822	1331	1829	918	4662	713
LP6008269-DNA_D09_vs_LP6008268-DNA_D09__pv	674951	2349	6789	162439	156161	749	76504	2369	1626
LP6008269-DNA_D10_vs_LP6008268-DNA_D10__pv	2302	4031	2496	5698	2706	4411	2430	1199	1462
LP6008269-DNA_E01_vs_LP6008268-DNA_E01__pv	1677	1063	1847	2012	2013	3748	1353	780	579
LP6008269-DNA_E02_vs_LP6008268-DNA_G02__pv	1189	6364	4858	2047	2308	1693	883	863	2105
LP6008269-DNA_E03_vs_LP6008268-DNA_G03__pv	1522	1562	458	2221	2966	2346	314	136	513
LP6008269-DNA_E04_vs_LP6008268-DNA_G04__pv	1175	13591	16984	1119	2409	4522	750	6541	499
LP6008269-DNA_E06_vs_LP6008268-DNA_F06__pv	2044	230	142	1488	1039	1056	586	341	437
LP6008269-DNA_E07_vs_LP6008268-DNA_E07__pv	10419	1536	7760	5940	20367	6784	45172	3207	0
LP6008269-DNA_E08_vs_LP6008268-DNA_E08__pv	1616	3498	2486	3330	1256	1934	1392	1030	1291
LP6008269-DNA_E09_vs_LP6008268-DNA_E09__pv	1135	204	266	1549	1293	695	389	214	510
LP6008269-DNA_E10_vs_LP6008268-DNA_E10__pv	3348	3961	5926	3875	2115	3703	729	1979	1346
LP6008269-DNA_F01_vs_LP6008268-DNA_H01__pv	916	341	572	592	891	595	92	173	112
LP6008269-DNA_F02_vs_LP6008268-DNA_H02__pv	2457	1617	2742	2752	1496	2472	843	957	1138
LP6008269-DNA_F03_vs_LP6008268-DNA_H03__pv	3585	0	3985	289	2024	4410	1437	870	2295
LP6008269-DNA_F04_vs_LP6008268-DNA_H04__pv	1560	829	898	1205	2608	2972	0	0	928
LP6008269-DNA_F06_vs_LP6008268-DNA_G06__pv	1980	879	1405	2300	2021	2022	290	348	505
LP6008269-DNA_F07_vs_LP6008268-DNA_F07__pv	573	96	89	1171	2049	146	161	10	193
LP6008269-DNA_F08_vs_LP6008268-DNA_F08__pv	1943	2731	9700	3611	1156	2187	569	2785	1246
LP6008269-DNA_F09_vs_LP6008268-DNA_F09__pv	1616	1001	1176	2940	2760	2097	1078	604	754
LP6008269-DNA_G01_vs_LP6008268-DNA_A02__pv	846	7698	2191	1162	708	401	124	1805	70
LP6008269-DNA_G02_vs_LP6008268-DNA_A03__pv	2966	1144	1874	1003	2181	2036	233	768	1160
LP6008269-DNA_G03_vs_LP6008268-DNA_A04__pv	247	17989	11677	1926	2121	2470	908	7490	427
LP6008269-DNA_G04_vs_LP6008268-DNA_A05__pv	1050	744	676	1108	2433	876	487	447	329
LP6008269-DNA_G06_vs_LP6008268-DNA_H06__pv	1165	16894	10293	2956	3964	2113	158	4205	1453
LP6008269-DNA_G07_vs_LP6008268-DNA_G07__pv	980	8355	6697	882	1050	794	572	447	407
LP6008269-DNA_G08_vs_LP6008268-DNA_G08__pv	1751	2825	2632	2856	2157	1866	1002	1676	698
LP6008269-DNA_G09_vs_LP6008268-DNA_G09__pv	41	4	0	6	26	6	18	0	0
LP6008269-DNA_H01_vs_LP6008268-DNA_B02__pv	576	29	74	249	452	100	0	0	24
LP6008269-DNA_H02_vs_LP6008268-DNA_B03__pv	976	11951	11638	1067	2886	1672	681	9660	305
LP6008269-DNA_H03_vs_LP6008268-DNA_B04__pv	731	2424	814	2475	2920	1252	442	181	1273
LP6008269-DNA_H05_vs_LP6008268-DNA_A06__pv	3937	2202	3083	3692	3985	4328	998	2955	2495
LP6008269-DNA_H06_vs_LP6008268-DNA_A07__pv	2464	2552	6201	3231	2106	3023	1523	2103	1243
LP6008269-DNA_H07_vs_LP6008268-DNA_H07__pv	939	10546	2738	1335	1345	1615	697	2065	801
LP6008269-DNA_H08_vs_LP6008268-DNA_H08__pv	613	1511	1172	12036	1379	2588	1601	1984	3593
LP6008269-DNA_H09_vs_LP6008268-DNA_H09__pv	0	19277	5470	2699	392	0	603	27269	900
LP6008280-DNA_A01_vs_LP6008264-DNA_A01__pv	2248	2478	2100	1585	2258	3660	805	882	1092
LP6008280-DNA_A02_vs_LP6008264-DNA_A02__pv	1039	2173	3651	2007	897	1841	565	1902	350
LP6008280-DNA_A03_vs_LP6008264-DNA_A03__pv	3573	885	1147	858	6296	3431	286	497	1298
LP6008280-DNA_A04_vs_LP6008264-DNA_H03__pv	622	5014	1119	5203	591	586	918	1543	1370
LP6008280-DNA_A05_vs_LP6008264-DNA_H04__pv	985	604	1924	807	931	1094	116	101	119
LP6008280-DNA_A07_vs_LP6008264-DNA_H06__pv	871	1207	2324	685	1037	807	424	673	242
LP6008280-DNA_B01_vs_LP6008264-DNA_B01__pv	1354	1679	704	48	9341	5137	29287	1225	1076
LP6008280-DNA_B02_vs_LP6008264-DNA_B02__pv	1528	0	132	828	2690	1499	554	69	346
LP6008280-DNA_B03_vs_LP6008264-DNA_B03__pv	1014	217	506	1427	2441	2182	312	208	3280
LP6008280-DNA_B04_vs_LP6008264-DNA_A04__pv	79	0	19	18	10	1	37	11	0
LP6008280-DNA_B05_vs_LP6008264-DNA_A05__pv	3020	5636	5852	2547	3212	7134	751	2031	491
LP6008280-DNA_C01_vs_LP6008264-DNA_C01__pv	3319	10851	21857	2607	3050	2733	867	2252	1025
LP6008280-DNA_C02_vs_LP6008264-DNA_C02__pv	1845	10083	8626	2891	2137	1146	1036	3126	3105
LP6008280-DNA_C03_vs_LP6008264-DNA_C03__pv	0	1736	2010	4280	2624	8017	616	0	14977
LP6008280-DNA_C04_vs_LP6008264-DNA_B04__pv	119	0	4	4	19	0	56	26	1
LP6008280-DNA_C05_vs_LP6008264-DNA_B05__pv	1744	1107	1409	1691	2652	1528	529	608	334
LP6008280-DNA_C06_vs_LP6008264-DNA_B06__pv	622	4829	3424	762	1142	900	247	2279	47
LP6008280-DNA_D02_vs_LP6008264-DNA_D02__pv	2924	3611	5866	2054	806	1801	1046	3038	1183
LP6008280-DNA_D03_vs_LP6008264-DNA_H01__pv	161	5	0	63	116	12	26	0	1
LP6008280-DNA_D05_vs_LP6008264-DNA_E04__pv	1349	2609	2380	865	1608	857	280	783	464
LP6008280-DNA_E01_vs_LP6008264-DNA_E01__pv	3441	103	11210	1831	2472	3757	495	1937	888
LP6008280-DNA_E02_vs_LP6008264-DNA_E02__pv	2956	11226	7698	2891	2586	2674	778	5131	2140
LP6008280-DNA_E03_vs_LP6008264-DNA_D03__pv	1086	3795	4034	890	853	1147	308	1335	381
LP6008280-DNA_E04_vs_LP6008264-DNA_D04__pv	2093	4038	7734	1369	5597	5824	162	1170	398
LP6008280-DNA_E05_vs_LP6008264-DNA_D05__pv	620	6208	2058	930	842	226	82	1163	112
LP6008280-DNA_F01_vs_LP6008264-DNA_F01__pv	5927	5317	10021	6715	2121	4510	1605	4404	1498
LP6008280-DNA_F02_vs_LP6008264-DNA_F02__pv	2653	3821	3509	3465	4955	3255	1445	988	449
LP6008280-DNA_F03_vs_LP6008264-DNA_E03__pv	1818	24815	16943	1101	1700	1563	825	6728	919
LP6008280-DNA_F05_vs_LP6008264-DNA_E05__pv	1492	2701	1734	975	1521	1831	586	855	499
LP6008280-DNA_F06_vs_LP6008264-DNA_E06__pv	1227	2373	3183	1061	3570	2183	365	1536	58
LP6008280-DNA_G01_vs_LP6008264-DNA_G01__pv	364	603	273	159	70	47	175	85	27
LP6008280-DNA_G02_vs_LP6008264-DNA_G02__pv	1064	256	274	1770	1489	2013	998	466	700
LP6008280-DNA_G03_vs_LP6008264-DNA_F03__pv	2169	554	608	951	2168	2006	667	371	468
LP6008280-DNA_G04_vs_LP6008264-DNA_F04__pv	2344	936	1224	78	1703	1469	431	444	1324
LP6008280-DNA_G05_vs_LP6008264-DNA_F05__pv	1854	2666	2813	1458	3437	2918	498	514	565
LP6008280-DNA_G06_vs_LP6008264-DNA_F06__pv	745	31	70	507	741	520	13	45	118
LP6008280-DNA_H01_vs_LP6008264-DNA_H01__pv	1712	1131	1449	2267	2979	3320	1039	717	575
LP6008280-DNA_H02_vs_LP6008264-DNA_H02__pv	549	10815	9568	7777	1140	2612	2132	5644	2293
LP6008280-DNA_H04_vs_LP6008264-DNA_G04__pv	2307	2921	6062	1271	4065	2694	723	1467	590
LP6008280-DNA_H05_vs_LP6008264-DNA_G05__pv	1358	856	3397	871	1505	1551	469	1070	241
LP6008280-DNA_H06_vs_LP6008264-DNA_G06__pv	1318	9081	9008	1556	1776	4389	392	2946	708
LP6008334-DNA_A01_vs_LP6008335-DNA_A01__pv	0	40481	48700	0	0	0	0	49656	0
LP6008334-DNA_A03_vs_LP6008335-DNA_E02__pv	2329	4892	3636	2311	2756	4584	1807	1142	7395
LP6008334-DNA_A04_vs_LP6008335-DNA_E03__pv	2218	1570	1816	3906	4218	5171	1601	734	837
LP6008334-DNA_B01_vs_LP6008335-DNA_B01__pv	3772	3588	3456	994	2718	3103	162	1780	769
LP6008334-DNA_B02_vs_LP6008335-DNA_F01__pv	2160	2451	3030	2291	1085	3458	398	1369	746
LP6008334-DNA_B03_vs_LP6008335-DNA_F02__pv	5253	36215	22219	4849	34763	7720	89038	14342	0
LP6008334-DNA_C01_vs_LP6008335-DNA_C01__pv	2628	2013	3184	2908	3123	3711	710	640	1062
LP6008334-DNA_C02_vs_LP6008335-DNA_G01__pv	5408	3922	1931	0	2829	7124	126	1060	4977
LP6008334-DNA_C03_vs_LP6008335-DNA_G02__pv	1326	4253	2160	7674	3840	1837	2349	758	1348
LP6008334-DNA_D01_vs_LP6008335-DNA_D01__pv	1655	1554	3340	1647	2008	2524	503	1371	1272
LP6008334-DNA_D02_vs_LP6008335-DNA_H01__pv	1278	8130	3596	7165	1465	3082	2129	4615	1634
LP6008334-DNA_D03_vs_LP6008335-DNA_H02__pv	2292	6983	10673	6995	1808	13954	2275	3585	1346
LP6008334-DNA_E01_vs_LP6008335-DNA_A01__pv	321	2907	2224	1275	734	373	243	237	1194
LP6008334-DNA_E02_vs_LP6008335-DNA_A02__pv	2547	2617	3477	2263	1740	3597	841	1749	806
LP6008334-DNA_E03_vs_LP6008335-DNA_A03__pv	4047	3307	2281	5060	3114	4859	2166	2385	1313
LP6008334-DNA_F01_vs_LP6008335-DNA_B01__pv	1767	528	520	1586	5056	5950	318	70	223
LP6008334-DNA_F02_vs_LP6008335-DNA_B02__pv	1894	3239	5217	695	1590	2741	258	1689	437
LP6008334-DNA_F03_vs_LP6008335-DNA_B03__pv	1461	286	737	2414	3594	2982	429	177	470
LP6008334-DNA_G01_vs_LP6008335-DNA_C01__pv	803	771	1144	640	909	1226	343	354	172
LP6008334-DNA_G02_vs_LP6008335-DNA_C02__pv	1908	2970	2708	2620	1499	2374	641	2469	1041
LP6008334-DNA_G03_vs_LP6008335-DNA_C03__pv	1917	25	7	1282	2101	1525	446	52	1344
LP6008334-DNA_H01_vs_LP6008335-DNA_D01__pv	2244	1030	1675	1625	1712	2669	1023	790	584
LP6008334-DNA_H02_vs_LP6008335-DNA_D02__pv	3609	1517	1431	4961	2846	3128	951	587	807
LP6008334-DNA_H03_vs_LP6008335-DNA_D03__pv	1270	7955	4723	4844	3151	2253	1205	2783	3037
LP6008336-DNA_A01_vs_LP6008333-DNA_A01__pv	1591	64	145	3814	1919	3105	1010	528	535
LP6008336-DNA_A02_vs_LP6008333-DNA_A02__pv	1459	39	14	1183	1792	1061	326	81	501
LP6008336-DNA_A03_vs_LP6008333-DNA_A03__pv	1078	36	79	985	702	1172	105	85	375
LP6008336-DNA_B01_vs_LP6008333-DNA_B01__pv	1670	380	455	1532	1691	1662	198	124	906
LP6008336-DNA_B02_vs_LP6008333-DNA_B02__pv	1377	2407	1402	1170	2606	732	370	235	1013
LP6008336-DNA_B03_vs_LP6008333-DNA_B03__pv	593	17	70	385	561	124	24	14	32
LP6008336-DNA_C01_vs_LP6008333-DNA_C01__pv	1433	369	390	3333	1515	5658	1469	431	1602
LP6008336-DNA_C02_vs_LP6008333-DNA_C02__pv	473	1358	2070	712	740	1356	270	944	108
LP6008336-DNA_C03_vs_LP6008333-DNA_C03__pv	1944	695	506	2275	2028	2488	1047	222	1575
LP6008336-DNA_D01_vs_LP6008333-DNA_D01__pv	6934	0	3429	5693	13953	2053	34300	3166	793
LP6008336-DNA_D02_vs_LP6008333-DNA_D02__pv	106	2	0	31	28	0	4	0	0
LP6008336-DNA_D03_vs_LP6008333-DNA_D03__pv	2888	8656	9849	6407	1813	4527	1262	1084	1570
LP6008336-DNA_E01_vs_LP6008333-DNA_E01__pv	2579	2179	9602	2618	1116	2947	785	3275	1077
LP6008336-DNA_E02_vs_LP6008333-DNA_E02__pv	2241	20137	15139	2422	2691	1841	862	2361	695
LP6008336-DNA_E03_vs_LP6008333-DNA_E03__pv	1230	397	237	1003	998	504	242	329	285
LP6008336-DNA_F02_vs_LP6008333-DNA_F02__pv	1206	734	1255	2651	1016	2134	969	451	2024
LP6008336-DNA_F03_vs_LP6008333-DNA_F03__pv	6061	885	1219	2560	4097	3955	319	461	8182
LP6008336-DNA_G01_vs_LP6008333-DNA_G01__pv	1881	493	1803	2060	2000	2113	252	994	374
LP6008336-DNA_G02_vs_LP6008333-DNA_G02__pv	1211	3345	877	4310	562	696	899	3656	682
LP6008336-DNA_G03_vs_LP6008333-DNA_G03__pv	1639	1400	3286	6076	1607	5629	1363	1021	1299
LP6008336-DNA_H01_vs_LP6008333-DNA_H01__pv	3763	2275	2494	2327	2518	6315	1054	1436	1291
LP6008336-DNA_H02_vs_LP6008333-DNA_H02__pv	49	0	0	4	39	0	28	11	0
LP6008336-DNA_H03_vs_LP6008333-DNA_H03__pv	1372	801	138	921	1893	8550	307	188	750
LP6008337-DNA_A01_vs_LP6008338-DNA_A01__pv	879	804	1211	721	659	805	193	588	286
LP6008337-DNA_A02_vs_LP6008338-DNA_A02__pv	1386	884	1368	1161	1110	1559	552	498	648
LP6008337-DNA_A03_vs_LP6008338-DNA_A03__pv	953	3145	2707	3501	1429	1911	894	1897	1489
LP6008337-DNA_A04_vs_LP6008338-DNA_A04__pv	815	1028	1224	554	828	842	44	374	130
LP6008337-DNA_A06_vs_LP6008338-DNA_G05__pv	2076	2726	3541	2371	2230	4349	1431	2117	1332
LP6008337-DNA_A07_vs_LP6008338-DNA_E06__pv	0	0	0	2648	728	322	324	0	8833
LP6008337-DNA_B02_vs_LP6008338-DNA_B02__pv	1263	378	234	674	1051	741	127	86	258
LP6008337-DNA_B03_vs_LP6008338-DNA_B03__pv	1041	1205	1329	1012	1312	1291	254	642	316
LP6008337-DNA_B04_vs_LP6008338-DNA_B04__pv	695818	1502	8878	165971	160344	0	76707	3580	0
LP6008337-DNA_B05_vs_LP6008338-DNA_A05__pv	1154	2101	2784	955	1143	1177	113	709	239
LP6008337-DNA_B07_vs_LP6008338-DNA_F06__pv	1665	1240	2129	4408	2526	5163	1829	1470	809
LP6008337-DNA_C01_vs_LP6008338-DNA_C01__pv	2246	3695	4441	2195	3210	2447	267	1161	1057
LP6008337-DNA_C02_vs_LP6008338-DNA_C02__pv	839	129	67	1331	2000	2145	434	179	470
LP6008337-DNA_C03_vs_LP6008338-DNA_C03__pv	1507	2539	5015	717	3491	3305	677	1226	769
LP6008337-DNA_C04_vs_LP6008338-DNA_C04__pv	424	5502	1960	1697	1037	794	262	1676	360
LP6008337-DNA_C05_vs_LP6008338-DNA_B05__pv	1288	2391	3102	1502	1533	3089	377	667	292
LP6008337-DNA_D01_vs_LP6008338-DNA_D01__pv	898	74	663	703	1504	1035	419	307	176
LP6008337-DNA_D02_vs_LP6008338-DNA_D02__pv	569	301	368	495	569	397	155	123	83
LP6008337-DNA_D03_vs_LP6008338-DNA_D03__pv	2157	805	1223	1642	2782	2295	239	467	398
LP6008337-DNA_D04_vs_LP6008338-DNA_D04__pv	622	373	600	651	407	771	237	299	90
LP6008337-DNA_D05_vs_LP6008338-DNA_C05__pv	819	0	341	566	1561	1347	142	37	146
LP6008337-DNA_D06_vs_LP6008338-DNA_A06__pv	3879	19689	20488	3635	2577	9865	1919	8898	878
LP6008337-DNA_E01_vs_LP6008338-DNA_E01__pv	1174	3557	5034	605	1463	1800	330	973	163
LP6008337-DNA_E03_vs_LP6008338-DNA_E03__pv	1638	2086	2787	1020	1386	1582	714	1207	549
LP6008337-DNA_E04_vs_LP6008338-DNA_E04__pv	1204	4374	3935	1228	2081	4707	535	2082	263
LP6008337-DNA_E05_vs_LP6008338-DNA_D05__pv	890	2370	2028	639	1500	1031	268	1120	130
LP6008337-DNA_F01_vs_LP6008338-DNA_F01__pv	664	131	261	324	471	485	63	34	143
LP6008337-DNA_F02_vs_LP6008338-DNA_F02__pv	1783	2361	2493	2552	2513	2753	700	1191	791
LP6008337-DNA_F03_vs_LP6008338-DNA_F03__pv	1894	2282	2576	775	1409	2302	0	683	237
LP6008337-DNA_F04_vs_LP6008338-DNA_F04__pv	1653	6040	6805	2322	4690	3296	406	3954	0
LP6008337-DNA_F05_vs_LP6008338-DNA_E05__pv	3396	3853	3545	2979	5087	7315	975	1546	1661
LP6008337-DNA_F06_vs_LP6008338-DNA_C06__pv	801	10303	12812	1305	1614	1927	517	4313	409
LP6008337-DNA_G01_vs_LP6008338-DNA_G01__pv	2357	2035	2346	1736	3608	3652	367	637	659
LP6008337-DNA_G02_vs_LP6008338-DNA_G02__pv	1482	2162	4429	1052	1208	1916	334	1123	243
LP6008337-DNA_G03_vs_LP6008338-DNA_G03__pv	1632	4702	5746	1825	2445	3776	611	1345	521
LP6008337-DNA_G04_vs_LP6008338-DNA_G04__pv	1338	600	4715	955	2593	1423	277	59	189
LP6008337-DNA_G05_vs_LP6008338-DNA_F05__pv	1282	961	2636	1168	927	1530	488	847	488
LP6008337-DNA_G06_vs_LP6008338-DNA_C06__pv	1645	8407	14155	1456	3312	3027	633	3864	273
LP6008337-DNA_H01_vs_LP6008338-DNA_H01__pv	890	489	485	516	1568	1020	54	136	99
LP6008337-DNA_H02_vs_LP6008338-DNA_H02__pv	346	38332	36676	3210	2296	3506	1283	12075	297
LP6008337-DNA_H03_vs_LP6008338-DNA_H03__pv	2251	1141	1737	1159	1458	1253	328	194	114
LP6008337-DNA_H04_vs_LP6008338-DNA_H04__pv	693	4947	2898	1267	1269	1219	383	1836	353
LP6008337-DNA_H06_vs_LP6008338-DNA_D06__pv	1238	15883	9743	4911	1612	3289	1812	4140	1374
LP6008341-DNA_A01_vs_LP6008340-DNA_A01__pv	1589	3496	3251	1056	3242	3025	93	422	265
LP6008341-DNA_A03_vs_LP6008340-DNA_F02__pv	693863	6113	11237	167414	160087	1215	75853	2716	286
LP6008341-DNA_B01_vs_LP6008340-DNA_B01__pv	1791	12952	7498	4109	993	1654	1060	2240	2017
LP6008341-DNA_B03_vs_LP6008340-DNA_G02__pv	884	588	781	716	1440	808	254	482	258
LP6008341-DNA_C01_vs_LP6008340-DNA_C01__pv	1351	3626	5249	518	1992	1828	354	2865	979
LP6008341-DNA_D01_vs_LP6008340-DNA_D01__pv	4863	10467	10676	1573	3616	4689	969	5944	1958
LP6008341-DNA_D02_vs_LP6008340-DNA_A02__pv	84	7	0	42	52	7	27	0	9
LP6008341-DNA_E01_vs_LP6008340-DNA_E01__pv	650	4323	2399	1084	764	1117	283	1262	747
LP6008341-DNA_E02_vs_LP6008340-DNA_B02__pv	787	5774	7589	1462	1220	2709	565	3119	294
LP6008341-DNA_F01_vs_LP6008340-DNA_F01__pv	1130	2626	1935	1134	1565	2317	310	873	197
LP6008341-DNA_F02_vs_LP6008340-DNA_C02__pv	3447	2282	1650	1932	1947	2126	221	1076	1037
LP6008341-DNA_G01_vs_LP6008340-DNA_G01__pv	2039	3236	2707	2102	3062	2796	1091	1584	651
LP6008341-DNA_G02_vs_LP6008340-DNA_D02__pv	1266	749	721	839	1489	1003	145	219	346
LP6008341-DNA_H01_vs_LP6008340-DNA_H01__pv	1612	11103	7702	6151	3523	5220	2815	3332	2904
LP6008341-DNA_H02_vs_LP6008340-DNA_E02__pv	917	4497	2435	1240	1442	1186	353	123	340
LP6008460-DNA_A01_vs_LP6008340-DNA_A02__pv	1546	2232	2813	3255	4262	997	0	939	1037
LP6008460-DNA_A02_vs_LP6008340-DNA_C04__pv	1820	5177	5206	1107	3169	2584	749	2651	1172
LP6008460-DNA_A03_vs_LP6008340-DNA_G04__pv	2349	3302	2516	1794	1408	3613	1126	2093	2197
LP6008460-DNA_A04_vs_LP6008340-DNA_D05__pv	1942	1303	1762	3874	3950	2747	1344	577	1040
LP6008460-DNA_B01_vs_LP6008340-DNA_A03__pv	1375	770	761	1348	5435	2078	234	541	1427
LP6008460-DNA_B02_vs_LP6008340-DNA_D02__pv	3423	2378	4634	6814	3452	3877	1692	2105	1538
LP6008460-DNA_B03_vs_LP6008340-DNA_H03__pv	2724	561	836	916	2656	2335	0	324	1385
LP6008460-DNA_B04_vs_LP6008340-DNA_F02__pv	617482	7012	8916	152380	134083	1111	62325	1210	878
LP6008460-DNA_C01_vs_LP6008340-DNA_B03__pv	4263	1595	1592	4201	1875	4603	1642	1119	5482
LP6008460-DNA_C02_vs_LP6008340-DNA_D03__pv	1280	145	144	1217	1130	1597	668	213	1087
LP6008460-DNA_C03_vs_LP6008340-DNA_H05__pv	1663	2048	2832	1840	1830	1075	677	589	607
LP6008460-DNA_C04_vs_LP6008340-DNA_F03__pv	16946	0	4683	2606	18713	1687	63857	2572	0
LP6008460-DNA_D01_vs_LP6008340-DNA_E02__pv	350	18057	448	5897	1619	1046	1314	0	2685
LP6008460-DNA_D02_vs_LP6008340-DNA_E03__pv	1500	0	856	3791	292	2407	1160	97	820
LP6008460-DNA_D03_vs_LP6008340-DNA_A05__pv	2313	1543	1483	1521	2388	1404	486	799	1327
LP6008460-DNA_E01_vs_LP6008340-DNA_F04__pv	1645	1259	718	2209	1703	2101	207	623	754
LP6008460-DNA_E02_vs_LP6008340-DNA_E04__pv	2773	3	763	4704	2101	5449	874	358	2037
LP6008460-DNA_E03_vs_LP6008340-DNA_B06__pv	4447	1400	1774	3565	4165	8576	1093	852	1610
LP6008460-DNA_E04_vs_LP6008340-DNA_H02__pv	2225	2024	3057	2890	2789	3543	977	898	1468
LP6008460-DNA_F01_vs_LP6008340-DNA_B02__pv	1705	6200	7995	2184	2364	3101	825	4225	534
LP6008460-DNA_F02_vs_LP6008340-DNA_E05__pv	555	4185	2494	4499	4329	11808	3524	2626	1406
LP6008460-DNA_F03_vs_LP6008340-DNA_C03__pv	0	21786	27478	2039	1562	1598	963	9898	0
LP6008460-DNA_F04_vs_LP6008340-DNA_H04__pv	3458	2118	3282	7104	3021	4445	1055	1047	1219
LP6008460-DNA_G01_vs_LP6008340-DNA_B04__pv	11160	5564	4400	1064	15338	0	59277	3975	98
LP6008460-DNA_G02_vs_LP6008340-DNA_G02__pv	2092	2377	2390	2665	2360	3456	1266	1604	1135
LP6008460-DNA_G03_vs_LP6008340-DNA_C05__pv	1661	8812	7868	5146	2190	2362	2020	1049	1481
LP6008460-DNA_H01_vs_LP6008340-DNA_C02__pv	3350	2795	1977	1480	2273	2112	114	1064	1268
LP6008460-DNA_H02_vs_LP6008340-DNA_G03__pv	1341	2776	3850	861	1307	1199	341	1394	326
LP6008460-DNA_H03_vs_LP6008340-DNA_D04__pv	2126	7328	5419	1295	2057	2715	276	4637	742
PD44724a_vs_PD44724b__pv	938	6783	6358	2802	4346	3148	966	4400	2326
PD44725a_vs_PD44725b__pv	1429	2898	2249	2004	2490	1803	919	1160	510
PD44726a_vs_PD44726b__pv	1275	961	1860	140	1226	1743	106	534	462
PD44727a_vs_PD44727b__pv	1754	4587	9165	5805	2791	1021	578	1113	1123
PD44728a_vs_PD44728b__pv	2214	594	1525	3802	2476	2996	1354	854	2039
PD44729a_vs_PD44729b__pv	2391	273	356	1669	3685	3323	373	436	706
PD44730a_vs_PD44730b__pv	2609	3257	3809	2588	2276	2370	551	1314	1058
PD44731a_vs_PD44731b__pv	1328	698	605	1701	3855	1671	453	221	900
PD44732a_vs_PD44732b__pv	2695	244	50	0	2075	1579	81	279	940
PD44733a_vs_PD44733b__pv	10703	1261	338	742	14861	1018	61044	305	432
PD44734a_vs_PD44734b__pv	3723	3580	4843	2793	2297	3467	851	2957	1510
PD44735a_vs_PD44735b__pv	2476	2344	3150	2001	4799	4308	935	1278	1206
PD44736a_vs_PD44736b__pv	1951	3116	1472	4217	2846	3346	1780	1018	991
PD44737a_vs_PD44737b__pv	2254	2229	2478	3468	3739	4527	602	730	1305
PD44738a_vs_PD44738b__pv	2083	8815	8843	9083	3721	3373	1252	2742	1218
PD44739a_vs_PD44739b__pv	1814	3191	3535	2287	2207	3267	593	3063	453
PD44740a_vs_PD44740b__pv	5088	21837	30935	1947	1811	2834	1372	13858	1000
PD44741a_vs_PD44741b__pv	3273	569	712	2157	2196	1664	541	638	1544
PD44742a_vs_PD44742b__pv	891	5905	1139	6100	1514	3107	3191	2837	3841
PD44743a_vs_PD44743b__pv	2517	860	1981	1761	2554	3180	473	961	828
PD44744a_vs_PD44744b__pv	2514	11599	11516	0	2828	1913	277	6800	4486
PD44745a_vs_PD44745b__pv	3395	9599	14558	5591	4174	4079	1169	5797	3389
PD44746a_vs_PD44746b__pv	951	178	285	1265	1265	1596	714	61	580
PD44747a_vs_PD44747b__pv	1136	3377	2893	1998	1858	2079	528	1188	641
PD44749a_vs_PD44749b__pv	1376	2938	2048	1432	649	717	378	872	1057
PD44751a_vs_PD44751b__pv	193	759	851	370	878	680	253	499	74
PD44752a_vs_PD44752b__pv	1676	728	2075	1208	2945	5881	177	712	828
PD44753a_vs_PD44753b__pv	3371	580	421	1833	1612	1641	693	555	983
PD44758a_vs_PD44758b__pv	1301	3689	5457	1732	1361	1005	884	1027	535
PD44759a_vs_PD44759b__pv	2103	2100	2498	2724	1905	3183	1002	544	743
PD44760a_vs_PD44760b__pv	1771	3087	1303	3123	2028	1577	587	968	697
PD44761a_vs_PD44761b__pv	2334	527	763	3720	4234	2625	342	366	506
PD44762a_vs_PD44762b__pv	1838	192	112	1057	1655	879	414	145	762
PD44763a_vs_PD44763b__pv	1671	2297	2450	2362	2709	3120	963	1975	1047
PD44764a_vs_PD44764b__pv	344	876	795	4369	1863	932	941	205	2619
PD44765a_vs_PD44765b__pv	3793	27604	12177	2902	3020	2603	1399	4530	2324
PD44766a_vs_PD44766b__pv	0	284	2350	1231	28184	352	56094	3252	0
PD44767a_vs_PD44767b__pv	2004	15219	4965	4967	1895	1343	2449	2297	1474
PD44769a_vs_PD44769b__pv	2021	0	357	1896	1817	1868	366	139	719
PD44770a_vs_PD44770b__pv	0	4396	2175	0	9792	1007	24490	190	769
PD44772a_vs_PD44772b__pv	2228	1386	3352	5890	2610	4891	1285	1358	3169
PD44773a_vs_PD44773b__pv	3316	2692	3834	2088	7350	1963	0	1879	394
PD44774a_vs_PD44774b__pv	1623	255	122	1489	2961	462	0	145	1041
PD44775a_vs_PD44775b__pv	0	731	0	0	52401	2722	51096	0	0
PD44776a_vs_PD44776b__pv	200	17100	4582	6006	1154	1040	1046	9026	1610
PD44777a_vs_PD44777b__pv	1401	361	873	2320	3100	3966	1072	751	456
PD44778a_vs_PD44778b__pv	2162	5759	1015	5679	3113	1021	962	1654	1368
PD44780a_vs_PD44780b__pv	1250	74	91	582	1414	2054	0	69	347
PD44781a_vs_PD44781b__pv	2293	8710	13282	2036	2629	2084	2046	6895	2228
PD44782a_vs_PD44782b__pv	335	18141	13667	2910	2104	2346	1066	7526	3153
PD44783a_vs_PD44783b__pv	2016	1747	3088	7829	540	2305	1780	1423	392
PD44784a_vs_PD44784b__pv	2602	514	799	4357	3652	5679	907	482	783
PD44785a_vs_PD44785b__pv	1660	7179	8859	2595	1410	1692	1166	6483	671
PD44786a_vs_PD44786b__pv	917	388	892	837	1249	658	376	480	523
PD44787a_vs_PD44787b__pv	2109	1298	780	1861	3042	4880	371	198	809
PD44788a_vs_PD44788b__pv	1541	1779	2457	3800	2209	5663	1233	1473	2155
PD44789a_vs_PD44789b__pv	4067	4141	4283	4046	2790	3474	1312	1306	2653
PD44790a_vs_PD44790b__pv	1695	6356	4281	2553	1318	2585	993	1037	1021
PD44791a_vs_PD44791b__pv	616	2472	3473	657	982	864	321	418	3
PD44792a_vs_PD44792b__pv	2453	13280	7729	1237	611	2710	1085	5121	1466
PD44793a_vs_PD44793b__pv	1933	377	410	934	2448	2022	473	160	707
PD44794a_vs_PD44794b__pv	2354	55	639	3797	1471	2674	550	170	1880
PD44795a_vs_PD44795b__pv	0	14178	9672	1321	1096	1824	907	5893	297
PD44796a_vs_PD44796b__pv	2751	2018	2097	7184	3303	3109	1674	1878	1402
PD44797a_vs_PD44797b__pv	1951	2861	3577	4861	4143	6752	2215	2843	1781
PD44798a_vs_PD44798b__pv	1471	730	1297	1383	2083	2339	380	522	516
PD44799a_vs_PD44799b__pv	2237	817	1627	1664	2887	2919	656	397	700
PD44800a_vs_PD44800b__pv	2113	2148	3207	2273	2791	3958	877	985	1419
PD44801a_vs_PD44801b__pv	1861	3148	4403	674	3357	3756	663	623	401
PD44802a_vs_PD44802b__pv	1044	245	111	913	1112	766	275	147	262
PD44803a_vs_PD44803b__pv	3730	4842	4704	4131	4227	6964	1209	1511	908
PD44804a_vs_PD44804b__pv	979	891	897	789	897	955	309	650	174
PD44805a_vs_PD44805b__pv	3122	22858	7913	0	2443	1744	525	6988	3105
PD44807a_vs_PD44807b__pv	1737	213	211	1547	1248	737	235	421	1104
PD44808a_vs_PD44808b__pv	1311	469	892	4775	1835	1716	1023	44	2870
PD44809a_vs_PD44809b__pv	1639	1407	1493	4511	2743	2473	574	576	1032
PD44810a_vs_PD44810b__pv	5446	5986	3767	0	3244	2154	1383	5826	3425
PD44811a_vs_PD44811b__pv	902	1852	2910	2183	1415	2065	1387	765	959
PD44813a_vs_PD44813b__pv	1380	3818	2181	2757	2151	1265	1027	1313	863
PD44814a_vs_PD44814b__pv	2490	635	879	4976	2572	3176	910	385	800
PD44815a_vs_PD44815b__pv	1264	1723	1945	3157	979	1441	1057	787	1643
PD44816a_vs_PD44816b__pv	2390	1027	1702	1715	4253	3276	678	168	746
PD44817a_vs_PD44817b__pv	3073	0	87	1800	919	4428	662	345	1269
PD44818a_vs_PD44818b__pv	2401	7044	5380	1763	1638	1939	687	1076	746
PD44819a_vs_PD44819b__pv	4069	15698	16051	3715	2789	4083	1232	4503	1307
PD44820a_vs_PD44820b__pv	1471	1420	1424	1623	2382	2406	801	265	833
PD44821a_vs_PD44821b__pv	2806	4246	4453	1779	2650	3046	674	1213	1176
PD44823a_vs_PD44823b__pv	1541	499	936	1630	1461	1309	596	522	912
PD44824a_vs_PD44824b__pv	1558	4164	2596	3069	4452	3273	959	1306	2244
PD44825a_vs_PD44825b__pv	869	8057	1945	11654	27238	2677	62230	3189	3173
PD44826a_vs_PD44826b__pv	2596	1929	2024	2178	3092	3486	1040	952	1169
PD44827a_vs_PD44827b__pv	1196	1128	1235	2089	1263	2180	1575	430	773
PD44828a_vs_PD44828b__pv	1409	7849	8635	1385	3363	3469	936	3638	629
PD44829a_vs_PD44829b__pv	4522	1582	4098	6524	6299	8897	1625	1241	1653
PD44830a_vs_PD44830b__pv	1850	2234	3501	1375	3887	7128	618	539	828
PD44831a_vs_PD44831b__pv	3262	13659	17822	120	1961	540	2116	13368	1670
PD44832a_vs_PD44832b__pv	0	4745	0	0	18610	4713	47255	0	2380
PD44833a_vs_PD44833b__pv	1228	12297	12372	2932	1529	2748	1054	6937	437
PD44834a_vs_PD44834b__pv	2272	1913	1643	3607	1859	1146	818	1138	1442
PD44835a_vs_PD44835b__pv	1382	1216	2317	2327	1230	4538	777	379	1631
PD44836a_vs_PD44836b__pv	4020	3212	1784	5431	5339	3372	2136	1301	1521
PD44837a_vs_PD44837b__pv	1167	522	800	349	874	1081	0	228	252
PD44838a_vs_PD44838b__pv	4421	381	847	5427	4093	4583	394	854	2321
PD44839a_vs_PD44839b__pv	744	1465	384	3536	2760	1437	905	204	2471
PD44840a_vs_PD44840b__pv	1864	3743	3258	2165	2080	1984	807	1694	541
PD44841a_vs_PD44841b__pv	6093	6366	6932	4465	17464	1346	48974	3468	1010
PD44842a_vs_PD44842b__pv	1282	575	100	917	1933	1917	478	782	853
PD44843a_vs_PD44843b__pv	2573	10331	3271	5121	4165	3798	940	2828	1807
PD44844a_vs_PD44844b__pv	1417	301	268	1440	2119	2825	370	0	651
PD44845a_vs_PD44845b__pv	4191	1177	2854	0	2843	3865	0	953	1302
PD44846a_vs_PD44846b__pv	1295	1147	7220	986	1441	2522	943	3371	275
PD44847a_vs_PD44847b__pv	1593	2511	2222	2200	3327	1866	429	377	648
PD44848a_vs_PD44848b__pv	5298	14320	6827	9562	2336	2983	3399	2463	3899
PD44849a_vs_PD44849b__pv	4085	463	492	2023	2999	5623	1299	697	1767
PD44850a_vs_PD44850b__pv	1898	7674	2818	3158	4404	1835	734	2860	1030
PD44851a_vs_PD44851b__pv	1346	1878	2393	1891	2953	1945	928	773	2336
PD44852a_vs_PD44852b__pv	2521	3312	2326	5882	3293	2739	1137	1098	616
PD44853a_vs_PD44853b__pv	1419	2152	1787	359	2880	4068	550	785	480
PD44854a_vs_PD44854b__pv	1885	2183	1966	2645	2678	2598	688	1567	1475
PD44855a_vs_PD44855b__pv	2205	1884	4692	2253	2168	3331	811	364	926
PD44856a_vs_PD44856b__pv	3649	7723	12183	693	3200	2363	341	3652	713
PD44857a_vs_PD44857b__pv	1100	13506	11712	2593	1940	1487	1226	3441	530
PD44859a_vs_PD44859b__pv	567	7458	4204	3836	6690	766	27321	4021	1772
PD44861a_vs_PD44861b__pv	3514	2679	2804	2492	2023	3660	1415	2665	1374
PD44862a_vs_PD44862b__pv	2745	2139	202	2458	890	355	755	1888	5698
PD44863a_vs_PD44863b__pv	2256	5315	4253	370	2790	4276	215	103	2333
PD44864a_vs_PD44864b__pv	3227	6543	6296	1521	1683	2134	538	1403	1522
PD44904a_vs_PD44904b__pv	4658	7479	10445	8827	2405	3261	1931	6501	465
PD44905a_vs_PD44905b__pv	3614	855	842	4734	1644	1466	1072	1326	2517
PD44906a_vs_PD44906b__pv	1770	1971	1293	2948	1146	1433	681	2424	519
PD44908a_vs_PD44908b__pv	2191	7682	4645	2722	2414	1325	1019	1397	867
PD44909a_vs_PD44909b__pv	1440	172	422	724	3042	2427	0	16	126
PD44910a_vs_PD44910b__pv	1437	2863	4507	1877	3348	4117	1064	2168	1115
PD44912a_vs_PD44912b__pv	4426	12949	24711	3481	2186	4160	1492	0	2563
PD44913a_vs_PD44913b__pv	2113	1293	710	3888	1777	2110	748	1046	669
PD44914a_vs_PD44914b__pv	3511	2309	1035	6591	1834	1889	1345	163	2058
PD44915a_vs_PD44915b__pv	1237	3412	2022	1828	1289	3185	551	875	706
PD44916a_vs_PD44916b__pv	1552	728	696	2596	2107	1428	294	238	1220
PD44917a_vs_PD44917b__pv	781	50	59	930	549	505	107	11	518
PD44918a_vs_PD44918b__pv	1870	3523	2948	387	2196	2313	298	1504	1275
PD44919a_vs_PD44919b__pv	1907	1146	6200	572	2402	1904	221	2325	595
PD44920a_vs_PD44920b__pv	1072	5297	6986	1967	1426	1317	890	3637	490
PD44921a_vs_PD44921b__pv	561	1265	891	1318	826	415	290	583	228
PD44922a_vs_PD44922b__pv	3151	18742	22326	3303	936	2923	632	18323	2564
PD44923a_vs_PD44923b__pv	8741	1714	2648	6556	3810	5238	1332	919	3155
PD44924a_vs_PD44924b__pv	1856	765	613	2196	4520	2287	93	263	812
PD44925a_vs_PD44925b__pv	3319	2498	2798	3592	1810	6431	1407	1679	1777
PD44926a_vs_PD44926b__pv	2038	774	942	1197	3535	2845	299	102	573
PD44927a_vs_PD44927b__pv	1107	4588	7039	1304	2641	2238	858	2647	871
PD44928a_vs_PD44928b__pv	2125	1422	3912	1555	3739	4713	909	1145	384
PD44929a_vs_PD44929b__pv	1536	3539	5781	2213	2768	1806	795	3124	873
PD44930a_vs_PD44930b__pv	44	10322	2655	9999	2004	2415	1834	1919	4084
PD44931a_vs_PD44931b__pv	0	14063	5294	11	14615	1715	54166	7785	466
PD44932a_vs_PD44932b__pv	1574	2272	8840	1543	1808	2610	697	1917	332
PD44933a_vs_PD44933b__pv	1313	32	110	1610	1292	163	296	0	4402
PD44934a_vs_PD44934b__pv	2357	10878	39774	663	1537	3005	1998	8490	1211
PD44935a_vs_PD44935b__pv	2443	1013	1296	3361	1492	3599	1214	911	823
PD44936a_vs_PD44936b__pv	900	1044	767	1315	1591	740	494	484	380
PD44937a_vs_PD44937b__pv	3770	4475	3041	4365	3090	2995	687	1731	2908
PD44938a_vs_PD44938b__pv	3067	3431	4209	2535	1397	2678	1796	2915	501
PD44939a_vs_PD44939b__pv	2377	928	1441	2271	3172	3259	669	820	1338
PD44941a_vs_PD44941b__pv	2486	650	1101	3283	2321	3070	445	415	716
PD44942a_vs_PD44942b__pv	1911	2759	4254	1065	3140	2560	303	1345	482
PD44943a_vs_PD44943b__pv	1112	256	305	1890	1570	1990	699	353	197
PD44944a_vs_PD44944b__pv	2015	1983	3649	2356	2252	3019	1243	1514	501
PD44945a_vs_PD44945b__pv	493	14676	13574	3626	1322	3237	900	5300	1269
PD44946a_vs_PD44946b__pv	1659	2696	2330	2962	2718	2365	284	585	759
PD44947a_vs_PD44947b__pv	502	273	432	747	616	814	129	360	271
PD44948a_vs_PD44948b__pv	2084	7918	5496	2126	1935	1464	673	2002	4368
PD44949a_vs_PD44949b__pv	2296	1844	2538	0	2602	1727	135	1222	2771
PD44950a_vs_PD44950b__pv	402	369	695	777	859	1491	246	277	339
PD46225a_vs_PD46225b__pv	2245	2997	2164	2167	3541	5129	687	445	2186
PD46226a_vs_PD46226b__pv	1998	291	2063	3691	5229	3145	937	349	1850
PD46227a_vs_PD46227b__pv	1717	19389	2618	17675	729	730	3348	1892	1812
PD46228a_vs_PD46228b__pv	1324	4987	8254	398	2676	4812	182	524	681
PD46229a_vs_PD46229b__pv	1902	11883	8977	3658	2558	3355	1446	2199	1483
PD46230a_vs_PD46230b__pv	590	1559	2219	3342	2025	3167	1277	1121	6262
PD46231a_vs_PD46231b__pv	1032	38	214	1061	1082	1178	265	187	1238
PD46232a_vs_PD46232b__pv	2525	1700	2119	1544	1854	2499	112	976	777
PD46233a_vs_PD46233b__pv	2450	6265	1380	9612	2441	1856	1808	3908	1970
PD46234a_vs_PD46234b__pv	1902	69	96	1680	1057	1652	818	339	652
PD46235a_vs_PD46235b__pv	2286	2338	4365	1705	5248	3354	447	501	1403
PD46236a_vs_PD46236b__pv	1922	1269	1758	2296	3842	4536	563	777	515
PD46237a_vs_PD46237b__pv	3868	2971	14571	6032	3219	3317	1625	2781	1110
PD46238a_vs_PD46238b__pv	2841	708	1449	6339	0	1933	1183	852	863
PD46239a_vs_PD46239b__pv	1470	2220	2367	1568	2326	1793	658	1006	664
PD46240a_vs_PD46240b__pv	2122	638	663	1864	1614	1245	712	130	344
PD46241a_vs_PD46241b__pv	2278	7481	14646	4956	5158	4774	992	4082	892
PD46242a_vs_PD46242b__pv	3809	70342	3932	4311	1279	1892	2513	3758	4849
PD46243a_vs_PD46243b__pv	3334	862	753	2362	3385	2255	1190	1023	2642
PD46244a_vs_PD46244b__pv	2444	129	158	0	3551	2981	0	46	457
PD46245a_vs_PD46245b__pv	934	110	0	7318	1334	3521	808	652	1956
PD46246a_vs_PD46246b__pv	2954	5187	1764	8599	3501	2473	1880	2904	2095
PD46247a_vs_PD46247b__pv	3588	4037	1424	2261	6386	2692	464	1620	1360
PD46248a_vs_PD46248b__pv	1881	10385	16174	74	2271	1810	1305	8132	530
PD46249a_vs_PD46249b__pv	1966	7533	10767	1168	3965	4847	1130	6216	151
PD46250a_vs_PD46250b__pv	1185	42	251	3940	564	572	770	13	3496
PD46251a_vs_PD46251b__pv	1896	604	430	0	10740	1704	27532	325	256
PD46252a_vs_PD46252b__pv	0	2628	792	0	1325	28491	256	0	610
PD46253a_vs_PD46253b__pv	5321	7940	4849	1155	4336	3181	503	1022	2194
PD46254a_vs_PD46254b__pv	3296	4565	4881	397	2539	2827	238	2173	900
PD46255a_vs_PD46255b__pv	2178	455	627	949	3565	2892	28	1593	1091
PD46256a_vs_PD46256b__pv	1738	3922	899	1801	3160	1526	831	283	439
PD46257a_vs_PD46257b__pv	1411	90	156	680	4011	2782	369	23	545
PD46258a_vs_PD46258b__pv	2515	2953	3773	2770	1641	2845	689	1453	1270
PD46259a_vs_PD46259b__pv	3053	2336	1851	3238	1291	1860	729	1586	1778
PD46260a_vs_PD46260b__pv	1085	319	232	1686	1488	1696	820	273	3593
PD46261a_vs_PD46261b__pv	1196	358	396	1398	1458	1260	530	385	532
PD46262a_vs_PD46262b__pv	713	707	666	1356	1181	759	186	72	866
PD46263a_vs_PD46263b__pv	1779	1989	5044	0	1185	3875	146	1664	194
PD46264a_vs_PD46264b__pv	2249	2576	2875	2305	835	2465	585	1191	1335
PD46265a_vs_PD46265b__pv	2239	5399	5670	1588	2867	2682	724	2177	1170
PD46267a_vs_PD46267b__pv	68	10	6	260	72	36	56	46	48
PD46268a_vs_PD46268b__pv	1162	61	1927	2218	2162	2303	832	700	898
SLX-16751	686	1421	1748	721	1339	1054	168	448	226
SLX-16752	731	9880	4447	1032	1223	993	274	4752	0
SLX-18929	104445	139455	131926	89249	80520	113549	37325	62624	44687
SLX-18949	1576	14421	14421	1453	2794	2818	911	7744	286
SLX-18950	858	197	592	514	573	514	225	75	76
SM-4AX82_vs_SM-4AWN8__pv	2576	1576	2250	2853	2929	4516	368	659	373
SM-4AX83_vs_SM-4AWN9__pv	1012	525	1383	1264	539	976	300	661	637
SM-4AX84_vs_SM-4AWNA__pv	1306	6675	7839	1060	2383	3990	660	3714	423
SM-4AX85_vs_SM-4AWNB__pv	3894	391	227	2061	2724	3274	1151	507	1151
SM-4AX86_vs_SM-4AWNC__pv	3032	4236	4005	1707	1508	2500	265	1130	1765
SM-4AX87_vs_SM-4AWND__pv	932	173	36	511	940	2001	53	162	162
SM-4B295_vs_SM-4AWNE__pv	4105	5864	7002	4351	1950	2708	619	1777	1584
SM-4B296_vs_SM-4AWNF__pv	5112	7610	6962	11115	916	2547	2422	3504	7340
SM-4JPP6_vs_SM-4JPUS__pv	2753	1043	1597	4732	1918	5806	1014	607	924
SM-4JPP7_vs_SM-4JPUT__pv	1075	1068	922	2366	1770	1111	644	876	1060
SM-4JPP9_vs_SM-4JPUT__pv	1010	1068	1074	2268	1687	1045	577	921	989
SM-4JPPA_vs_LP6005333-DNA_B01__pv	6805	1874	2421	897	6060	7677	433	1449	2106
SM-4JPPB_vs_LP6005333-DNA_B01__pv	6917	1913	1913	607	6012	7669	392	1317	2132
SM-4JPPC_vs_LP6005333-DNA_B01__pv	6837	1821	2599	719	6098	7690	431	1464	2133
SM-4JPUV_vs_SM-4JPUS__pv	788	173	105	1310	914	960	326	271	266
SM-4JPUW_vs_SM-4JPUS__pv	6	0	2	78	13	4	24	20	3
SM-4JPUX_vs_SM-4JPUT__pv	1692	475	551	2129	1420	943	209	549	723
SM-4JPUY_vs_LP6005333-DNA_B01__pv	6788	2611	3608	825	6060	7833	523	2307	2076
SM-4JPUZ_vs_LP6005333-DNA_B01__pv	6733	2489	3586	902	5532	7583	423	2235	2025
SM-4JPV1_vs_SM-4JPUS__pv	2589	1040	1320	4029	1716	4906	783	417	792
SM-4JPV2_vs_SM-4JPUS__pv	2806	1539	1873	4480	1950	5866	928	631	903
SS6003109_vs_SS6003108__pv	1390	3414	5494	4040	1361	2179	583	1403	3550
SS6003111_vs_SS6003110__pv	2751	2678	2664	4300	3625	4487	764	1938	1161
SS6003113_vs_SS6003112__pv	721	7246	3142	1232	1816	2319	20	588	381
SS6003115_vs_SS6003114__pv	1442	8012	9138	1631	1866	2814	373	5209	780
SS6003117_vs_SS6003116__pv	1126	0	113	0	1944	1133	0	93	6427
SS6003119_vs_SS6003118__pv	1233	174	193	1773	1164	1069	376	276	323
SS6003121_vs_SS6003120__pv	362	29526	0	3986	2758	1575	823	8384	1434
SS6003125_vs_SS6003124__pv	994	4980	5401	2448	1662	2496	354	511	634
SS6003129_vs_SS6003128__pv	3941	6127	6668	2514	4047	4551	537	3338	1502
SS6003131_vs_SS6003130__pv	1481	163	363	845	1834	1932	119	295	456
SS6003133_vs_SS6003132__pv	1520	164	488	0	1483	8019	0	0	3521
SS6003135_vs_SS6003134__pv	961	8671	16576	1475	1359	1564	813	3203	1142
SS6003137_vs_SS6003136__pv	1803	1218	1650	1896	2565	3910	714	405	244
SS6003149_vs_SS6003148__pv	1033	17854	22887	3529	2177	1175	1595	16858	3671
SS6003302_vs_SS6003301__pv	1818	3195	2997	2987	1930	2823	878	811	1061
SS6003303_vs_SS6003301__pv	1157	2295	2049	2117	1418	2104	414	420	808
SS6003305_vs_SS6003304__pv	1955	111	358	5096	1401	1615	525	276	1751
SS6003306_vs_SS6003304__pv	1402	251	333	2972	1293	1026	360	87	1003
SS6003308_vs_SS6003307__pv	2271	532	790	514	1712	1477	0	373	1099
SS6003309_vs_SS6003307__pv	2890	509	949	935	2036	2021	0	413	1558
SS6003311_vs_SS6003310__pv	2105	186	163	90	2515	14314	1318	217	326
SS6003312_vs_SS6003310__pv	1182	164	0	0	2245	13758	1578	141	265
SS6003314_vs_SS6003313__pv	1387	4358	5534	1285	1220	1437	619	2879	1530
SS6003315_vs_SS6003313__pv	1272	4404	5528	1333	1231	1401	660	2953	1538
SS6003317_vs_SS6003316__pv	2387	8827	15724	316	1986	2718	356	5009	632
SS6003318_vs_SS6003316__pv	2543	8918	15635	418	2015	2754	363	5074	664
SS6003320_vs_SS6003319__pv	1389	6172	5915	3218	3466	2258	1120	1455	1278
SS6003321_vs_SS6003319__pv	1221	5922	5735	3146	3154	2200	1088	1421	1048
SS6003323_vs_SS6003322__pv	2668	794	5316	713	2938	2414	518	3259	983
SS6003324_vs_SS6003322__pv	2613	701	3858	1141	2604	2046	216	2149	915
