Samples	SBS96A	SBS96B	SBS96C	SBS96D	SBS96E	SBS96F	SBS96G	SBS96H	SBS96I	SBS96J	SBS96K	SBS96L	SBS96M
LP2000104-DNA_A01_vs_LP2000101-DNA_A01__pv	17886	10076	999	2343	1076	407	4980	747	764	931	1724	2131	385
LP2000105-DNA_A01_vs_LP2000102-DNA_A01__pv	3997	4830	1005	3661	1012	441	2178	1040	478	4334	1700	2300	1536
LP2000106-DNA_A01_vs_LP2000102-DNA_A01__pv	3312	2791	739	1105	842	644	1628	251	512	3526	899	2853	385
LP2000107-DNA_A01_vs_LP2000102-DNA_A01__pv	3767	3921	825	2262	799	471	1934	603	603	3520	1287	1329	846
LP2000108-DNA_A01_vs_LP2000103-DNA_A01__pv	156	262	470	1270	622	689	253	441	962	721	464	1143	678
LP2000109-DNA_A01_vs_LP2000103-DNA_A01__pv	172	242	523	1008	548	621	228	362	858	714	403	1045	475
LP2000110-DNA_A01_vs_LP2000101-DNA_A01__pv	14065	8586	707	703	957	687	3261	335	951	963	728	430	98
LP2000111-DNA_A01_vs_LP2000102-DNA_A01__pv	821	688	267	427	150	48	339	6	111	780	302	608	55
LP2000112-DNA_A01_vs_LP2000102-DNA_A01__pv	1536	1507	418	891	329	181	745	243	286	1670	434	1185	149
LP2000113-DNA_A01_vs_LP2000103-DNA_A01__pv	185	253	519	1066	526	628	228	349	1118	735	336	1140	549
LP2000114-DNA_A01_vs_LP2000103-DNA_A01__pv	320	189	189	937	705	726	157	480	800	830	526	2078	223
LP2000325-DNA_A01_vs_LP2000317-DNA_A01__pv	4166	5274	948	2494	1919	747	1936	1160	2646	1836	1095	548	896
LP2000327-DNA_A01_vs_LP2000319-DNA_A01__pv	3862	5138	433	961	646	608	2778	415	1564	640	738	519	288
LP2000328-DNA_A01_vs_LP2000320-DNA_A01__pv	1798	1570	507	1181	1738	2508	1141	959	3037	324	645	520	306
LP2000329-DNA_A01_vs_LP2000321-DNA_A01__pv	5268	3441	922	1524	2748	1303	1067	613	2090	1660	527	2245	464
LP2000330-DNA_A01_vs_LP2000316-DNA_A01__pv	2064	989	827	3225	936	634	1104	1027	1729	1671	544	591	718
LP2000331-DNA_A01_vs_LP2000322-DNA_A01__pv	942	1350	750	1010	2190	1350	416	299	1861	1191	169	460	511
LP2000332-DNA_A01_vs_LP2000323-DNA_A01__pv	7083	6509	660	2020	3136	1307	2174	1045	2630	2724	542	514	974
LP2000333-DNA_A01_vs_LP2000324-DNA_A01__pv	1937	2626	255	906	1001	827	530	476	1353	1140	437	526	825
LP2000334-DNA_A01_vs_LP2000324-DNA_A01__pv	2580	742	498	540	1071	528	865	102	995	1198	335	199	421
LP2000335-DNA_A01_vs_LP2000317-DNA_A01__pv	3089	3400	1094	1217	1110	717	1094	411	1722	970	908	126	474
LP2000336-DNA_A01_vs_LP2000316-DNA_A01__pv	546	349	512	599	1141	480	187	221	836	597	32	119	384
LP2000346-DNA_A01_vs_SM-4JPUU__pv	548	901	453	870	1650	3189	233	722	2063	3067	667	841	2862
LP2000350-DNA_A01_vs_SM-4JPUU__pv	756	614	862	891	2143	2594	130	432	2397	2517	540	742	379
LP2000352-DNA_A01_vs_LP2000359-DNA_A01__pv	3993	2828	705	1818	1153	546	3925	297	963	1380	1228	344	551
LP2000353-DNA_A01_vs_LP2000359-DNA_A01__pv	8065	11955	189	2371	1049	406	12408	450	1029	1560	1548	444	942
LP2000355-DNA_A01_vs_LP2000359-DNA_A01__pv	3949	3121	791	2027	1148	471	4162	410	1076	1400	1213	484	676
LP2000356-DNA_A01_vs_LP2000359-DNA_A01__pv	5065	3006	904	2412	1179	482	4327	512	879	1500	1626	514	869
LP2000357-DNA_A01_vs_LP2000359-DNA_A01__pv	3816	3177	638	1814	1264	455	4484	431	1086	1369	1168	413	553
LP2000366-DNA_A01_vs_SM-4JPUU__pv	1151	1000	420	849	1694	2902	114	729	1923	2864	614	872	2662
LP2000367-DNA_A01_vs_SM-4JPUU__pv	487	960	388	719	1735	3080	161	754	2068	2970	720	912	3002
LP2000368-DNA_A01_vs_SM-4JPUU__pv	526	926	373	924	1457	2686	170	645	1903	2722	586	818	2450
LP2000369-DNA_A01_vs_SM-4JPUU__pv	483	790	403	768	1431	2599	148	501	1776	2614	524	762	2265
LP2000370-DNA_A01_vs_SM-4JPUU__pv	513	997	377	966	1840	3343	193	811	2082	3183	754	914	3139
LP2000371-DNA_A01_vs_SM-4JPUU__pv	707	689	926	846	2135	2664	126	353	2333	2529	564	734	428
LP2000372-DNA_A01_vs_LP2000359-DNA_A01__pv	4760	2912	826	2789	1149	560	4585	470	812	1729	1815	626	865
LP2000373-DNA_A01_vs_LP2000359-DNA_A01__pv	2976	2624	516	1124	1241	411	3474	388	725	1011	847	291	481
LP2101132-DNA_A01_vs_LP2101131-DNA_A01__pv	8190	3333	928	2113	1859	1173	2988	647	1647	2811	1075	501	1040
LP2101136-DNA_A01_vs_LP2101133-DNA_A01__pv	767	209	1224	4583	2160	1067	353	945	2364	1513	3332	1888	1300
LP2101137-DNA_A01_vs_LP2101134-DNA_A01__pv	417	595	529	212	850	404	41	73	997	238	456	115	284
LP2101140-DNA_A01_vs_LP2101155-DNA_A01__pv	3011	1995	1320	7204	3397	1794	937	2017	2206	7481	2927	1275	2546
LP2101141-DNA_A01_vs_LP2101139-DNA_A01__pv	135	740	1157	2214	975	1462	553	735	2490	431	544	1509	893
LP2101142-DNA_A01_vs_LP2101143-DNA_A01__pv	1055	0	1845	775	16241	1315	2735	18061	3540	1278	978	0	0
LP2101144-DNA_A01_vs_LP2101145-DNA_A01__pv	476	326	543	1551	929	671	174	952	2455	730	565	340	799
LP2101146-DNA_A01_vs_LP2101147-DNA_A01__pv	608	605	1460	1181	1391	2660	328	1740	2274	2639	1164	181	467
LP2101148-DNA_A01_vs_LP2101149-DNA_A01__pv	600	0	1492	5234	649	524	484	973	1379	647	2628	1458	955
LP2101151-DNA_A01_vs_LP2101152-DNA_A01__pv	2161	1888	426	2899	943	1264	648	1722	3059	3028	2548	1750	1223
LP2101153-DNA_A01_vs_LP2101154-DNA_A01__pv	15295	10825	2590	4661	3209	2160	5946	2670	5377	1430	5201	1122	394
LP2101156-DNA_A01_vs_LP2101157-DNA_A01__pv	861	573	897	1889	15498	3682	2534	44297	3862	1414	1184	0	0
LP2101158-DNA_A01_vs_LP2101159-DNA_A01__pv	7647	6203	932	3326	5897	1358	3132	1803	2820	5055	923	1223	1222
LP2101160-DNA_A01_vs_LP2101161-DNA_A01__pv	3256	927	1172	1021	1781	1802	1261	573	2707	1009	634	820	797
LP2101162-DNA_B01_vs_LP2101163-DNA_B01__pv	177	266	392	268	245	181	63	55	221	456	0	152	68
LP2101164-DNA_A01_vs_LP2101165-DNA_A01__pv	315	156	1238	777	1208	497	166	355	1779	2212	1372	550	0
LP2101166-DNA_A01_vs_LP2101167-DNA_A01__pv	1409	651	177	1189	1276	1141	713	1005	2720	2568	666	499	199
LP2101168-DNA_A01_vs_LP2101169-DNA_A01__pv	123	196	692	1810	1522	610	106	429	1665	391	1329	796	905
LP2101170-DNA_A01_vs_LP2101511-DNA_A01__pv	73	339	774	1743	282	189	205	535	559	582	192	367	666
LP2101512-DNA_A01_vs_LP2101513-DNA_A01__pv	6513	6876	1095	1401	1401	693	1733	898	2274	1606	1898	648	509
LP6005334-DNA_A02_vs_LP6005333-DNA_A02__pv	1255	1942	255	1297	2363	909	597	870	2560	2392	1456	618	309
LP6005334-DNA_A03_vs_LP6005333-DNA_A03__pv	5146	1830	599	1678	2530	1169	1171	863	1920	2819	1379	895	471
LP6005334-DNA_A04_vs_LP6005333-DNA_A04__pv	2080	1970	614	1542	1587	530	514	440	1155	1180	906	1674	727
LP6005334-DNA_B01_vs_SM-4JPUU__pv	605	578	413	494	1716	2253	182	305	1860	2277	434	606	178
LP6005334-DNA_B02_vs_LP6005333-DNA_B02__pv	2600	3364	910	1437	3788	1173	1743	525	2671	3733	947	681	580
LP6005334-DNA_C01_vs_LP6005333-DNA_C01__pv	205	590	781	5362	437	476	319	1005	1670	846	450	1717	2002
LP6005334-DNA_C02_vs_LP6005333-DNA_C02__pv	426	272	468	2266	641	45	484	550	1192	620	122	792	729
LP6005334-DNA_C03_vs_LP6005333-DNA_C03__pv	1088	1198	913	1423	3846	719	624	1096	2904	1127	835	983	437
LP6005334-DNA_D01_vs_LP6005333-DNA_D01__pv	0	0	97	149	68	48	0	7	65	7	53	184	0
LP6005334-DNA_D02_vs_LP6005333-DNA_D02__pv	4351	11447	569	3344	731	324	2053	697	839	1203	580	2886	804
LP6005334-DNA_D03_vs_LP6005333-DNA_D03__pv	223	127	215	2255	749	258	129	458	0	2213	530	2603	322
LP6005334-DNA_E01_vs_LP6005333-DNA_E01__pv	1015	917	878	2864	2325	843	77	1370	2686	2013	1656	1263	664
LP6005334-DNA_E02_vs_LP6005333-DNA_E02__pv	870	1470	256	95	430	200	448	0	673	201	444	330	216
LP6005334-DNA_E03_vs_LP6005333-DNA_E03__pv	1495	1006	978	5394	724	439	948	1116	1836	761	3283	1892	1738
LP6005334-DNA_F01_vs_LP6005333-DNA_F01__pv	2125	1841	858	3504	2553	1637	634	1474	2188	5796	1235	1464	1167
LP6005334-DNA_F02_vs_LP6005333-DNA_F02__pv	5953	9585	598	2742	376	1564	7533	2562	3184	2687	736	329	1254
LP6005334-DNA_F03_vs_LP6005333-DNA_F03__pv	215	198	357	396	271	164	132	115	445	281	240	14	67
LP6005334-DNA_G01_vs_LP6005333-DNA_G01__pv	4076	3571	0	0	2559	3678	2281	603	5124	3621	0	6822	394
LP6005334-DNA_G02_vs_LP6005333-DNA_G02__pv	7617	6169	859	2801	1987	1090	2956	818	3621	2804	1303	1434	1018
LP6005334-DNA_G03_vs_LP6005333-DNA_G03__pv	2758	1065	457	1257	922	743	976	248	1866	1332	155	705	171
LP6005334-DNA_H01_vs_LP6005333-DNA_H01__pv	6036	2561	577	1589	1657	3719	3379	927	4166	3028	407	1718	573
LP6005334-DNA_H02_vs_LP6005333-DNA_H02__pv	16084	10767	851	2506	904	3289	7089	696	2841	3483	1220	288	613
LP6005334-DNA_H03_vs_LP6005333-DNA_H03__pv	6800	18691	0	1354	2275	988	3851	1322	3075	2792	2401	712	771
LP6005335-DNA_A01_vs_LP6005333-DNA_A03__pv	6026	2889	619	1176	1650	685	1263	617	1666	2300	422	511	315
LP6005409-DNA_A01_vs_LP6005408-DNA_A01__pv	33	67	441	0	792	1278	214	340	1554	823	0	1447	889
LP6005409-DNA_A02_vs_LP6005408-DNA_A02__pv	1066	575	410	1956	525	817	112	472	1312	1235	935	461	952
LP6005409-DNA_A03_vs_LP6005408-DNA_A03__pv	12319	9338	1894	2853	10965	2867	6836	0	0	1949	0	348	773
LP6005409-DNA_A04_vs_LP6005408-DNA_A04__pv	3628	4074	621	874	776	2130	1439	409	1457	1388	919	1223	493
LP6005409-DNA_B01_vs_LP6005408-DNA_B01__pv	22140	21433	455	171	719	1389	13721	605	1308	5088	2066	785	740
LP6005409-DNA_B02_vs_LP6005408-DNA_B02__pv	574	973	920	2054	2828	1179	439	397	1860	2141	161	737	993
LP6005409-DNA_B04_vs_LP6005408-DNA_B04__pv	89	621	326	1954	1030	0	106	450	41	34	2938	3425	384
LP6005409-DNA_C01_vs_LP6005408-DNA_C01__pv	914	614	390	429	2035	942	414	228	1377	661	469	828	326
LP6005409-DNA_C02_vs_LP6005408-DNA_C02__pv	949	484	305	421	742	342	244	45	697	1265	284	109	140
LP6005409-DNA_C04_vs_LP6005408-DNA_C04__pv	304	169	398	2661	645	697	337	568	1835	490	1374	408	1159
LP6005409-DNA_D01_vs_LP6005408-DNA_D01__pv	8401	11952	1100	2604	2464	2390	3470	131	1366	1477	3120	809	1085
LP6005409-DNA_D02_vs_LP6005408-DNA_D02__pv	6520	8343	1861	5208	3458	2146	1775	740	1751	1818	2006	2014	958
LP6005409-DNA_D03_vs_LP6005408-DNA_D03__pv	10617	19256	611	2220	1757	1919	5066	419	1716	1371	1703	1110	793
LP6005409-DNA_E01_vs_LP6005408-DNA_E01__pv	133	469	904	1744	1488	1003	193	250	1464	989	296	842	606
LP6005409-DNA_E02_vs_LP6005408-DNA_E02__pv	1007	772	474	465	1393	746	544	515	1622	1043	589	640	448
LP6005409-DNA_E03_vs_LP6005408-DNA_E03__pv	3823	9091	1216	4275	2358	417	2828	990	2148	1683	2771	996	1482
LP6005409-DNA_F01_vs_LP6005408-DNA_F01__pv	9387	3968	544	534	1541	525	2557	686	1107	2067	953	53	350
LP6005409-DNA_F02_vs_LP6005408-DNA_F02__pv	3119	1574	385	346	1492	1037	1044	418	2201	2202	21	1174	694
LP6005409-DNA_F03_vs_LP6005408-DNA_F03__pv	104	177	800	847	937	632	0	28	691	549	136	508	489
LP6005409-DNA_G02_vs_LP6005408-DNA_G02__pv	5812	3938	530	1595	679	975	3149	298	1198	677	562	461	908
LP6005409-DNA_G03_vs_LP6005408-DNA_G03__pv	7184	8691	470	879	1712	1399	912	428	2360	1200	1151	188	691
LP6005409-DNA_H01_vs_LP6005408-DNA_H01__pv	0	201	387	1161	2880	342	380	1469	2620	539	794	363	449
LP6005409-DNA_H02_vs_LP6005408-DNA_H02__pv	4307	2952	247	2003	1437	909	1663	911	2072	1818	709	271	824
LP6005409-DNA_H03_vs_LP6005408-DNA_H03__pv	2460	2965	507	731	472	620	1989	274	885	373	403	110	235
LP6005496-DNA_A01_vs_LP6005408-DNA_B03__pv	3710	3857	5150	522	0	0	4308	17599	4473	1250	1536	1466	1989
LP6005496-DNA_B01_vs_LP6005408-DNA_C03__pv	5849	1790	154	0	1549	2739	2067	580	2340	1553	0	1228	124
LP6005500-DNA_A01_vs_LP6005499-DNA_A01__pv	1213	902	680	1250	1308	1300	424	690	2209	1459	1300	981	685
LP6005500-DNA_A02_vs_LP6005499-DNA_A02__pv	2093	3748	1809	3793	3579	2137	2096	430	1984	1585	2154	351	1570
LP6005500-DNA_A03_vs_LP6005499-DNA_A03__pv	1806	2042	699	2359	620	912	995	920	1894	1571	813	889	610
LP6005500-DNA_B01_vs_LP6005499-DNA_B01__pv	2741	2792	1019	1660	1409	1100	890	557	1730	1020	968	738	772
LP6005500-DNA_B02_vs_LP6005499-DNA_B02__pv	8489	4058	724	2540	1802	1467	4649	1213	4755	1897	1717	893	895
LP6005500-DNA_B03_vs_LP6005499-DNA_B03__pv	3598	3245	1922	2448	341	523	1217	513	1617	644	2592	351	1186
LP6005500-DNA_C01_vs_LP6005499-DNA_C01__pv	1653	1150	728	1467	831	560	523	584	1232	2246	353	474	415
LP6005500-DNA_C02_vs_LP6005499-DNA_C02__pv	1976	1518	580	1576	4204	1735	876	4835	3684	1807	642	389	398
LP6005500-DNA_C03_vs_LP6005499-DNA_C03__pv	8034	4196	662	1196	2087	2704	2596	269	1164	1100	544	73	777
LP6005500-DNA_D01_vs_LP6005499-DNA_D01__pv	2574	1627	672	1466	1103	869	1845	632	1777	1616	401	430	473
LP6005500-DNA_D02_vs_LP6005499-DNA_D02__pv	5506	3389	171	885	2206	871	2124	1179	3476	5563	562	316	254
LP6005500-DNA_D03_vs_LP6005499-DNA_D03__pv	2846	2777	649	1337	1291	2310	1967	775	1978	1194	623	150	471
LP6005500-DNA_E02_vs_LP6005499-DNA_E02__pv	12309	13523	723	0	788	1269	5514	165	1516	1286	2371	494	615
LP6005500-DNA_E03_vs_LP6005499-DNA_E03__pv	12670	34722	276	3993	192	1764	17907	1678	1283	1686	535	1017	3170
LP6005500-DNA_F01_vs_LP6005499-DNA_F01__pv	4365	2508	567	2556	684	1522	2421	720	1717	1743	981	1434	638
LP6005500-DNA_F02_vs_LP6005499-DNA_F02__pv	3879	748	1394	3350	3782	4110	662	585	1679	2967	1267	5591	907
LP6005500-DNA_F03_vs_LP6005499-DNA_F03__pv	463	2495	0	1302	5247	1033	432	3775	6784	2936	1732	347	757
LP6005500-DNA_G01_vs_LP6005499-DNA_G01__pv	14296	19517	939	912	1789	2147	3681	129	1195	1047	644	129	665
LP6005500-DNA_G02_vs_LP6005499-DNA_G02__pv	0	20	524	322	1580	251	0	0	443	112	58	498	181
LP6005500-DNA_G03_vs_LP6005499-DNA_G03__pv	13219	1594	835	1074	1960	767	2174	525	1228	1272	161	276	206
LP6005500-DNA_H01_vs_LP6005499-DNA_H01__pv	2147	3986	722	817	2602	2738	607	371	2244	1528	2313	894	677
LP6005500-DNA_H02_vs_LP6005499-DNA_H02__pv	1329	3968	821	1139	2737	231	604	405	932	541	2085	2810	628
LP6005500-DNA_H03_vs_LP6005499-DNA_H03__pv	2202	4932	168	1295	1117	866	1614	2108	4476	1024	2509	587	205
LP6005501-DNA_A01_vs_LP6005499-DNA_A01__pv	311	113	460	453	476	282	95	21	527	610	108	103	160
LP6005501-DNA_B01_vs_LP6005499-DNA_B01__pv	2560	2481	1041	1659	1328	1219	889	577	1832	1013	1269	676	788
LP6005501-DNA_C01_vs_LP6005499-DNA_C01__pv	1806	1277	931	1564	3199	1650	892	1130	2819	3726	945	269	109
LP6005501-DNA_D01_vs_LP6005499-DNA_D01__pv	1864	1349	669	1471	2294	832	1335	885	2599	2217	454	1085	569
LP6005501-DNA_E01_vs_LP6005499-DNA_E01__pv	530	300	299	225	418	309	351	0	505	250	94	132	133
LP6005501-DNA_F01_vs_LP6005499-DNA_F01__pv	8447	3457	498	911	485	2025	4612	324	2755	1731	845	1016	0
LP6005690-DNA_A02_vs_LP6005689-DNA_A02__pv	460	409	879	1255	1473	788	448	949	1852	3241	446	474	391
LP6005690-DNA_B01_vs_LP6005689-DNA_B01__pv	3422	3617	730	1234	1120	917	926	380	1334	1796	886	423	539
LP6005690-DNA_B03_vs_LP6005777-DNA_A01__pv	8654	5758	343	1573	1256	891	5822	1146	1829	1330	441	696	244
LP6005690-DNA_C02_vs_LP6005689-DNA_C02__pv	507	109	776	2399	3027	1340	22	819	2119	2840	490	688	692
LP6005690-DNA_C03_vs_LP6005689-DNA_C03__pv	10027	5153	732	1281	1291	2645	3448	1344	2914	3651	594	514	626
LP6005690-DNA_D02_vs_LP6005689-DNA_D02__pv	10276	10904	259	754	1448	2282	5289	822	3762	982	1175	1129	462
LP6005690-DNA_D03_vs_LP6005689-DNA_D03__pv	8965	9702	600	1669	793	738	2448	871	1678	1106	1265	1391	471
LP6005690-DNA_E01_vs_LP6005689-DNA_E01__pv	6529	5186	504	2470	1722	1769	2430	1770	2976	5423	1373	1268	688
LP6005690-DNA_E02_vs_LP6005689-DNA_E02__pv	2	0	5	3	15	7	3	0	1	0	4	4	0
LP6005690-DNA_E03_vs_LP6005689-DNA_E03__pv	1664	842	860	994	1805	1944	633	441	880	2152	607	0	792
LP6005690-DNA_F01_vs_LP6005689-DNA_F01__pv	7398	5736	1044	1460	2022	2746	2062	341	1303	1869	2708	375	821
LP6005690-DNA_F02_vs_LP6005689-DNA_F02__pv	15842	7178	186	446	806	2290	9954	0	1187	1222	380	853	452
LP6005690-DNA_F03_vs_LP6005689-DNA_F03__pv	2102	1071	756	1325	1888	2596	1067	327	1642	1954	724	808	679
LP6005690-DNA_G02_vs_LP6005689-DNA_G02__pv	7960	3956	869	1155	1468	2360	2237	419	2085	2277	315	319	758
LP6005690-DNA_H02_vs_LP6005689-DNA_H02__pv	24888	14762	762	0	1963	1494	4804	448	1441	1748	1053	874	801
LP6005691-DNA_A01_vs_LP6005689-DNA_C01__pv	1203	747	472	752	1977	961	529	379	999	2248	277	46	366
LP6005691-DNA_A02_vs_LP6005689-DNA_F03__pv	685	364	419	520	900	500	240	130	712	655	106	260	201
LP6005691-DNA_B01_vs_LP6005689-DNA_E01__pv	7387	5384	1088	1888	1854	1649	2890	941	3443	5557	1577	1022	572
LP6005691-DNA_C01_vs_LP6005689-DNA_A02__pv	423	270	862	589	1863	1882	110	0	838	2734	416	156	87
LP6005691-DNA_D01_vs_LP6005689-DNA_B02__pv	26022	23827	634	646	936	0	13497	275	909	1387	833	1145	0
LP6005691-DNA_E01_vs_LP6005689-DNA_D01__pv	1415	748	907	878	571	88	704	0	1306	235	274	18	0
LP6005691-DNA_F01_vs_LP6005689-DNA_F01__pv	7541	5600	812	1351	1356	625	1600	149	1440	1226	793	301	57
LP6005691-DNA_G01_vs_LP6005689-DNA_G01__pv	1	0	65	0	73	20	9	0	40	11	12	9	33
LP6005691-DNA_H01_vs_LP6005689-DNA_H01__pv	1566	1324	343	201	390	331	668	0	537	631	142	158	84
LP6005935-DNA_A01_vs_LP6005979-DNA_A01__pv	11368	7218	1014	2043	3207	4831	5032	1350	4119	4366	1234	152	1001
LP6005935-DNA_A02_vs_LP6005934-DNA_A02__pv	3088	11733	37	1828	1498	778	2736	1512	1934	783	1181	1362	467
LP6005935-DNA_A03_vs_LP6005934-DNA_A03__pv	222	224	503	705	2205	782	11	1275	1913	1875	521	243	668
LP6005935-DNA_B01_vs_LP6005934-DNA_B01__pv	407	684	914	2418	369	584	623	846	2354	1091	1277	382	1495
LP6005935-DNA_B02_vs_LP6005934-DNA_B02__pv	6650	6016	1214	4140	975	311	2870	747	227	2034	4788	2038	740
LP6005935-DNA_B03_vs_LP6005934-DNA_B03__pv	10902	18021	581	2342	1476	612	3081	473	0	3290	5318	2388	593
LP6005935-DNA_B04_vs_LP6005934-DNA_B04__pv	850	819	759	1828	3637	1374	505	672	2021	3337	405	459	769
LP6005935-DNA_C01_vs_LP6005934-DNA_C01__pv	785	10618	5870	1119	9221	22683	1867	118486	0	3878	0	646	8171
LP6005935-DNA_C02_vs_LP6005979-DNA_B01__pv	7583	5250	1369	3124	2647	3542	1846	506	1432	2177	1381	751	1326
LP6005935-DNA_C03_vs_LP6005934-DNA_C03__pv	370	322	549	627	910	689	110	84	713	664	168	90	311
LP6005935-DNA_C04_vs_LP6005934-DNA_C04__pv	13860	11419	982	1034	2274	2578	10929	1233	5208	3387	695	2065	1264
LP6005935-DNA_D01_vs_LP6005934-DNA_D01__pv	12006	6122	1355	2292	2127	2646	3186	653	1791	4283	778	393	0
LP6005935-DNA_D02_vs_LP6005934-DNA_D02__pv	8736	3929	1131	2288	507	1375	3610	622	1444	1155	1092	598	364
LP6005935-DNA_D04_vs_LP6005934-DNA_C03__pv	1070	812	289	482	741	736	543	424	1005	1434	239	88	55
LP6005935-DNA_E01_vs_LP6005934-DNA_E01__pv	9696	11684	746	1654	2607	1293	8379	869	2149	1930	1296	503	962
LP6005935-DNA_E02_vs_LP6005934-DNA_E02__pv	4643	2946	1056	3069	1388	2005	2297	176	1182	1027	1460	0	1133
LP6005935-DNA_E03_vs_LP6005934-DNA_E03__pv	3519	2689	639	1728	1832	2925	937	0	2003	1836	564	728	834
LP6005935-DNA_E04_vs_LP6005934-DNA_E02__pv	2352	1535	526	837	904	442	929	217	691	1068	166	16	183
LP6005935-DNA_F01_vs_LP6005934-DNA_F01__pv	111	73	770	2959	365	142	116	552	801	243	377	1634	634
LP6005935-DNA_F02_vs_LP6005934-DNA_F02__pv	25684	24020	3088	157	0	3422	36819	1190	4375	294	2785	1096	258
LP6005935-DNA_F03_vs_LP6005934-DNA_F03__pv	730	822	1314	2053	18208	7329	596	27433	1190	832	1053	0	27
LP6005935-DNA_F04_vs_LP6007426-DNA_A01__pv	22931	16469	209	1290	123	0	7971	1294	0	1516	2307	6966	0
LP6005935-DNA_G01_vs_LP6005934-DNA_G01__pv	3896	10445	600	213	2702	2982	6422	502	2440	589	929	598	354
LP6005935-DNA_G02_vs_LP6005979-DNA_C01__pv	691	494	430	3220	1891	830	526	1766	2303	5537	613	1313	1367
LP6005935-DNA_G03_vs_LP6005934-DNA_G03__pv	974	306	189	855	616	689	0	508	2423	1334	949	585	704
LP6005935-DNA_H01_vs_LP6005934-DNA_H01__pv	6327	3946	891	3743	1991	952	3010	1042	2239	3747	1743	1216	1406
LP6005935-DNA_H02_vs_LP6005934-DNA_H02__pv	2466	2747	1343	3130	2196	302	777	861	2858	1774	2568	1851	1647
LP6005935-DNA_H03_vs_LP6005934-DNA_H03__pv	1130	0	4818	1631	14480	2152	2664	31885	3783	2112	676	336	0
LP6007358-DNA_A01_vs_LP6007553-DNA_A01__pv	2239	1405	695	1508	1092	1505	775	676	1921	2684	641	332	557
LP6007394-DNA_A01_vs_LP6007393-DNA_A01__pv	2764	2000	493	1017	1629	500	1560	0	1660	541	699	55	427
LP6007396-DNA_A01_vs_LP6007395-DNA_A01__pv	3283	2513	1439	2126	2315	2147	1025	284	1199	1747	1069	756	703
LP6007398-DNA_A01_vs_LP6007397-DNA_A01__pv	1987	748	791	1192	1618	4002	349	464	595	1122	1458	80	258
LP6007399-DNA_A01_vs_LP6007397-DNA_A01__pv	2001	774	787	1100	1593	3750	290	481	611	1106	1417	104	276
LP6007401-DNA_A01_vs_LP6007400-DNA_A01__pv	8656	8551	1881	1612	1537	1728	2136	875	1247	1643	7400	827	1244
LP6007402-DNA_A01_vs_LP6007400-DNA_A01__pv	4878	4637	302	616	884	563	2214	357	727	979	625	256	269
LP6007404-DNA_A01_vs_LP6007403-DNA_A01__pv	443	807	661	1867	1801	871	249	783	1979	2053	323	146	545
LP6007405-DNA_A01_vs_LP6007403-DNA_A01__pv	1200	955	317	410	501	161	470	110	674	715	159	14	193
LP6007407-DNA_A01_vs_LP6007406-DNA_A01__pv	6184	5436	0	1998	2533	2905	5891	1089	3292	2522	669	922	770
LP6007409-DNA_A01_vs_LP6007408-DNA_A01__pv	1265	717	915	1461	2803	548	290	479	2149	1262	1057	363	778
LP6007410-DNA_A01_vs_LP6007408-DNA_A01__pv	4165	3015	817	1153	2078	836	1812	328	2299	2095	858	140	546
LP6007414-DNA_A02_vs_LP6007413-DNA_A02__pv	289	262	368	1334	1606	703	197	919	1790	2018	659	488	365
LP6007416-DNA_A01_vs_LP6007415-DNA_A01__pv	1593	963	1027	2271	2277	2769	451	684	2735	2387	551	621	401
LP6007418-DNA_A02_vs_LP6007417-DNA_A02__pv	4826	2783	2502	3318	783	703	1132	1804	3746	718	2237	461	893
LP6007420-DNA_A01_vs_LP6007419-DNA_A01__pv	16288	10213	1295	0	144	2586	5294	0	3738	565	1380	3684	1031
LP6007422-DNA_A01_vs_LP6007421-DNA_A01__pv	1031	1073	798	1708	1376	847	1029	733	2380	1216	421	74	591
LP6007424-DNA_A01_vs_LP6007423-DNA_A01__pv	4938	1604	906	5924	950	1050	2607	1093	2309	937	466	1064	1696
LP6007425-DNA_A01_vs_LP6007423-DNA_A01__pv	5151	1633	807	6142	969	868	2396	1179	2040	932	520	1066	1639
LP6007427-DNA_A01_vs_LP6007426-DNA_A01__pv	29487	20673	0	2556	166	0	10057	1524	0	1520	3637	9023	0
LP6007428-DNA_A01_vs_LP6007426-DNA_A01__pv	181	186	869	491	376	327	76	0	224	192	132	36	265
LP6007430-DNA_A01_vs_LP6007429-DNA_A01__pv	3509	1344	716	1273	2997	1816	669	1092	2397	3471	934	450	614
LP6007432-DNA_A01_vs_LP6007431-DNA_A01__pv	16364	13684	0	1492	438	267	6052	258	1022	28	3188	1743	1588
LP6007434-DNA_A01_vs_LP6007433-DNA_A01__pv	3828	4459	182	1174	1236	1537	2497	817	1892	1548	898	422	4589
LP6007436-DNA_A01_vs_LP6007435-DNA_A01__pv	10534	8880	88	390	1813	1168	6043	676	3183	1649	1490	1167	234
LP6007438-DNA_A01_vs_LP6007437-DNA_A01__pv	121	174	579	2355	661	630	179	644	1021	229	1084	914	343
LP6007440-DNA_A01_vs_LP6007439-DNA_A01__pv	14338	18858	404	2854	2216	1335	9352	2018	4832	2595	1466	2232	695
LP6007442-DNA_A01_vs_LP6007441-DNA_A01__pv	9968	59429	2452	0	2393	1612	11056	1881	0	8197	19080	1408	2751
LP6007504-DNA_A01_vs_LP6007566-DNA_A01__pv	2157	1364	341	720	606	723	923	142	958	645	520	297	323
LP6007506-DNA_A01_vs_LP6007505-DNA_A01__pv	1753	1345	510	1193	1980	1592	897	393	2029	2005	453	1342	837
LP6007508-DNA_A01_vs_LP6007507-DNA_A01__pv	1443	864	383	1707	1137	1247	951	321	1963	571	245	657	728
LP6007512-DNA_A01_vs_LP6007511-DNA_A01__pv	5003	3901	524	1646	3321	1354	2252	765	2709	1359	1299	1197	441
LP6007514-DNA_A01_vs_LP6007513-DNA_A01__pv	1144	467	798	1885	1724	748	274	354	2611	1466	379	79	526
LP6007516-DNA_A01_vs_LP6007515-DNA_A01__pv	855	1049	1112	4299	1571	602	348	830	2325	980	602	1024	1946
LP6007518-DNA_A01_vs_LP6007517-DNA_A01__pv	9934	9667	1100	6605	333	2393	6098	1094	1346	1944	203	1156	1615
LP6007520-DNA_A01_vs_LP6007519-DNA_A01__pv	875	413	495	1749	1426	608	244	742	1714	1954	412	279	536
LP6007521-DNA_A01_vs_LP6007519-DNA_A01__pv	101	160	449	485	792	353	121	147	592	680	243	123	325
LP6007523-DNA_A01_vs_LP6007522-DNA_A01__pv	436	566	545	1805	1901	983	340	637	2721	2979	612	234	492
LP6007529-DNA_A01_vs_LP6007528-DNA_A01__pv	4501	4509	779	0	1566	2570	2535	140	3828	2900	352	1669	568
LP6007531-DNA_A01_vs_LP6007530-DNA_A01__pv	6165	10508	1385	2839	1781	983	2846	562	2017	893	3134	1203	545
LP6007533-DNA_A01_vs_LP6007532-DNA_A01__pv	772	288	406	844	1111	744	361	472	1513	1191	629	973	352
LP6007535-DNA_A01_vs_LP6007534-DNA_A01__pv	1180	149	357	646	684	771	431	335	1549	675	263	883	149
LP6007536-DNA_A01_vs_LP6007534-DNA_A01__pv	741	144	363	1158	537	344	224	459	990	603	440	2511	378
LP6007538-DNA_A01_vs_LP6007537-DNA_A01__pv	8987	4440	428	1018	1161	951	2993	893	2235	2021	826	923	237
LP6007540-DNA_A01_vs_LP6007539-DNA_A01__pv	3137	3490	602	986	2437	1031	750	529	1370	2522	993	275	423
LP6007542-DNA_A01_vs_LP6007541-DNA_A01__pv	3550	1949	743	5331	2438	413	1728	1762	1515	2421	4388	2974	1527
LP6007544-DNA_A01_vs_LP6007569-DNA_A01__pv	1684	2234	1020	1672	2137	1723	621	608	2201	3256	1089	393	474
LP6007546-DNA_A01_vs_LP6007568-DNA_A01__pv	625	1668	552	0	2039	1429	365	59	2000	1332	0	1030	569
LP6007548-DNA_A01_vs_LP6007547-DNA_A01__pv	931	630	245	30	456	524	572	280	1240	738	180	643	0
LP6007550-DNA_A01_vs_LP6007549-DNA_A01__pv	8392	9008	429	555	1899	1357	1539	689	1961	2180	1389	1628	521
LP6007552-DNA_A01_vs_LP6007551-DNA_A01__pv	2684	3105	620	2975	947	1157	1159	630	1837	1364	918	2263	597
LP6007567-DNA_A01_vs_LP6007524-DNA_A01__pv	3259	3021	1131	1471	1954	1071	0	353	1575	1382	1334	514	1061
LP6007591_vs_LP6007590__pv	7030	21865	0	195	4244	4050	6557	405	5716	2115	1846	2990	1298
LP6007592_vs_LP6007590__pv	1450	1044	786	654	2099	611	399	171	1214	1399	586	428	512
LP6007594_vs_LP6007593__pv	366	565	1139	1730	3117	968	449	1488	2814	2593	798	115	1173
LP6007595_vs_LP6007593__pv	2215	1571	459	860	1303	567	875	671	1188	1677	490	0	442
LP6007597_vs_LP6007596__pv	13245	587	342	1248	1899	1750	10091	819	1195	2349	531	249	3632
LP6007598_vs_LP6007596__pv	4989	10	235	254	730	443	2229	341	978	1155	227	133	563
LP6007600_vs_LP6007599__pv	143	64	1012	972	932	926	0	100	701	571	108	0	438
LP6007602_vs_LP6007601__pv	15382	33935	1067	1609	550	149	3937	639	506	0	4958	1117	1114
LP6008017-DNA_A01_vs_LP6008018-DNA_B01__pv	15051	12131	191	1685	1164	570	4412	1110	2388	1626	390	65	1362
LP6008017-DNA_A02_vs_LP6008018-DNA_B01__pv	29741	13917	0	1448	1039	396	6771	1201	1853	1734	0	244	1774
LP6008017-DNA_A03_vs_LP6008018-DNA_C01__pv	15546	13801	704	1761	1710	1573	7682	769	2045	3718	106	490	375
LP6008017-DNA_A04_vs_LP6008018-DNA_A01__pv	5412	3279	335	0	2114	2745	2499	838	5765	1971	0	4489	295
LP6008017-DNA_B01_vs_LP6008018-DNA_B01__pv	21143	15503	0	1657	1128	448	6247	982	2223	1590	0	150	1420
LP6008017-DNA_B02_vs_LP6008018-DNA_B01__pv	15104	11680	122	1533	945	441	4245	972	2330	1497	289	114	1208
LP6008017-DNA_B03_vs_LP6008018-DNA_C01__pv	15766	13993	711	2039	1832	1596	7578	975	1951	3755	0	533	853
LP6008017-DNA_B04_vs_LP6008018-DNA_A01__pv	2708	1647	409	385	856	709	1188	399	1792	1105	149	719	161
LP6008017-DNA_C01_vs_LP6008018-DNA_B01__pv	29506	20506	290	1827	947	408	4802	1185	2737	1623	151	262	2037
LP6008017-DNA_C02_vs_LP6008018-DNA_C01__pv	15254	13471	810	1721	1577	1513	7346	656	1739	3647	107	443	697
LP6008017-DNA_C03_vs_LP6008018-DNA_C01__pv	15445	13995	680	1747	1701	1572	7762	793	1878	3653	57	486	708
LP6008017-DNA_C04_vs_LP6008018-DNA_C01__pv	2	5	29	17	17	28	0	15	9	6	0	7	0
LP6008017-DNA_D01_vs_LP6008018-DNA_B01__pv	21569	17050	0	1846	1109	499	6378	964	2483	1737	299	53	1313
LP6008017-DNA_D02_vs_LP6008018-DNA_C01__pv	15479	13793	769	2025	1671	1599	7971	776	1986	3717	273	499	1566
LP6008017-DNA_D03_vs_LP6008018-DNA_A01__pv	5118	3320	881	869	2347	1611	2154	826	3461	2104	474	2429	670
LP6008017-DNA_E01_vs_LP6008018-DNA_B01__pv	27571	19327	512	1798	925	367	5278	1276	2256	1661	0	353	2535
LP6008017-DNA_E02_vs_LP6008018-DNA_C01__pv	15102	13837	642	1744	1541	1887	8262	735	1855	3670	75	522	3563
LP6008017-DNA_E03_vs_LP6008018-DNA_A01__pv	4952	3206	598	634	1885	1449	2180	824	3615	2005	294	1681	615
LP6008017-DNA_F01_vs_LP6008018-DNA_B01__pv	15841	13713	0	1974	1040	420	5128	1304	2362	1866	27	143	2352
LP6008017-DNA_F02_vs_LP6008018-DNA_C01__pv	15778	14548	554	1931	1667	1628	8560	804	2157	3715	135	471	1409
LP6008017-DNA_F03_vs_LP6008018-DNA_A01__pv	3713	2334	445	0	1043	1283	1601	318	2748	1301	136	1804	255
LP6008017-DNA_G01_vs_LP6008018-DNA_B01__pv	18198	13225	90	1876	1169	555	4621	1195	2560	1630	341	84	1328
LP6008017-DNA_G02_vs_LP6008018-DNA_C01__pv	16765	15648	682	2120	1591	1646	8900	1103	1982	3832	22	811	3081
LP6008017-DNA_G03_vs_LP6008018-DNA_A01__pv	5215	3129	564	758	2007	1754	2177	823	4073	2300	331	2745	785
LP6008017-DNA_H01_vs_LP6008018-DNA_B01__pv	21715	18147	261	1962	1017	409	5899	1097	2210	1756	0	222	2096
LP6008017-DNA_H02_vs_LP6008018-DNA_C01__pv	15402	13733	720	2122	1589	1521	7394	819	1736	3706	71	598	2494
LP6008017-DNA_H03_vs_LP6008018-DNA_A01__pv	6878	3309	426	0	2128	2802	2629	861	5450	1944	0	4520	392
LP6008031-DNA_A01_vs_LP6008032-DNA_A01__pv	2622	1540	1513	5015	728	250	1327	2040	750	2089	2330	4267	1253
LP6008031-DNA_A02_vs_LP6008032-DNA_C02__pv	2915	2062	855	3484	2755	3480	1052	1822	2658	5438	1434	3063	408
LP6008031-DNA_A03_vs_LP6008032-DNA_E03__pv	988	575	673	536	1690	1321	378	362	1640	2270	269	730	537
LP6008031-DNA_A04_vs_LP6008032-DNA_D03__pv	11070	6519	159	966	1562	829	3561	377	3042	1151	919	894	246
LP6008031-DNA_B01_vs_LP6008032-DNA_B01__pv	2150	2440	640	831	1523	942	404	197	1089	762	558	617	376
LP6008031-DNA_B02_vs_LP6008032-DNA_D02__pv	797	768	261	1926	2142	1096	384	984	2042	4826	460	475	1136
LP6008031-DNA_B03_vs_LP6008032-DNA_F03__pv	138	323	979	1174	2072	719	195	354	1507	1761	135	1027	466
LP6008031-DNA_B04_vs_LP6008032-DNA_C02__pv	158	189	566	587	640	610	175	117	453	901	249	54	209
LP6008031-DNA_C01_vs_LP6008032-DNA_C01__pv	4098	6769	727	3087	3847	1819	1685	1268	3286	3129	436	1434	945
LP6008031-DNA_C02_vs_LP6008032-DNA_E02__pv	4114	2190	1017	1702	2826	1106	970	395	2213	2770	1819	152	950
LP6008031-DNA_C03_vs_LP6008032-DNA_G03__pv	0	0	9	15	86	0	1	0	26	22	3	5	14
LP6008031-DNA_D01_vs_LP6008032-DNA_D01__pv	3037	1212	332	2292	654	1380	1086	666	1126	1503	578	513	857
LP6008031-DNA_D02_vs_LP6008032-DNA_F02__pv	4548	3543	590	1323	1625	281	2759	1021	2257	1685	489	445	612
LP6008031-DNA_D03_vs_LP6008032-DNA_H03__pv	593	398	797	2942	1100	2524	339	553	1770	2380	593	1046	772
LP6008031-DNA_E01_vs_LP6008032-DNA_E01__pv	6411	1065	6884	0	6945	0	2315	26627	11208	2955	1830	0	0
LP6008031-DNA_E02_vs_LP6008032-DNA_G02__pv	8598	3158	676	2276	1674	2431	2632	757	2148	5268	501	417	748
LP6008031-DNA_E03_vs_LP6008032-DNA_A04__pv	5888	5562	6298	0	11114	2315	4047	49425	6605	1856	0	600	1255
LP6008031-DNA_F01_vs_LP6008032-DNA_F01__pv	2695	2217	766	1725	1585	948	1338	640	1710	2461	448	332	564
LP6008031-DNA_F02_vs_LP6008032-DNA_H02__pv	1693	1591	266	575	817	727	2045	0	882	327	151	202	152
LP6008031-DNA_F03_vs_LP6008032-DNA_H01__pv	9022	7991	1574	4033	3571	1922	2483	954	3394	1964	1685	977	1329
LP6008031-DNA_G01_vs_LP6008032-DNA_G01__pv	3865	3821	273	1431	1193	709	2354	559	1878	1180	1884	560	614
LP6008031-DNA_G02_vs_LP6008032-DNA_A03__pv	1479	777	859	3064	1277	1240	347	1055	2100	1653	969	913	726
LP6008031-DNA_G03_vs_LP6008032-DNA_A02__pv	6262	1205	1514	5649	136	291	2810	1465	4002	2816	7389	1784	3117
LP6008031-DNA_H01_vs_LP6008032-DNA_B02__pv	3850	3426	736	1211	2915	1130	1215	1156	3985	1377	977	341	675
LP6008031-DNA_H02_vs_LP6008032-DNA_B03__pv	550	1402	3776	0	8126	1854	305	25068	5017	2472	440	369	1454
LP6008031-DNA_H03_vs_LP6008032-DNA_C03__pv	10017	18742	3927	669	10697	3810	4332	22445	1453	1178	44	178	0
LP6008051-DNA_A01_vs_LP6008050-DNA_C02__pv	149	1	635	725	1103	1068	25	0	1750	1247	0	1384	462
LP6008051-DNA_A02_vs_LP6008050-DNA_E01__pv	2041	1500	615	1285	1269	1189	980	644	1876	1110	465	201	645
LP6008051-DNA_A03_vs_LP6008050-DNA_G02__pv	5878	25898	1276	3630	977	313	3168	1857	1375	1503	4795	1742	770
LP6008051-DNA_B01_vs_LP6008138-DNA_B03__pv	3628	5541	365	1308	662	1870	5079	587	1953	634	437	178	660
LP6008051-DNA_B02_vs_LP6008050-DNA_F01__pv	3682	2779	650	584	3514	1412	1626	603	2553	3713	518	1491	742
LP6008051-DNA_B03_vs_LP6008050-DNA_G02__pv	5537	24950	1158	3398	1069	332	2860	1454	1055	1235	5123	1615	712
LP6008051-DNA_C01_vs_LP6008050-DNA_E02__pv	4244	3808	503	1302	2345	1272	2539	801	3100	1789	904	675	449
LP6008051-DNA_C02_vs_LP6008050-DNA_G01__pv	2047	4435	1728	1970	1013	759	397	521	1713	637	3086	779	1151
LP6008051-DNA_C03_vs_LP6008050-DNA_G02__pv	5811	25808	1470	3809	1084	264	3290	2060	1947	1439	5681	1704	737
LP6008051-DNA_D01_vs_LP6008050-DNA_F02__pv	4373	3015	1076	2369	3073	1020	1413	1097	3717	3665	1664	472	907
LP6008051-DNA_D03_vs_LP6008050-DNA_G02__pv	5117	25210	459	3302	1149	529	3029	1512	1717	1902	3616	1662	897
LP6008051-DNA_E01_vs_LP6008050-DNA_A01__pv	2704	2009	1679	2951	1592	1310	1232	715	2334	1201	1814	9	858
LP6008051-DNA_E02_vs_LP6008050-DNA_A02__pv	1408	1343	548	74	1497	781	354	270	1733	2583	2057	4	11007
LP6008051-DNA_E03_vs_LP6008050-DNA_G02__pv	5675	25108	1062	2941	1102	542	3010	1506	1407	1403	4211	1466	835
LP6008051-DNA_F01_vs_LP6008050-DNA_B01__pv	4348	2120	963	1992	2533	1729	836	429	2511	1944	795	238	336
LP6008051-DNA_F02_vs_LP6008050-DNA_B02__pv	1522	668	1237	9115	1716	306	994	2084	1984	2194	2011	2501	2223
LP6008051-DNA_F03_vs_LP6008050-DNA_G02__pv	5619	24954	1025	2623	1241	492	3043	1420	1375	1232	4280	1508	793
LP6008051-DNA_G01_vs_LP6008050-DNA_C01__pv	934	2644	711	1999	548	617	1079	1072	2061	631	742	3461	289
LP6008051-DNA_G02_vs_LP6008050-DNA_B02__pv	315	81	303	481	1023	337	143	218	736	945	123	229	238
LP6008051-DNA_G03_vs_LP6008050-DNA_G02__pv	5823	25191	1097	3044	979	556	3137	2016	1838	1441	5094	1489	777
LP6008051-DNA_H03_vs_LP6008050-DNA_G02__pv	5661	24984	1028	3252	1080	322	2972	1530	1436	1245	4137	1576	794
LP6008139-DNA_A01_vs_LP6008140-DNA_A01__pv	5055	7110	766	2848	1222	928	2386	1091	1382	1840	1577	417	2184
LP6008139-DNA_A02_vs_LP6008140-DNA_A01__pv	4887	6239	765	2280	904	799	2059	920	1573	1623	1145	370	1945
LP6008139-DNA_A03_vs_LP2000102-DNA_A01__pv	3388	3703	791	2095	722	278	1972	1124	0	4373	1007	4218	2441
LP6008139-DNA_B01_vs_LP6008140-DNA_A01__pv	5291	7143	1058	2697	1242	980	1956	1020	1215	1959	1465	432	2836
LP6008139-DNA_B02_vs_LP6008140-DNA_A01__pv	4205	4804	542	1495	681	623	1672	819	1058	1083	1313	305	1119
LP6008139-DNA_B03_vs_LP6005408-DNA_H03__pv	5833	7635	871	2271	1288	1140	5493	1344	2285	850	1216	316	1175
LP6008139-DNA_C01_vs_LP6008140-DNA_A01__pv	4845	5714	716	2578	1186	867	2047	902	1513	1676	1443	288	1087
LP6008139-DNA_C02_vs_LP6008140-DNA_A01__pv	3859	11122	1172	2587	1065	696	2192	1480	1145	1490	1632	515	2326
LP6008139-DNA_C03_vs_LP6005408-DNA_H03__pv	5846	7598	841	2383	1326	1202	5424	1345	2206	763	1231	287	731
LP6008139-DNA_D01_vs_LP6008140-DNA_A01__pv	4865	4945	954	2359	1327	1121	1732	902	1323	1749	1641	262	1091
LP6008139-DNA_D02_vs_LP6008140-DNA_A01__pv	4620	7000	745	2495	1052	781	2150	1325	1383	1555	1546	365	1744
LP6008139-DNA_D03_vs_LP6008140-DNA_A01__pv	6165	4354	267	774	935	564	2794	402	1050	1089	498	248	116
LP6008139-DNA_E01_vs_LP6008140-DNA_A01__pv	3948	10792	1104	2839	1030	688	2371	1884	974	1607	1788	607	1955
LP6008139-DNA_E02_vs_LP6008140-DNA_A01__pv	5271	6861	716	2649	1209	970	2169	1261	1506	1773	1286	431	2492
LP6008139-DNA_F01_vs_LP6008140-DNA_A01__pv	5146	7310	860	2715	1188	1036	2386	1410	1315	1684	1725	421	2208
LP6008139-DNA_F02_vs_LP6008140-DNA_A01__pv	5347	4938	868	2499	1387	1162	2054	886	1275	2083	1508	283	738
LP6008139-DNA_G01_vs_LP6008140-DNA_A01__pv	5239	6780	832	2885	1204	1017	2465	1322	1664	1938	1448	463	2611
LP6008139-DNA_G02_vs_LP6008140-DNA_A01__pv	3431	2659	115	136	192	153	1622	141	388	243	235	27	0
LP6008139-DNA_H01_vs_LP6008140-DNA_A01__pv	5251	5991	692	2534	1052	932	2260	1267	1615	1758	1333	388	1895
LP6008139-DNA_H02_vs_LP2000102-DNA_A01__pv	3392	3674	819	2268	801	221	1947	1162	0	4478	946	4260	2551
LP6008141-DNA_A01_vs_LP6008138-DNA_A01__pv	7620	1762	762	1533	4769	1689	1537	614	2301	3544	1195	836	563
LP6008141-DNA_A02_vs_LP6008138-DNA_A02__pv	53134	12216	2371	245	1079	1248	0	475	2522	4288	5828	207	1521
LP6008141-DNA_A03_vs_LP6008138-DNA_F01__pv	3716	3265	380	485	683	351	1304	263	567	415	374	211	152
LP6008141-DNA_B01_vs_LP6008138-DNA_B01__pv	3343	5055	924	562	2005	2809	2238	33	2713	1570	406	1186	109
LP6008141-DNA_B02_vs_LP6008138-DNA_B02__pv	3236	915	494	1539	1911	3287	1280	524	1513	3018	450	0	427
LP6008141-DNA_B03_vs_LP6008138-DNA_H01__pv	2909	2558	755	594	2047	482	1001	189	1586	1645	591	4	441
LP6008141-DNA_C01_vs_LP6008138-DNA_C01__pv	3160	2398	596	822	1875	1295	1188	848	1845	3101	699	938	91
LP6008141-DNA_C02_vs_LP6008138-DNA_C02__pv	15093	20364	1295	2340	2702	1907	4884	1317	1897	2957	2369	118	1221
LP6008141-DNA_C03_vs_LP6008032-DNA_A03__pv	1428	755	798	2903	1294	1173	351	1052	2079	1629	935	921	691
LP6008141-DNA_D01_vs_LP6008138-DNA_D01__pv	1331	2847	217	8449	1078	0	604	2339	0	2259	3769	9661	1003
LP6008141-DNA_D02_vs_LP6008138-DNA_D02__pv	9678	31423	62	3408	655	597	5051	1771	537	0	8170	6470	1051
LP6008141-DNA_E01_vs_LP6008138-DNA_E01__pv	3018	3165	1069	1870	2103	802	1285	925	1855	1729	4425	1193	704
LP6008141-DNA_E02_vs_LP6008138-DNA_E02__pv	5158	5455	855	2959	1765	1831	3289	916	88	1335	1524	1488	760
LP6008141-DNA_F01_vs_LP6008138-DNA_F01__pv	2765	2027	821	2904	550	1012	1662	763	1412	587	532	703	921
LP6008141-DNA_F02_vs_LP6008138-DNA_F02__pv	13782	20834	734	1847	728	1695	7023	728	2133	1874	2109	842	1202
LP6008141-DNA_G01_vs_LP6008138-DNA_G01__pv	786	470	745	771	1968	2291	205	465	1971	1165	234	590	504
LP6008141-DNA_G02_vs_LP6008138-DNA_G02__pv	7364	7419	61	760	1593	1169	4010	772	2595	2309	1223	816	566
LP6008141-DNA_H01_vs_LP6008138-DNA_H01__pv	666	428	977	3464	691	565	671	851	1903	894	1252	503	1038
LP6008141-DNA_H02_vs_LP6008138-DNA_H02__pv	1800	759	263	1095	1328	2008	521	716	2052	5058	312	699	936
LP6008143-DNA_A01_vs_LP6008144-DNA_A01__pv	3944	5548	536	3282	3448	1233	4681	865	2287	3096	178	119	1003
LP6008143-DNA_A02_vs_LP6008144-DNA_A01__pv	2467	3167	555	2566	3196	945	2179	688	1950	2856	36	155	723
LP6008143-DNA_B01_vs_LP6008144-DNA_A01__pv	3681	5130	535	3163	3247	1155	4279	884	2042	3055	166	129	1001
LP6008143-DNA_B02_vs_LP6008144-DNA_A01__pv	1601	1775	220	837	826	296	1754	144	750	1039	132	0	122
LP6008143-DNA_C01_vs_LP6008144-DNA_A01__pv	7359	6329	555	3866	3458	1231	7149	1063	2422	3203	203	94	1142
LP6008143-DNA_C02_vs_LP6008144-DNA_A01__pv	13622	7606	1053	3735	3135	767	11516	1281	2290	3123	0	206	1461
LP6008143-DNA_D01_vs_LP6008144-DNA_A01__pv	6085	7012	340	3636	3278	1175	6983	962	2388	3112	125	40	1333
LP6008143-DNA_D02_vs_LP6008144-DNA_A01__pv	6009	5911	539	3643	3296	1159	6445	1035	2276	3139	41	106	1378
LP6008143-DNA_E01_vs_LP6008144-DNA_A01__pv	5818	5617	502	3437	3259	1098	6248	914	2347	3052	126	90	1105
LP6008143-DNA_E02_vs_LP6008144-DNA_A01__pv	5874	5682	418	3523	3112	1072	6246	984	2408	3018	116	77	1138
LP6008143-DNA_F01_vs_LP6008144-DNA_A01__pv	138	248	47	83	107	1	155	0	153	155	0	11	78
LP6008143-DNA_F02_vs_LP6008144-DNA_A01__pv	6920	6525	559	4020	3354	1306	7046	1040	2387	3161	155	62	1370
LP6008143-DNA_G01_vs_LP6008144-DNA_A01__pv	4607	4932	437	3271	3330	1059	5076	906	2234	3037	118	156	852
LP6008143-DNA_G02_vs_LP6008144-DNA_A01__pv	5995	5829	545	3543	3269	1134	6352	976	2405	3114	76	61	1199
LP6008143-DNA_H01_vs_LP6008144-DNA_A01__pv	5209	4958	565	3183	2692	1006	5560	701	2098	2715	67	59	951
LP6008143-DNA_H02_vs_LP6008144-DNA_A01__pv	7899	6880	555	3712	3197	1051	7657	978	2373	3041	85	83	1377
LP6008202-DNA_A01_vs_LP6008201-DNA_A01__pv	2473	1833	93627	34568	16918	28341	2346	3149	5945	3126	6119	2416	2286
LP6008202-DNA_A02_vs_LP6008201-DNA_A02__pv	12506	17918	1916	1125	1417	1129	6457	238	1420	313	0	2363	43
LP6008202-DNA_A03_vs_LP6008201-DNA_A03__pv	135	34	182	1808	195	0	78	254	0	750	750	1489	65
LP6008202-DNA_B01_vs_LP6008201-DNA_B01__pv	7138	10595	200	4162	1017	1153	4580	1490	2391	2587	1853	2154	741
LP6008202-DNA_B02_vs_LP6008201-DNA_B02__pv	2465	2464	685	1396	3126	1309	2263	1272	2400	3400	604	467	3818
LP6008202-DNA_B03_vs_LP6008201-DNA_B03__pv	55	3513	45	190	103	84	241	0	157	24	221	102	14
LP6008202-DNA_C01_vs_LP6008201-DNA_C01__pv	5169	4996	17577	8374	4253	6141	864	1195	3857	2903	2694	1730	1179
LP6008202-DNA_C02_vs_LP6008201-DNA_C02__pv	1155	679	495	433	1013	733	665	898	1971	1253	422	574	216
LP6008202-DNA_C03_vs_LP6008201-DNA_C03__pv	3280	2926	367	953	1883	1243	1564	782	1373	1406	1530	138	2375
LP6008202-DNA_D01_vs_LP6008201-DNA_D01__pv	17	335	40446	14388	7030	11458	617	879	2779	1407	2729	1038	7
LP6008202-DNA_D02_vs_LP6008201-DNA_D02__pv	1077	1081	629	2762	2410	635	251	784	2660	2263	645	1109	861
LP6008202-DNA_D03_vs_LP6008201-DNA_D03__pv	4502	3044	92	1037	356	867	2655	690	1626	1195	0	2928	480
LP6008202-DNA_E01_vs_LP6008201-DNA_E01__pv	4693	6332	552	583	1436	1138	1615	2991	904	2685	3799	1711	18415
LP6008202-DNA_E02_vs_LP6008201-DNA_E02__pv	2114	1375	2194	1109	1613	1730	823	254	1545	1317	304	164	308
LP6008202-DNA_E03_vs_LP6008201-DNA_D01__pv	139	209	31706	12484	5193	9911	836	854	2216	1963	3025	1111	29
LP6008202-DNA_F02_vs_LP6008201-DNA_F02__pv	1861	943	1014	1337	1990	2326	1039	474	1261	1628	682	274	429
LP6008202-DNA_G01_vs_LP6008201-DNA_G01__pv	387	508	4669	2147	1722	1857	454	1728	1954	3690	427	309	274
LP6008202-DNA_G02_vs_LP6008201-DNA_G02__pv	7780	5109	1158	2978	606	839	3688	764	1554	1027	658	1101	970
LP6008202-DNA_H01_vs_LP6008201-DNA_H01__pv	4132	6531	11591	5403	3345	4717	4858	581	2534	1446	1074	645	64
LP6008202-DNA_H02_vs_LP6008201-DNA_H02__pv	4140	2016	812	1280	1078	1295	2013	711	2951	894	637	1329	461
LP6008208-DNA_A01_vs_LP6008203-DNA_A01__pv	0	29	602	709	1074	383	0	279	1067	795	319	339	377
LP6008208-DNA_A02_vs_LP6005979-DNA_A01__pv	19577	14644	411	1620	1820	1289	9080	1102	2832	1740	1393	1160	1149
LP6008208-DNA_B01_vs_LP6008203-DNA_A01__pv	3	5	109	40	75	28	0	0	76	48	42	84	48
LP6008208-DNA_B02_vs_LP6005979-DNA_A01__pv	0	1	45	9	3	0	0	6	17	0	14	0	0
LP6008208-DNA_C01_vs_LP6008203-DNA_A01__pv	16	17	515	745	1199	429	2	551	1261	1317	362	376	359
LP6008208-DNA_C02_vs_LP6005979-DNA_A01__pv	4753	4963	121	91	2788	3724	1723	1442	2866	2113	977	733	2793
LP6008208-DNA_D01_vs_LP6008203-DNA_A01__pv	0	32	592	611	1207	389	14	371	1290	703	392	274	267
LP6008208-DNA_E01_vs_LP6008203-DNA_A01__pv	0	25	577	558	1235	407	0	380	1242	707	354	280	279
LP6008208-DNA_F01_vs_LP6008203-DNA_A01__pv	0	20	567	670	1206	402	24	396	1200	649	460	317	273
LP6008208-DNA_G01_vs_LP6008203-DNA_A01__pv	0	42	539	548	1056	343	14	321	1145	512	334	327	266
LP6008208-DNA_H01_vs_LP6005979-DNA_A01__pv	4619	4882	149	136	2738	3668	1648	1471	2602	2126	929	625	2670
LP6008221-DNA_A01_vs_LP6008220-DNA_A01__pv	15082	9608	522	65	1378	970	4037	353	1795	1194	434	767	324
LP6008221-DNA_A02_vs_LP6008220-DNA_A02__pv	170	599	1477	3072	1959	142	933	1433	2764	5108	858	369	1331
LP6008221-DNA_A03_vs_LP6008220-DNA_A03__pv	1387	650	839	1571	2946	1113	203	426	2462	3277	534	464	553
LP6008221-DNA_A04_vs_LP6008050-DNA_H01__pv	2991	3035	911	6038	1121	575	1526	1421	2345	1059	2278	409	2524
LP6008221-DNA_B01_vs_LP6008220-DNA_B01__pv	0	92	342	329	259	112	64	81	194	325	153	215	95
LP6008221-DNA_B02_vs_LP6008220-DNA_B02__pv	1117	2753	881	2014	639	956	1079	373	1440	845	978	1129	330
LP6008221-DNA_B03_vs_LP6008220-DNA_B03__pv	5523	2931	870	1599	1934	2680	1206	428	1308	1540	821	202	1055
LP6008221-DNA_C01_vs_LP6008220-DNA_C01__pv	8900	9109	646	1945	2242	620	3535	1636	2839	1406	3063	2580	249
LP6008221-DNA_C02_vs_LP6008220-DNA_C02__pv	215	135	517	1103	1396	404	23	232	827	711	94	297	614
LP6008221-DNA_C03_vs_LP6008220-DNA_C03__pv	1379	1162	388	2031	1198	924	772	503	1739	1509	878	762	963
LP6008221-DNA_D01_vs_LP6008220-DNA_D01__pv	5555	4855	1652	4028	3380	4668	3330	683	1148	2784	2290	1383	836
LP6008221-DNA_D02_vs_LP6008220-DNA_D02__pv	5639	3775	660	2044	1148	148	1386	831	1395	1759	762	3051	147
LP6008221-DNA_D03_vs_LP6008220-DNA_D03__pv	7028	14576	1986	1366	1344	1810	3175	696	3037	191	2827	664	926
LP6008221-DNA_E01_vs_LP6008220-DNA_E01__pv	13891	6753	324	1676	525	1177	10740	918	1781	915	312	0	584
LP6008221-DNA_E02_vs_LP6008220-DNA_E02__pv	13718	9303	816	1226	1084	728	5501	559	1874	1071	1213	567	96
LP6008221-DNA_E03_vs_LP6008220-DNA_E03__pv	11791	10960	1652	2388	2036	3332	3892	918	2108	1719	1878	246	547
LP6008221-DNA_F01_vs_LP6008220-DNA_F01__pv	2160	1007	957	2791	617	1093	1487	772	2000	1085	488	257	964
LP6008221-DNA_F02_vs_LP6008220-DNA_F02__pv	3100	173	8692	0	0	2192	437	31934	6629	159	1946	2158	1383
LP6008221-DNA_F03_vs_LP6008220-DNA_F03__pv	7041	7437	1327	2399	1694	1644	4379	2600	4278	2311	2341	0	930
LP6008221-DNA_G01_vs_LP6008220-DNA_G01__pv	50	47	969	1928	685	842	84	333	2066	396	289	567	673
LP6008221-DNA_G02_vs_LP6008220-DNA_G02__pv	3112	1908	436	1535	1593	1500	965	925	1632	4023	1535	415	731
LP6008221-DNA_G03_vs_LP6008220-DNA_H02__pv	463	580	363	430	602	269	234	72	491	442	217	258	179
LP6008221-DNA_H01_vs_LP6008220-DNA_H01__pv	1189	1564	426	0	2749	2978	1025	350	2190	1076	404	3051	270
LP6008221-DNA_H02_vs_LP6008220-DNA_H02__pv	1367	1269	1211	5396	1317	767	395	1070	1576	2075	2546	1219	1882
LP6008221-DNA_H03_vs_LP6008220-DNA_D03__pv	1172	1038	295	429	543	184	251	88	474	542	223	122	29
LP6008267-DNA_A01_vs_LP6008266-DNA_A01__pv	17999	12565	460	1368	2575	1391	9026	443	1966	2363	959	595	417
LP6008267-DNA_A02_vs_LP6008266-DNA_G01__pv	911	790	1032	1287	1709	708	193	380	1226	2226	646	361	683
LP6008267-DNA_B01_vs_LP6008266-DNA_B01__pv	24450	29217	2167	244	1912	1170	7054	391	1813	857	4261	1264	881
LP6008267-DNA_B02_vs_LP6008266-DNA_H01__pv	7153	4896	997	1196	1969	989	2960	1320	3091	2032	4419	805	1520
LP6008267-DNA_C01_vs_LP6008266-DNA_C01__pv	9356	2900	736	1983	2112	3331	2747	1007	2443	2431	571	207	590
LP6008267-DNA_C02_vs_LP6008266-DNA_H01__pv	1134	417	773	1023	1923	440	91	178	1279	1152	268	274	343
LP6008267-DNA_D01_vs_LP6008201-DNA_F01__pv	1400	820	943	1720	683	695	603	797	2051	856	839	728	696
LP6008267-DNA_D02_vs_LP6008266-DNA_A02__pv	1419	590	361	4328	681	13790	568	2949	1483	2375	1815	451	750
LP6008267-DNA_E01_vs_LP6008266-DNA_D01__pv	3800	2640	432	1197	1850	820	1554	1249	2545	2306	1347	687	448
LP6008267-DNA_E02_vs_LP6008266-DNA_A02__pv	2348	1100	283	3377	970	677	280	1906	4018	2293	1167	438	921
LP6008267-DNA_F01_vs_LP6008266-DNA_E01__pv	9915	8647	1211	1380	1439	838	3309	519	2841	1129	2054	764	805
LP6008267-DNA_G01_vs_LP6008266-DNA_F01__pv	344	885	163	1323	410	0	0	2358	500	1237	1134	6657	4728
LP6008267-DNA_H01_vs_LP6008266-DNA_G01__pv	572	873	543	2025	2586	1201	597	1424	2511	2092	447	985	1150
LP6008269-DNA_A02_vs_LP6008268-DNA_C02__pv	138	170	700	657	924	441	53	136	597	740	75	178	281
LP6008269-DNA_A03_vs_LP6008268-DNA_C03__pv	62057	57535	0	0	317	306	20593	5	0	364	117	1592	0
LP6008269-DNA_A04_vs_LP6008268-DNA_C04__pv	1162	902	725	425	1049	483	202	130	696	831	325	189	334
LP6008269-DNA_A05_vs_LP6008268-DNA_C05__pv	2085	1678	871	900	3282	1691	301	180	1503	3066	13	612	502
LP6008269-DNA_A06_vs_LP6008268-DNA_B06__pv	125	247	444	866	1485	547	368	554	1631	1045	793	444	241
LP6008269-DNA_A08_vs_LP6008268-DNA_A08__pv	5936	3451	1102	477	1688	2237	1715	499	2091	2457	645	485	692
LP6008269-DNA_A09_vs_LP6008268-DNA_A09__pv	1676	1289	914	1104	2091	1024	576	380	2148	2494	482	492	463
LP6008269-DNA_A10_vs_LP6008268-DNA_A10__pv	745	1035	1125	2024	2258	846	357	504	1407	2265	810	680	2456
LP6008269-DNA_B02_vs_LP6008268-DNA_D02__pv	1217	780	599	792	1886	709	383	462	1670	1275	327	200	395
LP6008269-DNA_B03_vs_LP6008268-DNA_D03__pv	345	705	745	263	1005	360	459	0	694	505	857	92	205
LP6008269-DNA_B05_vs_LP6008268-DNA_D05__pv	7561	3747	1014	1398	1234	1539	3422	777	2049	2426	768	501	345
LP6008269-DNA_B06_vs_LP6008268-DNA_C06__pv	13920	8461	485	1019	2465	3015	8137	1859	3610	2586	702	438	384
LP6008269-DNA_B07_vs_LP6008268-DNA_B07__pv	42	84	1478	1734	934	810	0	156	1389	736	237	242	685
LP6008269-DNA_B08_vs_LP6008268-DNA_B08__pv	4456	1789	662	548	748	448	1043	280	694	800	596	331	690
LP6008269-DNA_B09_vs_LP6008268-DNA_B09__pv	931	386	1101	1482	2967	1290	645	269	1644	2702	538	502	428
LP6008269-DNA_B10_vs_LP6008268-DNA_B10__pv	1867	2780	90	1896	1096	1672	1755	3599	5226	4180	1488	659	1208
LP6008269-DNA_C04_vs_LP6008268-DNA_E04__pv	901	2000	514452	184925	124224	162997	13802	27498	0	11121	13628	8502	13144
LP6008269-DNA_C05_vs_LP6008268-DNA_E05__pv	9425	7393	85	777	1989	284	1769	1329	2672	1820	1572	476	957
LP6008269-DNA_C06_vs_LP6008268-DNA_D06__pv	661	859	1659	5060	962	645	769	647	1944	1447	551	194	3903
LP6008269-DNA_C07_vs_LP6008268-DNA_C07__pv	1988	948	1033	1585	2982	2969	1037	171	2216	2355	390	865	902
LP6008269-DNA_C08_vs_LP6008268-DNA_C08__pv	5477	8473	554	3639	1486	1317	3580	1752	3607	3748	935	433	460
LP6008269-DNA_C09_vs_LP6008268-DNA_C09__pv	7404	8985	249	967	595	632	3806	320	1084	655	1715	869	361
LP6008269-DNA_C10_vs_LP6008268-DNA_C10__pv	2250	2179	798	634	2426	673	374	98	1315	830	404	134	422
LP6008269-DNA_D02_vs_LP6008268-DNA_F02__pv	2035	1841	1284	1617	1964	1660	607	1013	2882	1683	935	976	689
LP6008269-DNA_D03_vs_LP6008268-DNA_F03__pv	3537	1793	1542	1409	4367	1250	904	0	1233	2383	320	473	634
LP6008269-DNA_D04_vs_LP6008268-DNA_F04__pv	505	260	548	171	1142	310	175	14	861	856	165	150	221
LP6008269-DNA_D05_vs_LP6008268-DNA_F05__pv	0	3010	0	1548	10343	3378	1943	35885	3850	1509	0	181	0
LP6008269-DNA_D06_vs_LP6008268-DNA_E06__pv	1805	1654	886	858	1573	729	249	539	1522	1587	1109	339	810
LP6008269-DNA_D07_vs_LP6008268-DNA_D07__pv	4666	5174	478	1548	2202	1021	1990	910	2549	3134	917	463	559
LP6008269-DNA_D08_vs_LP6008268-DNA_D08__pv	47563	44839	1123	1775	1233	495	7031	776	0	1454	2409	1375	1262
LP6008269-DNA_D09_vs_LP6008268-DNA_D09__pv	0	2435	513218	187233	125003	161317	14224	31568	0	12414	12641	9801	14083
LP6008269-DNA_D10_vs_LP6008268-DNA_D10__pv	2760	3359	405	4063	1985	1253	933	2465	3097	2805	2146	808	656
LP6008269-DNA_E01_vs_LP6008268-DNA_E01__pv	1788	928	546	1444	1395	820	646	1358	2412	2480	581	232	442
LP6008269-DNA_E02_vs_LP6008268-DNA_G02__pv	4895	5521	410	88	1668	972	964	597	2203	907	1097	1571	1417
LP6008269-DNA_E03_vs_LP6008268-DNA_G03__pv	612	1304	613	1339	2200	644	59	362	1912	1523	873	271	326
LP6008269-DNA_E04_vs_LP6008268-DNA_G04__pv	16654	12145	1046	713	1680	799	6442	673	2294	3402	940	764	38
LP6008269-DNA_E06_vs_LP6008268-DNA_F06__pv	92	210	1060	652	708	813	207	386	1581	541	470	117	526
LP6008269-DNA_E07_vs_LP6008268-DNA_E07__pv	7041	1582	10890	3227	16450	3196	3199	40293	7265	4941	1370	373	1358
LP6008269-DNA_E08_vs_LP6008268-DNA_E08__pv	2590	2986	668	2090	931	787	919	1282	1496	1209	1326	939	610
LP6008269-DNA_E09_vs_LP6008268-DNA_E09__pv	245	168	491	905	952	497	134	310	1132	336	465	278	342
LP6008269-DNA_E10_vs_LP6008268-DNA_E10__pv	5761	3361	888	2785	1537	2169	1854	770	1872	2304	1944	649	1088
LP6008269-DNA_F01_vs_LP6008268-DNA_H01__pv	542	306	575	462	665	279	175	74	481	394	119	82	130
LP6008269-DNA_F02_vs_LP6008268-DNA_H02__pv	2603	1409	823	1887	998	1235	820	737	2491	1400	707	549	815
LP6008269-DNA_F03_vs_LP6008268-DNA_H03__pv	3685	0	947	164	1197	2505	799	1271	3977	2779	0	1057	514
LP6008269-DNA_F04_vs_LP6008268-DNA_H04__pv	928	684	803	923	1936	746	71	156	1037	2165	529	751	271
LP6008269-DNA_F06_vs_LP6008268-DNA_G06__pv	1326	773	1073	1859	1498	556	356	341	1294	1304	416	393	561
LP6008269-DNA_F07_vs_LP6008268-DNA_F07__pv	0	109	560	291	1604	84	37	73	384	28	424	279	615
LP6008269-DNA_F08_vs_LP6008268-DNA_F08__pv	8892	2471	774	2094	820	1143	2834	470	1270	1243	1445	986	1486
LP6008269-DNA_F09_vs_LP6008268-DNA_F09__pv	1067	920	717	1630	1993	535	453	926	2750	1139	551	437	908
LP6008269-DNA_G01_vs_LP6008268-DNA_A02__pv	2594	6745	685	926	585	238	1634	30	328	300	369	195	376
LP6008269-DNA_G02_vs_LP6008268-DNA_A03__pv	1847	951	918	1060	1574	1943	666	251	1476	1247	535	493	404
LP6008269-DNA_G03_vs_LP6008268-DNA_A04__pv	12006	15992	443	1842	1646	502	6882	803	1351	1894	736	815	343
LP6008269-DNA_G04_vs_LP6008268-DNA_A05__pv	646	690	577	596	1812	374	362	399	1554	466	129	209	336
LP6008269-DNA_G06_vs_LP6008268-DNA_H06__pv	10702	14782	571	1444	3048	1024	4087	0	1896	1332	1460	1371	1484
LP6008269-DNA_G07_vs_LP6008268-DNA_G07__pv	7014	7172	443	654	794	357	785	503	963	499	503	316	181
LP6008269-DNA_G08_vs_LP6008268-DNA_G08__pv	2460	2572	852	1845	1571	636	1458	845	2155	1002	424	495	1148
LP6008269-DNA_G09_vs_LP6008268-DNA_G09__pv	0	4	37	12	21	7	0	13	0	7	0	0	0
LP6008269-DNA_H01_vs_LP6008268-DNA_B02__pv	52	37	389	185	341	132	0	0	157	49	0	30	132
LP6008269-DNA_H02_vs_LP6008268-DNA_B03__pv	11168	10957	305	1039	2128	1665	8521	412	2311	1029	332	321	648
LP6008269-DNA_H03_vs_LP6008268-DNA_B04__pv	968	2073	487	1007	2219	222	166	385	1631	783	993	1114	464
LP6008269-DNA_H05_vs_LP6008268-DNA_A06__pv	2817	2062	1636	2350	2794	2218	2435	812	4330	2663	890	1579	1089
LP6008269-DNA_H06_vs_LP6008268-DNA_A07__pv	5871	2255	1030	1188	1391	1331	1910	1194	3660	1783	1504	619	710
LP6008269-DNA_H07_vs_LP6008268-DNA_H07__pv	3489	9168	339	0	920	813	1726	388	2467	1040	1236	391	104
LP6008269-DNA_H08_vs_LP6008268-DNA_H08__pv	1191	740	0	1513	1141	2396	1172	639	1287	1412	10408	2334	2244
LP6008269-DNA_H09_vs_LP6008268-DNA_H09__pv	4670	18635	298	161	341	2671	22719	0	1870	142	2202	1568	1333
LP6008280-DNA_A01_vs_LP6008264-DNA_A01__pv	2158	2148	762	1386	1579	1274	775	863	2215	2460	459	606	423
LP6008280-DNA_A02_vs_LP6008264-DNA_A02__pv	3475	1953	338	2122	666	507	1753	682	752	1238	383	299	257
LP6008280-DNA_A03_vs_LP6008264-DNA_A03__pv	1098	743	861	924	4739	2726	446	459	1724	2133	628	567	1223
LP6008280-DNA_A04_vs_LP6008264-DNA_H03__pv	1459	4230	779	1358	544	343	1238	549	422	419	3764	1264	597
LP6008280-DNA_A05_vs_LP6008264-DNA_H04__pv	1815	507	588	306	681	360	194	87	545	734	479	72	313
LP6008280-DNA_A07_vs_LP6008264-DNA_H06__pv	2230	1077	542	496	763	317	686	372	766	537	189	196	99
LP6008280-DNA_B01_vs_LP6008264-DNA_B01__pv	256	1733	2504	0	7730	1424	1165	25985	861	3488	0	1372	3333
LP6008280-DNA_B02_vs_LP6008264-DNA_B02__pv	91	19	771	484	1988	613	41	479	1566	893	0	169	532
LP6008280-DNA_B03_vs_LP6008264-DNA_B03__pv	417	173	450	441	1808	1010	256	362	981	1579	681	2737	692
LP6008280-DNA_B04_vs_LP6008264-DNA_A04__pv	15	1	75	21	8	7	13	25	0	4	0	6	0
LP6008280-DNA_B05_vs_LP6008264-DNA_A05__pv	5881	4940	1790	2164	2286	1083	2030	993	2321	5237	1133	482	334
LP6008280-DNA_C01_vs_LP6008264-DNA_C01__pv	20993	9366	958	2222	2267	1929	3211	879	1833	1506	1199	642	1556
LP6008280-DNA_C02_vs_LP6008264-DNA_C02__pv	8814	8790	1207	1000	1588	1269	3081	697	1943	806	1857	2618	325
LP6008280-DNA_C03_vs_LP6008264-DNA_C03__pv	1770	1542	375	1593	1866	527	430	1699	531	6533	990	14010	2394
LP6008280-DNA_C04_vs_LP6008264-DNA_B04__pv	2	0	95	17	16	25	26	42	0	0	0	6	0
LP6008280-DNA_C05_vs_LP6008264-DNA_B05__pv	1324	997	1146	1038	2010	565	580	455	1190	999	491	299	508
LP6008280-DNA_C06_vs_LP6008264-DNA_B06__pv	3471	4321	579	420	862	300	2079	149	699	677	406	162	127
LP6008280-DNA_D02_vs_LP6008264-DNA_D02__pv	5567	3214	1131	1664	540	1874	2759	875	1395	1067	924	660	659
LP6008280-DNA_D03_vs_LP6008264-DNA_H01__pv	0	5	127	23	88	30	0	9	72	4	7	2	17
LP6008280-DNA_D05_vs_LP6008264-DNA_E04__pv	2381	2292	960	452	1230	521	813	198	564	619	443	447	275
LP6008280-DNA_E01_vs_LP6008264-DNA_E01__pv	10228	138	946	1861	1697	2103	2185	604	2310	2288	587	279	908
LP6008280-DNA_E02_vs_LP6008264-DNA_E02__pv	7891	9893	1314	3035	1997	1982	4692	834	1084	1932	1064	1823	539
LP6008280-DNA_E03_vs_LP6008264-DNA_D03__pv	4020	3296	336	466	616	818	1295	242	803	720	715	172	330
LP6008280-DNA_E04_vs_LP6008264-DNA_D04__pv	7512	3536	1313	1159	4185	855	1505	466	1950	4292	782	530	300
LP6008280-DNA_E05_vs_LP6008264-DNA_D05__pv	2341	5439	615	365	667	88	1105	0	375	152	377	242	475
LP6008280-DNA_F01_vs_LP6008264-DNA_F01__pv	9511	4610	2209	4459	1475	3280	3966	1361	3303	2624	3137	535	1648
LP6008280-DNA_F02_vs_LP6008264-DNA_F02__pv	3606	3280	1187	1930	3700	1142	884	1317	3333	2003	1421	113	624
LP6008280-DNA_F03_vs_LP6008264-DNA_E03__pv	17669	21707	916	804	1311	1625	6562	504	1548	1166	1421	835	344
LP6008280-DNA_F05_vs_LP6008264-DNA_E05__pv	1856	2317	410	914	1118	1011	754	608	1049	1211	523	192	231
LP6008280-DNA_F06_vs_LP6008264-DNA_E06__pv	3096	2137	787	795	2715	564	1458	418	1254	1565	455	150	162
LP6008280-DNA_G01_vs_LP6008264-DNA_G01__pv	295	526	330	95	63	48	102	125	0	52	66	57	44
LP6008280-DNA_G02_vs_LP6008264-DNA_G02__pv	231	249	562	968	1037	342	323	906	1918	1291	376	474	353
LP6008280-DNA_G03_vs_LP6008264-DNA_F03__pv	648	446	491	1219	1593	1389	269	742	1317	1222	260	12	354
LP6008280-DNA_G04_vs_LP6008264-DNA_F04__pv	1205	797	854	57	1208	1625	401	341	1264	924	228	715	334
LP6008280-DNA_G05_vs_LP6008264-DNA_F05__pv	2899	2263	940	603	2563	973	547	491	1802	2047	1078	337	180
LP6008280-DNA_G06_vs_LP6008264-DNA_F06__pv	56	35	430	415	543	213	32	8	519	324	31	66	118
LP6008280-DNA_H01_vs_LP6008264-DNA_H01__pv	1351	1031	502	1939	2171	806	607	1121	2179	2097	232	297	856
LP6008280-DNA_H02_vs_LP6008264-DNA_H02__pv	9682	9381	440	745	729	1235	4863	1223	3818	1580	6304	1637	893
LP6008280-DNA_H04_vs_LP6008264-DNA_G04__pv	5791	2583	1000	1152	3045	1275	1557	751	1842	1765	434	378	527
LP6008280-DNA_H05_vs_LP6008264-DNA_G05__pv	3131	796	814	719	1118	603	1090	444	693	1072	308	215	315
LP6008280-DNA_H06_vs_LP6008264-DNA_G06__pv	9004	8008	1083	1076	1272	522	3037	475	1135	3319	946	893	404
LP6008334-DNA_A01_vs_LP6008335-DNA_A01__pv	46707	40077	758	0	110	0	48273	939	0	10	1963	0	0
LP6008334-DNA_A03_vs_LP6008335-DNA_E02__pv	3753	4252	413	969	1741	2368	1092	1654	4793	3032	359	5590	836
LP6008334-DNA_A04_vs_LP6008335-DNA_E03__pv	1838	1336	616	2864	3058	986	552	1721	3592	3355	1037	399	717
LP6008334-DNA_B01_vs_LP6008335-DNA_B01__pv	3465	3095	845	1593	1961	2663	1551	299	1743	1898	510	0	719
LP6008334-DNA_B02_vs_LP6008335-DNA_F01__pv	3000	2099	812	2040	759	1186	1260	554	958	2431	1048	459	382
LP6008334-DNA_B03_vs_LP6008335-DNA_F02__pv	24015	31634	4944	2115	28012	5926	12340	80781	16531	4893	3208	0	0
LP6008334-DNA_C01_vs_LP6008335-DNA_C01__pv	3099	1717	789	2809	2298	1314	662	907	1989	2380	582	625	808
LP6008334-DNA_C02_vs_LP6008335-DNA_G01__pv	2198	3269	1102	1036	1882	4679	952	467	2223	4998	681	3063	827
LP6008334-DNA_C03_vs_LP6008335-DNA_G02__pv	2393	3466	391	2755	2988	823	498	1922	2850	823	4334	841	1461
LP6008334-DNA_D01_vs_LP6008335-DNA_D01__pv	3166	1386	697	1364	1460	990	1310	565	1345	1744	540	969	338
LP6008334-DNA_D02_vs_LP6008335-DNA_H01__pv	3882	7186	692	3820	951	420	3707	1731	4366	1834	2734	1228	543
LP6008334-DNA_D03_vs_LP6008335-DNA_H02__pv	10098	6227	1082	6096	1116	417	3650	3014	2682	10009	1675	1596	2249
LP6008334-DNA_E01_vs_LP6008335-DNA_A01__pv	2360	2486	382	507	571	62	355	203	363	318	716	1133	52
LP6008334-DNA_E02_vs_LP6008335-DNA_A02__pv	3408	2272	830	2007	1224	1511	1553	922	1746	2412	925	367	460
LP6008334-DNA_E03_vs_LP6008335-DNA_A03__pv	2301	2860	383	4883	2254	2677	1835	2246	3500	2735	1037	234	1587
LP6008334-DNA_F01_vs_LP6008335-DNA_B01__pv	548	444	862	1015	3737	738	65	617	2402	4272	729	169	420
LP6008334-DNA_F02_vs_LP6008335-DNA_B02__pv	5045	2829	473	816	1133	1422	1658	349	1070	1846	587	111	421
LP6008334-DNA_F03_vs_LP6008335-DNA_B03__pv	614	301	426	1714	2626	555	120	521	2431	1793	215	236	998
LP6008334-DNA_G01_vs_LP6008335-DNA_C01__pv	1087	685	393	475	662	351	349	338	623	817	180	105	297
LP6008334-DNA_G02_vs_LP6008335-DNA_C02__pv	2594	2660	610	2216	1100	1242	2114	662	1293	1509	779	699	752
LP6008334-DNA_G03_vs_LP6008335-DNA_C03__pv	0	15	1105	576	1515	770	12	328	1714	957	184	1001	522
LP6008334-DNA_H01_vs_LP6008335-DNA_D01__pv	1617	902	909	1590	1224	1068	693	1040	1566	1755	339	261	388
LP6008334-DNA_H02_vs_LP6008335-DNA_D02__pv	1467	1211	866	4528	2152	1780	436	1147	1844	1753	1271	196	1186
LP6008334-DNA_H03_vs_LP6008335-DNA_D03__pv	4887	7024	312	654	2102	993	2276	572	6076	959	1987	2033	1346
LP6008336-DNA_A01_vs_LP6008333-DNA_A01__pv	78	80	881	2053	1282	87	271	883	3490	1893	850	279	584
LP6008336-DNA_A02_vs_LP6008333-DNA_A02__pv	0	30	859	577	1325	525	34	238	1189	646	309	334	390
LP6008336-DNA_A03_vs_LP6008333-DNA_A03__pv	43	44	399	1036	500	428	67	176	573	728	0	226	397
LP6008336-DNA_B01_vs_LP6008333-DNA_B01__pv	436	328	679	1198	1211	727	87	224	1459	1018	217	579	455
LP6008336-DNA_B02_vs_LP6008333-DNA_B02__pv	1522	2060	676	519	1976	774	261	270	1270	420	547	721	296
LP6008336-DNA_B03_vs_LP6008333-DNA_B03__pv	42	29	422	224	418	104	14	0	340	50	13	32	132
LP6008336-DNA_C01_vs_LP6008333-DNA_C01__pv	498	202	383	2686	1034	745	306	1790	1719	4107	1362	1246	122
LP6008336-DNA_C02_vs_LP6008333-DNA_C02__pv	1974	1237	393	275	512	135	888	230	813	963	321	133	157
LP6008336-DNA_C03_vs_LP6008333-DNA_C03__pv	548	530	646	1394	1483	1212	144	1022	1576	1615	1010	1034	566
LP6008336-DNA_D01_vs_LP6008333-DNA_D01__pv	3040	0	5334	1389	11143	3746	2530	30164	7919	491	1549	32	2984
LP6008336-DNA_D02_vs_LP6008333-DNA_D02__pv	0	2	114	14	22	0	0	0	0	0	0	6	13
LP6008336-DNA_D03_vs_LP6008333-DNA_D03__pv	9751	7400	946	2049	1118	1320	1235	837	4722	2524	3167	741	2246
LP6008336-DNA_E01_vs_LP6008333-DNA_E01__pv	8784	2046	498	2729	703	1679	3160	834	2169	1673	300	533	1070
LP6008336-DNA_E02_vs_LP6008333-DNA_E02__pv	15840	17351	1413	858	2126	1098	2916	586	1106	1319	2372	700	704
LP6008336-DNA_E03_vs_LP6008333-DNA_E03__pv	260	336	518	450	701	588	201	123	1303	199	396	12	138
LP6008336-DNA_F02_vs_LP6008333-DNA_F02__pv	1157	640	361	1740	673	593	389	942	1859	1299	502	1542	743
LP6008336-DNA_F03_vs_LP6008333-DNA_F03__pv	1224	634	1279	2716	2906	4928	436	532	2853	2410	627	5704	1490
LP6008336-DNA_G01_vs_LP6008333-DNA_G01__pv	1655	429	562	1714	1483	1089	851	329	1171	1310	739	82	556
LP6008336-DNA_G02_vs_LP6008333-DNA_G02__pv	746	3077	799	2469	485	601	2962	655	690	297	1565	668	1224
LP6008336-DNA_G03_vs_LP6008333-DNA_G03__pv	2852	1242	608	3593	1141	470	982	1467	1855	3640	1909	1137	2424
LP6008336-DNA_H01_vs_LP6008333-DNA_H01__pv	2517	1920	935	2679	1749	2455	1221	1354	2141	4323	956	518	705
LP6008336-DNA_H02_vs_LP6008333-DNA_H02__pv	0	0	50	5	32	6	10	18	0	1	7	2	0
LP6008336-DNA_H03_vs_LP6008333-DNA_H03__pv	193	672	493	1236	1263	802	216	881	1072	6399	572	667	454
LP6008337-DNA_A01_vs_LP6008338-DNA_A01__pv	1178	708	426	603	475	417	533	182	588	533	252	177	74
LP6008337-DNA_A02_vs_LP6008338-DNA_A02__pv	1027	806	264	0	851	1229	488	419	0	767	783	364	2168
LP6008337-DNA_A03_vs_LP6008338-DNA_A03__pv	2469	2833	15	3657	1144	469	1719	1063	536	1025	0	1346	1650
LP6008337-DNA_A04_vs_LP6008338-DNA_A04__pv	1192	911	523	368	608	267	382	31	505	580	181	115	176
LP6008337-DNA_A06_vs_LP6008338-DNA_G05__pv	3409	2400	165	2403	1598	1698	1850	1584	1951	2849	688	741	837
LP6008337-DNA_A07_vs_LP6008338-DNA_E06__pv	0	0	294	1775	607	0	0	881	0	707	203	8388	0
LP6008337-DNA_B02_vs_LP6008338-DNA_B02__pv	233	323	678	466	782	541	75	85	548	468	234	124	255
LP6008337-DNA_B03_vs_LP6008338-DNA_B03__pv	1272	1081	502	610	946	462	572	216	1106	809	269	184	373
LP6008337-DNA_B04_vs_LP6008338-DNA_B04__pv	299	2469	529706	191708	128407	165286	16076	30351	0	11846	13118	8906	14628
LP6008337-DNA_B05_vs_LP6008338-DNA_A05__pv	2731	1832	699	543	850	480	749	82	619	818	533	195	244
LP6008337-DNA_B07_vs_LP6008338-DNA_F06__pv	1808	1213	0	3314	1708	870	1135	1852	3736	3030	378	279	1916
LP6008337-DNA_C01_vs_LP6008338-DNA_C01__pv	4363	3252	1414	1172	2363	818	1207	175	2157	1634	764	867	533
LP6008337-DNA_C02_vs_LP6008338-DNA_C02__pv	56	111	509	507	1459	289	104	421	1504	1477	544	352	261
LP6008337-DNA_C03_vs_LP6008338-DNA_C03__pv	4811	2269	720	278	2541	904	1291	678	2216	2289	370	552	327
LP6008337-DNA_C04_vs_LP6008338-DNA_C04__pv	2230	4822	478	562	814	203	1475	129	607	589	1116	417	270
LP6008337-DNA_C05_vs_LP6008338-DNA_B05__pv	3085	2071	587	1002	1063	496	689	443	1591	2139	629	164	282
LP6008337-DNA_D01_vs_LP6008338-DNA_D01__pv	583	91	426	480	1110	395	263	388	948	636	106	73	280
LP6008337-DNA_D02_vs_LP6008338-DNA_D02__pv	360	257	356	240	427	205	111	116	343	256	233	46	110
LP6008337-DNA_D03_vs_LP6008338-DNA_D03__pv	1174	717	1061	1188	2031	837	398	241	1946	1465	361	167	422
LP6008337-DNA_D04_vs_LP6008338-DNA_D04__pv	575	318	270	464	295	305	262	233	340	512	300	21	155
LP6008337-DNA_D05_vs_LP6008338-DNA_C05__pv	314	0	421	446	1149	283	51	178	860	904	25	92	236
LP6008337-DNA_D06_vs_LP6008338-DNA_A06__pv	20515	17371	1806	3319	1659	2397	8441	2013	4070	7200	2354	683	0
LP6008337-DNA_E01_vs_LP6008338-DNA_E01__pv	4945	3119	692	665	1080	454	1134	370	754	1294	217	191	184
LP6008337-DNA_E03_vs_LP6008338-DNA_E03__pv	2717	1848	770	781	986	855	1110	627	1383	1029	357	301	205
LP6008337-DNA_E04_vs_LP6008338-DNA_E04__pv	3983	3871	516	1080	1461	742	1912	706	1700	3439	688	199	112
LP6008337-DNA_E05_vs_LP6008338-DNA_D05__pv	2017	2114	489	429	1120	469	1025	225	836	686	246	91	229
LP6008337-DNA_F01_vs_LP6008338-DNA_F01__pv	233	118	323	248	338	274	36	49	353	292	46	65	201
LP6008337-DNA_F02_vs_LP6008338-DNA_F02__pv	2414	2094	854	1322	1796	787	1029	588	2450	1728	859	490	726
LP6008337-DNA_F03_vs_LP6008338-DNA_F03__pv	2618	1947	706	818	1005	1056	676	82	997	1588	533	0	132
LP6008337-DNA_F04_vs_LP6008338-DNA_F04__pv	6581	5450	852	959	3488	1014	3565	317	2799	2153	1253	0	735
LP6008337-DNA_F05_vs_LP6008338-DNA_E05__pv	3692	3267	1197	1730	3668	2206	1345	1155	3573	5147	1974	954	449
LP6008337-DNA_F06_vs_LP6008338-DNA_C06__pv	12612	9124	837	787	1221	479	4379	417	811	1506	1075	681	72
LP6008337-DNA_G01_vs_LP6008338-DNA_G01__pv	2375	1756	879	1720	2649	1157	615	543	2149	2470	411	339	334
LP6008337-DNA_G02_vs_LP6008338-DNA_G02__pv	4220	1920	683	1053	855	646	1177	365	1060	1274	226	140	330
LP6008337-DNA_G03_vs_LP6008338-DNA_G03__pv	5673	4104	586	1354	1755	848	1415	699	1961	2561	700	330	617
LP6008337-DNA_G04_vs_LP6008338-DNA_G04__pv	4387	531	889	430	1933	350	353	243	1257	916	286	192	382
LP6008337-DNA_G05_vs_LP6008338-DNA_F05__pv	2455	879	643	862	624	507	817	439	1277	973	202	319	330
LP6008337-DNA_G06_vs_LP6008338-DNA_C06__pv	13691	7457	813	1082	2426	989	4015	597	2218	2049	801	291	343
LP6008337-DNA_H01_vs_LP6008338-DNA_H01__pv	492	427	548	357	1180	329	139	66	652	716	191	70	90
LP6008337-DNA_H02_vs_LP6008338-DNA_H02__pv	36856	33792	1002	1842	1693	319	12230	847	2995	2635	2221	1090	499
LP6008337-DNA_H03_vs_LP6008338-DNA_H03__pv	1676	986	1250	1090	1088	783	265	295	763	798	235	2	404
LP6008337-DNA_H04_vs_LP6008338-DNA_H04__pv	2996	4378	524	534	950	358	1667	273	915	840	642	368	420
LP6008337-DNA_H06_vs_LP6008338-DNA_D06__pv	10172	13886	526	3040	1171	534	3900	1580	2876	2055	1688	1211	1363
LP6008341-DNA_A01_vs_LP6008340-DNA_A01__pv	3340	3003	704	984	2439	796	559	268	1107	2149	551	198	341
LP6008341-DNA_A03_vs_LP6008340-DNA_F02__pv	3468	5994	526611	190685	128124	166873	15128	29839	0	12982	16684	8350	14046
LP6008341-DNA_B01_vs_LP6008340-DNA_B01__pv	8054	11165	1307	906	756	972	2254	604	1483	1147	3111	1690	865
LP6008341-DNA_B03_vs_LP6008340-DNA_G02__pv	751	537	449	493	1058	393	409	211	1012	492	138	137	131
LP6008341-DNA_C01_vs_LP6008340-DNA_C01__pv	4990	3311	667	177	1425	1101	2641	224	1581	1237	340	730	338
LP6008341-DNA_D01_vs_LP6008340-DNA_D01__pv	10709	9134	847	1678	2550	4390	5258	897	3477	2978	1846	604	387
LP6008341-DNA_D02_vs_LP6008340-DNA_A02__pv	0	7	82	29	42	6	3	17	6	10	7	17	2
LP6008341-DNA_E01_vs_LP6008340-DNA_E01__pv	2566	3772	456	435	563	404	1175	209	642	829	746	661	171
LP6008341-DNA_E02_vs_LP6008340-DNA_B02__pv	7455	5126	360	885	821	592	2958	530	1688	1917	942	245	0
LP6008341-DNA_F01_vs_LP6008340-DNA_F01__pv	1990	2294	667	678	1155	501	824	343	842	1672	659	181	281
LP6008341-DNA_F02_vs_LP6008340-DNA_C02__pv	1721	1933	767	2205	1392	2165	854	309	1792	1136	484	248	712
LP6008341-DNA_G01_vs_LP6008340-DNA_G01__pv	2755	2841	840	1302	2232	1120	1351	993	2525	1795	833	294	387
LP6008341-DNA_G02_vs_LP6008340-DNA_D02__pv	706	658	771	551	1115	466	224	111	734	670	248	259	264
LP6008341-DNA_H01_vs_LP6008340-DNA_H01__pv	8218	9603	628	2102	2411	1006	2894	2385	5961	3421	3404	2087	242
LP6008341-DNA_H02_vs_LP6008340-DNA_E02__pv	2689	3850	529	587	1091	309	242	308	866	803	691	273	295
LP6008460-DNA_A01_vs_LP6008340-DNA_A02__pv	2679	1987	958	1861	3259	459	922	0	1827	489	878	952	810
LP6008460-DNA_A02_vs_LP6008340-DNA_C04__pv	5164	4606	639	530	2282	1401	2398	616	2684	1666	560	715	374
LP6008460-DNA_A03_vs_LP6008340-DNA_G04__pv	2475	2991	1245	1516	901	1181	1846	1067	2325	2534	157	1715	445
LP6008460-DNA_A04_vs_LP6008340-DNA_D05__pv	1645	1159	660	2405	2906	737	452	1256	3226	1498	761	636	1198
LP6008460-DNA_B01_vs_LP6008340-DNA_A03__pv	615	787	706	474	4049	756	472	177	2627	1230	0	1133	943
LP6008460-DNA_B02_vs_LP6008340-DNA_D02__pv	4215	2158	1037	5042	2489	1309	1810	1639	4040	2002	1142	918	2112
LP6008460-DNA_B03_vs_LP6008340-DNA_H03__pv	855	452	827	1147	1927	1787	265	34	1627	1489	249	702	376
LP6008460-DNA_B04_vs_LP6008340-DNA_F02__pv	2143	6591	473390	166156	107122	146788	12089	20720	0	12312	18996	8388	10702
LP6008460-DNA_C01_vs_LP6008340-DNA_B03__pv	1408	1456	1034	3468	1094	2609	857	1558	4644	2614	0	3754	1876
LP6008460-DNA_C02_vs_LP6008340-DNA_D03__pv	142	130	644	769	759	521	128	596	1661	1036	171	755	169
LP6008460-DNA_C03_vs_LP6008340-DNA_H05__pv	2764	1773	653	1312	1350	769	594	582	1550	531	460	311	512
LP6008460-DNA_C04_vs_LP6008340-DNA_F03__pv	4111	205	18645	0	15367	3815	2612	55640	8960	1668	0	41	0
LP6008460-DNA_D01_vs_LP6008340-DNA_E02__pv	2419	15272	220	3070	1433	124	0	1217	683	869	3423	2399	287
LP6008460-DNA_D02_vs_LP6008340-DNA_E03__pv	406	93	138	2151	198	760	91	1033	975	1058	567	457	2996
LP6008460-DNA_D03_vs_LP6008340-DNA_A05__pv	1425	1375	1136	784	1733	1177	689	311	1954	788	412	863	617
LP6008460-DNA_E01_vs_LP6008340-DNA_F04__pv	692	1119	860	1618	1249	565	533	248	1209	1377	493	600	656
LP6008460-DNA_E02_vs_LP6008340-DNA_E04__pv	583	0	968	3873	1479	1171	291	1156	1974	3626	1013	1522	1406
LP6008460-DNA_E03_vs_LP6008340-DNA_B06__pv	1881	965	1326	1536	2982	3277	614	1280	2657	6040	3439	598	887
LP6008460-DNA_E04_vs_LP6008340-DNA_H02__pv	2908	1784	783	2264	2008	1065	865	1038	2392	2255	519	1024	966
LP6008460-DNA_F01_vs_LP6008340-DNA_B02__pv	7739	5560	792	1520	1720	1221	3883	746	1913	2133	1123	400	383
LP6008460-DNA_F02_vs_LP6008340-DNA_E05__pv	2631	3701	0	2535	2919	604	2056	3706	5408	8421	1901	1023	521
LP6008460-DNA_F03_vs_LP6008340-DNA_C03__pv	26827	19415	594	998	1205	388	9901	619	1308	1215	1633	646	575
LP6008460-DNA_F04_vs_LP6008340-DNA_H04__pv	2924	1921	1459	4995	2144	748	916	1043	3867	2456	1081	814	2381
LP6008460-DNA_G01_vs_LP6008340-DNA_B04__pv	4554	4881	10856	0	13158	5808	3539	52947	2941	0	1739	117	336
LP6008460-DNA_G02_vs_LP6008340-DNA_G02__pv	2367	2079	2	2300	1632	1586	1263	1307	3064	2007	570	371	797
LP6008460-DNA_G03_vs_LP6008340-DNA_C05__pv	8194	7445	1178	668	1633	855	1177	1441	2554	1513	4148	1078	705
LP6008460-DNA_H01_vs_LP6008340-DNA_C02__pv	2104	2355	708	1671	1633	2324	865	178	1840	1173	635	404	543
LP6008460-DNA_H02_vs_LP6008340-DNA_G03__pv	3754	2459	615	1025	967	656	1367	360	854	797	161	235	145
LP6008460-DNA_H03_vs_LP6008340-DNA_D04__pv	5338	6605	616	1590	1458	1664	4037	249	2058	1724	118	392	746
PD44724a_vs_PD44724b__pv	6234	6042	42	983	3242	1642	3887	813	2667	2062	1786	1785	882
PD44725a_vs_PD44725b__pv	2250	2556	788	1214	1877	614	1053	830	1463	1157	680	404	576
PD44726a_vs_PD44726b__pv	1785	828	327	372	889	970	543	198	508	1200	213	208	266
PD44727a_vs_PD44727b__pv	8866	3767	909	1221	2197	1217	1340	142	1291	400	4439	759	1389
PD44728a_vs_PD44728b__pv	1412	488	657	2821	1816	1222	706	1396	2083	1854	1039	1457	903
PD44729a_vs_PD44729b__pv	360	220	554	1880	2747	1538	325	601	1522	2154	419	258	634
PD44730a_vs_PD44730b__pv	3665	2839	1011	2329	1726	1369	1302	614	1017	1476	680	733	1071
PD44731a_vs_PD44731b__pv	623	605	417	1384	2914	753	188	532	1618	1013	299	636	450
PD44732a_vs_PD44732b__pv	120	173	497	220	1488	2205	149	112	1431	893	99	128	428
PD44733a_vs_PD44733b__pv	30	1308	13428	0	12642	2431	593	53263	2593	1220	0	1487	1709
PD44734a_vs_PD44734b__pv	4681	3104	232	2637	1592	3086	2468	892	2874	1897	1159	326	1073
PD44735a_vs_PD44735b__pv	3056	2086	540	1743	3483	1617	1123	1029	3434	2716	300	584	786
PD44736a_vs_PD44736b__pv	1620	2603	403	2128	2125	1352	752	1663	2315	2045	2180	449	1102
PD44737a_vs_PD44737b__pv	2505	1885	1301	2555	2814	831	759	821	1592	3285	1365	1188	431
PD44738a_vs_PD44738b__pv	8894	7479	969	3758	2867	1046	2550	911	2869	1967	5250	892	1678
PD44739a_vs_PD44739b__pv	3371	2910	653	2142	1610	1116	2651	676	1678	2199	619	276	509
PD44740a_vs_PD44740b__pv	29145	19693	1587	3466	1328	4131	13183	1011	1776	1343	0	681	3338
PD44741a_vs_PD44741b__pv	706	449	1195	1744	1604	1889	478	483	1670	932	755	821	568
PD44742a_vs_PD44742b__pv	1507	5154	684	4188	1161	264	2359	3141	2047	2272	1848	3516	384
PD44743a_vs_PD44743b__pv	1743	807	966	1823	1894	1395	913	610	956	2102	278	527	1101
PD44744a_vs_PD44744b__pv	11413	10426	326	0	1898	3771	6185	0	3657	1238	0	2942	77
PD44745a_vs_PD44745b__pv	14290	8338	87	4816	3025	3128	5375	1289	4214	2421	2384	2114	270
PD44746a_vs_PD44746b__pv	265	155	368	789	888	385	13	678	1414	992	227	351	370
PD44747a_vs_PD44747b__pv	2965	2915	335	1442	1393	734	1100	574	1161	1389	916	437	337
PD44749a_vs_PD44749b__pv	2106	2556	667	1170	474	656	831	325	744	434	357	811	336
PD44751a_vs_PD44751b__pv	813	689	129	183	665	126	459	244	385	472	155	90	147
PD44752a_vs_PD44752b__pv	1938	664	564	1412	2094	940	720	559	1691	4231	295	633	489
PD44753a_vs_PD44753b__pv	495	440	1151	1761	1139	1873	355	624	1782	894	599	259	317
PD44758a_vs_PD44758b__pv	5378	3198	819	981	1009	425	1151	741	1239	622	758	450	220
PD44759a_vs_PD44759b__pv	2456	1791	712	1696	1327	1002	485	949	2328	1972	936	306	842
PD44760a_vs_PD44760b__pv	1409	2664	860	2214	1574	674	841	590	977	971	1032	571	764
PD44761a_vs_PD44761b__pv	679	466	1286	2660	3220	629	318	428	1842	1657	897	441	894
PD44762a_vs_PD44762b__pv	167	122	521	949	1217	1143	54	387	1178	441	358	292	225
PD44763a_vs_PD44763b__pv	2288	2089	250	1912	1969	1270	1669	996	2128	1918	495	596	1014
PD44764a_vs_PD44764b__pv	753	712	338	2172	1427	0	191	843	1453	508	1407	2332	808
PD44765a_vs_PD44765b__pv	13726	23787	306	2790	2236	3151	4267	1207	3839	1362	1514	1103	1064
PD44766a_vs_PD44766b__pv	2168	493	3501	0	23038	0	3116	50980	7243	370	186	652	0
PD44767a_vs_PD44767b__pv	6053	13126	1436	3329	1552	408	2161	2202	1641	994	2131	1421	159
PD44769a_vs_PD44769b__pv	277	22	459	1777	1268	976	40	389	1941	938	0	228	868
PD44770a_vs_PD44770b__pv	2602	3766	0	0	8019	515	295	23033	3053	528	0	809	199
PD44772a_vs_PD44772b__pv	3055	1187	1068	3409	1875	1014	1260	1305	2570	3270	2059	2622	1475
PD44773a_vs_PD44773b__pv	3595	2480	1731	2408	5664	1535	1826	0	1778	1190	0	368	941
PD44774a_vs_PD44774b__pv	44	277	930	915	2227	581	132	0	1303	156	42	845	646
PD44775a_vs_PD44775b__pv	1061	563	0	0	43506	6884	0	49402	0	3009	0	566	1959
PD44776a_vs_PD44776b__pv	5055	15298	481	4805	1075	339	7672	908	455	732	1414	2004	1526
PD44777a_vs_PD44777b__pv	807	345	166	1832	2222	791	542	1187	2736	2541	430	100	601
PD44778a_vs_PD44778b__pv	1387	4923	1505	2157	2442	878	1290	552	1886	527	3171	1101	914
PD44780a_vs_PD44780b__pv	81	64	615	531	1018	590	55	52	821	1454	173	195	232
PD44781a_vs_PD44781b__pv	12625	7909	324	382	1707	2631	6179	1376	5075	877	1053	1118	947
PD44782a_vs_PD44782b__pv	13842	16064	57	1876	1564	1213	7001	872	2128	1665	1322	2873	771
PD44783a_vs_PD44783b__pv	2932	1312	1463	2026	382	658	1089	1141	2121	1306	5190	112	1388
PD44784a_vs_PD44784b__pv	760	408	705	4200	2733	1132	401	1343	1744	3816	927	513	1093
PD44785a_vs_PD44785b__pv	8363	6594	801	1734	993	1342	5741	845	2116	973	884	511	818
PD44786a_vs_PD44786b__pv	864	325	251	306	902	666	372	281	1195	327	468	216	147
PD44787a_vs_PD44787b__pv	820	1083	927	1302	2231	1126	202	574	1379	3481	967	561	695
PD44788a_vs_PD44788b__pv	2370	1548	253	2886	1522	974	1267	1464	2632	3885	1116	1635	758
PD44789a_vs_PD44789b__pv	4153	3603	481	3539	1880	2589	1100	1241	4447	1595	230	1248	1966
PD44790a_vs_PD44790b__pv	4580	5409	624	1460	972	1024	1044	933	1309	1757	1616	670	441
PD44791a_vs_PD44791b__pv	3449	2132	351	275	725	224	542	279	693	570	441	0	125
PD44792a_vs_PD44792b__pv	8241	11618	554	1010	335	2360	4512	866	2235	1842	1365	723	31
PD44793a_vs_PD44793b__pv	401	315	508	1036	1813	1245	123	556	1113	1254	191	307	602
PD44794a_vs_PD44794b__pv	432	91	348	3322	1014	1194	106	667	2019	1362	132	1158	1745
PD44795a_vs_PD44795b__pv	9915	12599	106	1174	858	296	5457	850	1002	1391	665	605	270
PD44796a_vs_PD44796b__pv	1846	1876	1206	6150	2514	483	1591	1777	2599	1698	657	1223	1796
PD44797a_vs_PD44797b__pv	3451	2578	404	3545	2930	1130	2359	2355	4437	4523	1276	1237	759
PD44798a_vs_PD44798b__pv	1282	614	284	1432	1524	919	446	525	1319	1518	364	204	290
PD44799a_vs_PD44799b__pv	1595	678	786	1449	2121	1200	366	747	1727	1920	554	329	432
PD44800a_vs_PD44800b__pv	3114	1865	834	1577	2008	1155	957	956	2130	2702	822	1018	633
PD44801a_vs_PD44801b__pv	4385	2698	511	681	2466	1267	746	800	1744	2589	540	96	363
PD44802a_vs_PD44802b__pv	123	198	345	682	822	548	87	267	738	422	279	72	292
PD44803a_vs_PD44803b__pv	4692	4214	1589	3121	3030	1584	1431	1371	3504	4720	1286	502	1182
PD44804a_vs_PD44804b__pv	843	796	297	765	669	600	559	310	520	566	180	28	408
PD44805a_vs_PD44805b__pv	9273	20107	760	205	1811	3733	6203	300	2313	1356	589	2001	47
PD44807a_vs_PD44807b__pv	171	195	662	1006	874	895	285	129	1523	292	289	647	485
PD44808a_vs_PD44808b__pv	723	411	392	3507	1382	386	95	1125	1456	888	611	2429	1530
PD44809a_vs_PD44809b__pv	1376	1232	274	2598	1958	655	390	506	3223	1188	1054	527	1467
PD44810a_vs_PD44810b__pv	3940	5374	743	157	2323	6046	4822	1154	3122	1224	609	1331	386
PD44811a_vs_PD44811b__pv	2873	1590	173	1256	969	491	689	1283	2277	1249	713	586	289
PD44813a_vs_PD44813b__pv	2323	3308	539	1766	1629	712	1126	923	1646	709	1003	598	473
PD44814a_vs_PD44814b__pv	742	563	1047	4092	1940	593	327	1064	1716	1905	784	630	1420
PD44815a_vs_PD44815b__pv	1934	1445	662	1456	688	584	679	889	1588	876	1429	1274	492
PD44816a_vs_PD44816b__pv	1723	827	568	1481	3164	1515	163	814	2148	2090	675	248	539
PD44817a_vs_PD44817b__pv	7	0	714	2118	537	1774	228	818	1713	2799	0	545	1330
PD44818a_vs_PD44818b__pv	5623	6005	685	1383	1221	1534	1148	644	1252	1184	1111	280	604
PD44819a_vs_PD44819b__pv	16120	13550	1402	2873	2149	2809	4633	1198	1280	2743	2700	821	1169
PD44820a_vs_PD44820b__pv	1474	1185	569	988	1764	814	259	816	1487	1621	752	544	352
PD44821a_vs_PD44821b__pv	4559	3564	607	963	1922	2193	1129	642	2003	1931	1609	407	514
PD44823a_vs_PD44823b__pv	884	423	687	1144	1081	778	449	563	1030	823	542	633	369
PD44824a_vs_PD44824b__pv	2682	3639	700	2078	3375	932	1242	1061	1942	2246	932	1941	851
PD44825a_vs_PD44825b__pv	3462	6369	0	839	21529	5661	1191	55356	18297	134	8194	0	0
PD44826a_vs_PD44826b__pv	2009	1651	556	2215	2283	1734	827	1183	1778	2213	566	593	858
PD44827a_vs_PD44827b__pv	1209	967	684	1029	898	426	365	1423	1594	1429	780	566	499
PD44828a_vs_PD44828b__pv	8425	7013	578	1402	2493	961	3511	971	1993	2360	223	606	777
PD44829a_vs_PD44829b__pv	3853	1223	1717	4337	4744	2580	1185	1958	2329	6132	3337	1118	1928
PD44830a_vs_PD44830b__pv	3539	1841	323	1208	2815	1530	615	1047	1853	5176	1277	450	286
PD44831a_vs_PD44831b__pv	16793	12667	1681	0	1213	3269	11804	1058	4529	30	189	961	324
PD44832a_vs_PD44832b__pv	1018	3743	0	880	15003	8528	0	42423	2027	3219	557	0	305
PD44833a_vs_PD44833b__pv	12105	11051	478	3477	1113	709	6405	1098	2023	1818	62	599	596
PD44834a_vs_PD44834b__pv	1613	1665	1046	2991	1427	873	992	809	1259	601	739	1131	692
PD44835a_vs_PD44835b__pv	2316	976	579	1808	826	695	440	1004	1292	3333	1035	1332	161
PD44836a_vs_PD44836b__pv	1947	2637	855	3090	4002	2726	893	1913	3767	1719	2618	439	1510
PD44837a_vs_PD44837b__pv	795	428	237	493	628	803	201	65	535	669	196	0	223
PD44838a_vs_PD44838b__pv	714	385	46	5458	2797	2637	417	658	5296	2128	0	756	2029
PD44839a_vs_PD44839b__pv	485	1209	596	2077	2159	238	223	954	908	1041	1256	2288	472
PD44840a_vs_PD44840b__pv	3319	3253	485	1758	1524	1189	1473	771	1877	1188	812	140	347
PD44841a_vs_PD44841b__pv	7253	5315	6215	0	14323	3733	2964	43617	7173	821	4113	591	0
PD44842a_vs_PD44842b__pv	79	546	553	697	1413	777	620	485	1207	1299	194	600	367
PD44843a_vs_PD44843b__pv	3767	8962	1027	3445	3204	1544	2453	933	2057	2481	2044	1426	1491
PD44844a_vs_PD44844b__pv	288	229	485	1215	1556	722	0	520	1145	1934	428	424	445
PD44845a_vs_PD44845b__pv	2758	962	1148	720	2043	3119	898	39	1440	2575	524	350	609
PD44846a_vs_PD44846b__pv	6526	1196	482	709	987	1059	3148	858	1521	1661	420	130	503
PD44847a_vs_PD44847b__pv	2271	2131	609	1203	2521	843	394	421	1564	1132	1004	408	672
PD44848a_vs_PD44848b__pv	7546	12250	2717	6080	1779	1903	2282	2923	3665	1633	3453	3020	1836
PD44849a_vs_PD44849b__pv	483	395	645	2886	2083	2744	474	1565	2767	3547	26	670	1163
PD44850a_vs_PD44850b__pv	3162	6740	1160	1904	3414	1027	2485	617	1714	1244	1422	945	577
PD44851a_vs_PD44851b__pv	2309	1644	450	453	2133	1067	708	751	2562	1148	774	1710	734
PD44852a_vs_PD44852b__pv	2227	2926	1069	4455	2490	506	955	1141	2543	1422	890	465	1835
PD44853a_vs_PD44853b__pv	1842	1884	384	539	2086	1037	726	735	1588	2889	254	237	279
PD44854a_vs_PD44854b__pv	1938	1921	635	1429	1929	1233	1283	593	2504	1613	1076	934	597
PD44855a_vs_PD44855b__pv	4447	1587	968	983	1549	1130	534	739	1779	2171	1207	560	980
PD44856a_vs_PD44856b__pv	11751	6752	725	1155	2365	2965	3653	349	1704	1320	808	22	948
PD44857a_vs_PD44857b__pv	11920	11792	534	2528	1531	465	3562	1198	1191	994	756	644	420
PD44859a_vs_PD44859b__pv	4139	6787	2958	933	5652	30	3555	24296	3488	472	550	2164	1611
PD44861a_vs_PD44861b__pv	2772	2334	618	2620	1406	2610	2157	1434	2490	2234	906	422	623
PD44862a_vs_PD44862b__pv	231	1913	1295	1113	530	2100	1520	373	2394	100	640	4367	554
PD44863a_vs_PD44863b__pv	4462	4536	765	732	2008	1607	407	435	1436	3105	277	1728	413
PD44864a_vs_PD44864b__pv	6433	5566	825	1591	1230	2259	1470	550	1351	1302	992	760	538
PD44904a_vs_PD44904b__pv	9742	6763	1860	7206	1815	1875	5735	1750	3213	1550	1915	176	2372
PD44905a_vs_PD44905b__pv	784	724	1164	3851	1175	1875	986	977	2418	575	977	1573	991
PD44906a_vs_PD44906b__pv	1139	1849	514	2410	810	933	1932	586	1829	660	388	188	947
PD44908a_vs_PD44908b__pv	4882	6620	538	1649	1805	1399	1315	818	2147	539	1066	334	1150
PD44909a_vs_PD44909b__pv	399	145	792	687	2309	671	67	80	742	1747	303	99	328
PD44910a_vs_PD44910b__pv	4344	2580	368	1133	2361	1040	1927	1054	3293	2733	615	682	366
PD44912a_vs_PD44912b__pv	24643	10855	2043	1794	1564	2330	868	1481	1717	2820	3416	1852	585
PD44913a_vs_PD44913b__pv	655	1139	1129	2973	1366	611	861	773	1047	1324	995	574	907
PD44914a_vs_PD44914b__pv	1189	1814	1887	4007	1433	1160	105	1187	1553	1085	2675	1574	1066
PD44915a_vs_PD44915b__pv	2166	2930	285	1523	918	759	798	698	1142	2204	753	469	460
PD44916a_vs_PD44916b__pv	704	541	488	831	1562	1079	129	165	1549	781	1600	716	714
PD44917a_vs_PD44917b__pv	28	43	283	810	412	363	12	131	283	268	114	369	394
PD44918a_vs_PD44918b__pv	3012	3069	453	581	1596	1566	1374	358	1318	1570	375	774	268
PD44919a_vs_PD44919b__pv	5665	1134	834	842	1759	1202	2283	251	1215	1258	54	416	359
PD44920a_vs_PD44920b__pv	6626	4805	602	1255	1053	701	3372	702	1345	776	591	464	790
PD44921a_vs_PD44921b__pv	889	1105	216	898	645	257	508	268	445	202	433	171	340
PD44922a_vs_PD44922b__pv	21178	17260	1169	3545	553	3856	16215	234	2763	1964	1333	2117	713
PD44923a_vs_PD44923b__pv	2411	1446	2429	6895	2736	4580	746	1546	3590	2682	587	1411	3054
PD44924a_vs_PD44924b__pv	601	666	882	1662	3441	824	256	232	1434	1498	572	671	666
PD44925a_vs_PD44925b__pv	2743	2131	447	3352	1179	2308	1380	1640	2761	4210	1143	829	1188
PD44926a_vs_PD44926b__pv	953	665	899	952	2612	961	107	378	1895	1907	304	304	368
PD44927a_vs_PD44927b__pv	6819	4094	488	991	1948	802	2574	821	1788	1528	528	728	184
PD44928a_vs_PD44928b__pv	3730	1273	648	1361	2667	1145	1071	1036	3018	3151	370	36	398
PD44929a_vs_PD44929b__pv	5480	3213	611	1758	2068	1037	2850	737	1790	1112	652	668	459
PD44930a_vs_PD44930b__pv	3412	8655	0	4437	1650	662	1525	1536	1378	1571	5671	3460	1319
PD44931a_vs_PD44931b__pv	6162	12501	0	145	12268	1909	6507	50579	6387	896	225	536	0
PD44932a_vs_PD44932b__pv	8158	2095	491	1687	1283	787	2097	773	1532	1611	0	219	860
PD44933a_vs_PD44933b__pv	80	0	772	1118	988	991	87	310	307	199	304	3742	320
PD44934a_vs_PD44934b__pv	37332	9918	2225	1824	1038	706	9665	1881	1116	2311	0	1897	0
PD44935a_vs_PD44935b__pv	1253	893	644	3060	974	1020	672	1284	2794	2188	380	292	698
PD44936a_vs_PD44936b__pv	812	889	408	753	1208	457	397	444	940	443	588	235	141
PD44937a_vs_PD44937b__pv	3062	3874	1725	1891	2193	2111	1459	353	3424	1746	1929	1948	1347
PD44938a_vs_PD44938b__pv	3620	3154	269	1209	965	2359	2441	1596	1864	1070	657	0	3325
PD44939a_vs_PD44939b__pv	1364	819	862	1817	2316	1290	697	747	2136	2115	549	873	690
PD44941a_vs_PD44941b__pv	1071	513	640	3497	1768	1205	374	757	865	1960	636	390	811
PD44942a_vs_PD44942b__pv	4084	2446	657	1183	2340	1164	1346	407	1396	1676	253	269	598
PD44943a_vs_PD44943b__pv	216	263	543	1224	1133	291	255	666	1451	1228	317	97	688
PD44944a_vs_PD44944b__pv	3426	1778	492	1782	1592	1130	1340	1205	2469	1792	539	98	889
PD44945a_vs_PD44945b__pv	13752	12861	702	3000	1099	217	5294	1078	0	2657	2006	1731	0
PD44946a_vs_PD44946b__pv	2338	2324	950	2088	2076	473	628	372	1120	1587	936	731	735
PD44947a_vs_PD44947b__pv	389	252	235	525	449	226	309	141	451	540	215	207	205
PD44948a_vs_PD44948b__pv	5604	6913	462	1186	1325	1896	1933	455	2752	724	425	3231	1160
PD44949a_vs_PD44949b__pv	2509	1625	525	0	1829	2339	1108	2	2255	1094	0	1682	167
PD44950a_vs_PD44950b__pv	666	314	114	533	627	256	258	317	514	1050	341	268	197
PD46225a_vs_PD46225b__pv	2357	2509	461	1888	2564	1621	445	964	2330	3582	923	1496	421
PD46226a_vs_PD46226b__pv	1992	152	256	2160	3913	1502	267	992	3015	1864	1553	1127	760
PD46227a_vs_PD46227b__pv	4410	16136	2364	3831	980	435	1287	1920	674	403	13894	1668	1908
PD46228a_vs_PD46228b__pv	8128	4305	522	610	1904	711	989	463	1533	3511	358	586	218
PD46229a_vs_PD46229b__pv	9226	10305	325	2875	1858	1069	2270	1406	2967	1990	865	1009	1296
PD46230a_vs_PD46230b__pv	2117	1380	589	1987	1430	546	1169	1383	1921	2456	668	5578	338
PD46231a_vs_PD46231b__pv	165	54	253	806	733	634	118	247	1404	660	0	814	407
PD46232a_vs_PD46232b__pv	2134	1435	491	1722	1309	1667	814	238	1731	1525	529	162	349
PD46233a_vs_PD46233b__pv	1606	5490	1736	7344	2074	293	3243	1810	933	1183	2749	2102	1127
PD46234a_vs_PD46234b__pv	94	35	747	1151	725	923	193	732	1526	991	533	253	362
PD46235a_vs_PD46235b__pv	4250	2011	853	845	3881	1414	616	458	2913	2161	748	895	602
PD46236a_vs_PD46236b__pv	1736	1093	567	2029	2838	1054	686	832	1991	3116	739	273	524
PD46237a_vs_PD46237b__pv	13526	2614	1774	4656	2407	1438	3104	1577	2463	1890	1755	850	1440
PD46238a_vs_PD46238b__pv	1214	639	1152	5105	0	502	666	1119	1915	827	879	532	1618
PD46239a_vs_PD46239b__pv	2330	1961	720	1175	1734	712	939	625	1412	1165	421	483	395
PD46240a_vs_PD46240b__pv	690	502	722	1464	1194	1007	65	675	1295	637	565	0	516
PD46241a_vs_PD46241b__pv	13868	6677	1402	3488	3911	824	4285	1075	2300	3212	1620	1109	1488
PD46242a_vs_PD46242b__pv	10521	60238	2020	2606	1466	2725	3500	1945	0	2078	4986	4055	545
PD46243a_vs_PD46243b__pv	637	815	496	2029	2380	2402	700	1044	3540	950	0	1373	1440
PD46244a_vs_PD46244b__pv	228	56	749	530	2693	1802	64	215	623	2130	307	75	294
PD46245a_vs_PD46245b__pv	0	0	628	3779	1078	233	330	918	608	2469	3624	1836	1130
PD46246a_vs_PD46246b__pv	1850	4477	1092	4948	2707	1482	2265	1600	2897	1165	3279	1489	2106
PD46247a_vs_PD46247b__pv	1612	3521	1482	2094	4886	2169	1396	542	1899	1731	766	903	831
PD46248a_vs_PD46248b__pv	15381	9472	1118	383	1682	1868	7678	1005	1267	1319	444	583	362
PD46249a_vs_PD46249b__pv	10312	6859	626	1692	2914	1755	5697	1238	2334	3420	511	93	292
PD46250a_vs_PD46250b__pv	155	0	1039	2852	489	128	135	829	0	454	763	3271	718
PD46251a_vs_PD46251b__pv	365	592	2887	0	8918	1548	455	24715	723	1331	0	623	1330
PD46252a_vs_PD46252b__pv	1043	2378	0	0	506	0	0	2971	0	22765	986	1742	1711
PD46253a_vs_PD46253b__pv	5399	6598	980	1049	3206	4321	953	490	2439	1878	1938	642	608
PD46254a_vs_PD46254b__pv	4896	3934	951	905	1885	2540	2025	322	947	1925	865	288	333
PD46255a_vs_PD46255b__pv	416	523	893	876	2658	1524	1347	117	1132	1952	213	774	953
PD46256a_vs_PD46256b__pv	1221	3315	735	549	2413	1067	210	670	1486	930	1329	130	544
PD46257a_vs_PD46257b__pv	157	82	711	512	3026	752	43	496	1322	1981	260	435	290
PD46258a_vs_PD46258b__pv	3690	2526	705	2296	1191	1554	1340	747	1454	1788	1076	748	794
PD46259a_vs_PD46259b__pv	1842	2026	717	2926	878	1820	1259	702	2249	894	611	933	865
PD46260a_vs_PD46260b__pv	252	243	324	466	970	1024	169	679	2436	1093	570	2726	240
PD46261a_vs_PD46261b__pv	351	338	614	1011	1064	422	306	489	1223	775	192	366	362
PD46262a_vs_PD46262b__pv	651	592	143	876	880	459	76	195	738	396	379	617	504
PD46263a_vs_PD46263b__pv	4773	1773	539	799	833	1349	1710	431	220	2859	239	58	293
PD46264a_vs_PD46264b__pv	2809	2224	467	2715	600	1340	1118	770	909	1542	301	848	773
PD46265a_vs_PD46265b__pv	5621	4753	663	1428	2065	1477	2046	688	2473	1653	374	672	603
PD46267a_vs_PD46267b__pv	1	10	57	148	50	0	30	37	147	9	57	34	22
PD46268a_vs_PD46268b__pv	1672	84	465	914	1554	651	610	716	1946	1400	813	590	848
SLX-16751	1731	1237	334	446	1003	342	464	178	673	714	334	170	185
SLX-16752	4695	8854	791	833	956	482	4176	97	728	799	437	224	260
SLX-18929	129273	122670	50249	66829	58651	52183	58114	34771	62316	75148	29491	31250	32835
SLX-18949	14124	12922	969	1474	2123	1378	7252	763	1382	2022	738	529	748
SLX-18950	536	177	624	294	430	222	105	169	280	351	164	77	195
SM-4AX82_vs_SM-4AWN8__pv	2144	1379	1264	2450	2152	883	665	581	1635	3102	709	280	856
SM-4AX83_vs_SM-4AWN9__pv	1288	466	492	1216	405	430	629	352	313	671	285	537	213
SM-4AX84_vs_SM-4AWNA__pv	7621	6016	694	1394	1719	742	3545	776	1687	2875	93	507	381
SM-4AX85_vs_SM-4AWNB__pv	168	375	2272	2074	2002	1455	438	1096	1611	2255	193	822	619
SM-4AX86_vs_SM-4AWNC__pv	4082	3606	1303	1719	1126	1766	1189	355	555	1777	938	1287	445
SM-4AX87_vs_SM-4AWND__pv	56	137	332	517	665	521	116	164	578	1425	261	38	160
SM-4B295_vs_SM-4AWNE__pv	6978	4997	1535	3658	1429	2028	1788	625	1999	1602	1576	914	831
SM-4B296_vs_SM-4AWNF__pv	6588	6759	2969	8373	642	1411	3335	2145	3364	1257	1437	6304	2944
SM-4JPP6_vs_SM-4JPUS__pv	1467	802	940	2323	1322	1527	444	1022	2199	3847	2523	379	1599
SM-4JPP7_vs_SM-4JPUT__pv	877	964	533	1352	1291	430	699	528	1797	598	580	790	453
SM-4JPP9_vs_SM-4JPUT__pv	1007	968	510	1245	1232	416	750	459	1685	557	592	742	476
SM-4JPPA_vs_LP6005333-DNA_B01__pv	2585	1452	756	2122	4304	5547	1048	849	4043	4863	1160	121	872
SM-4JPPB_vs_LP6005333-DNA_B01__pv	2117	1482	921	1872	4282	5585	937	801	3743	4913	1145	182	892
SM-4JPPC_vs_LP6005333-DNA_B01__pv	2743	1408	841	2011	4342	5558	1089	853	3883	4916	1143	181	824
SM-4JPUV_vs_SM-4JPUS__pv	98	138	236	819	665	415	172	306	837	556	468	87	316
SM-4JPUW_vs_SM-4JPUS__pv	0	0	6	16	7	0	14	15	58	0	34	0	0
SM-4JPUX_vs_SM-4JPUT__pv	508	415	939	1155	1025	623	411	79	1498	504	702	456	376
SM-4JPUY_vs_LP6005333-DNA_B01__pv	3668	2142	663	2129	4302	5725	1810	924	4090	4955	1146	85	992
SM-4JPUZ_vs_LP6005333-DNA_B01__pv	3614	2056	869	2066	3892	5435	1764	778	4088	4800	1047	128	971
SM-4JPV1_vs_SM-4JPUS__pv	1247	796	960	1917	1187	1398	291	771	1903	3258	2249	303	1312
SM-4JPV2_vs_SM-4JPUS__pv	1800	1214	915	2115	1337	1637	473	942	2252	3909	2595	321	1466
SS6003109_vs_SS6003108__pv	5344	2934	959	3236	1071	503	1603	798	279	1690	1198	3348	451
SS6003111_vs_SS6003110__pv	2619	2378	959	3747	2630	1165	1621	940	3125	2877	793	749	765
SS6003113_vs_SS6003112__pv	3569	6246	469	731	1393	281	714	103	614	1730	824	435	356
SS6003115_vs_SS6003114__pv	8851	7209	608	1698	1366	1208	4811	396	1335	1976	597	734	476
SS6003117_vs_SS6003116__pv	86	0	0	0	1223	2052	46	0	1985	773	0	4671	0
SS6003119_vs_SS6003118__pv	115	174	415	1288	854	506	188	353	1001	526	281	129	751
SS6003121_vs_SS6003120__pv	2097	26007	815	3014	2374	700	6931	665	289	1523	2070	1834	529
SS6003125_vs_SS6003124__pv	5417	4257	268	1306	1214	504	712	382	1403	1614	1199	447	757
SS6003129_vs_SS6003128__pv	6636	5312	703	2593	2961	3118	2978	686	2704	2894	1355	542	743
SS6003131_vs_SS6003130__pv	308	157	598	745	1347	785	247	183	922	1280	209	251	456
SS6003133_vs_SS6003132__pv	529	89	777	0	980	2001	225	21	841	6493	0	2883	356
SS6003135_vs_SS6003134__pv	15963	7631	531	1052	982	596	3699	742	1194	1040	734	1152	448
SS6003137_vs_SS6003136__pv	1591	1060	732	1376	1850	769	381	813	1857	2644	584	61	687
SS6003149_vs_SS6003148__pv	21553	16411	294	990	1560	3376	15051	711	2963	565	2586	3089	1630
SS6003302_vs_SS6003301__pv	3077	2695	602	1462	1375	1054	721	781	2187	1785	1581	582	598
SS6003303_vs_SS6003301__pv	2098	1957	494	1285	1018	484	419	417	1396	1380	814	583	437
SS6003305_vs_SS6003304__pv	163	139	717	4378	1091	389	255	694	984	769	381	1488	1640
SS6003306_vs_SS6003304__pv	249	223	816	2337	1006	209	109	408	637	581	433	926	793
SS6003308_vs_SS6003307__pv	785	420	662	502	1241	1617	306	18	921	910	454	528	404
SS6003309_vs_SS6003307__pv	948	376	722	1008	1466	2085	326	65	1221	1228	577	766	523
SS6003311_vs_SS6003310__pv	213	135	821	832	1523	1123	206	2134	2571	10765	515	223	173
SS6003312_vs_SS6003310__pv	33	140	520	443	1321	600	130	2319	2602	10405	473	272	75
SS6003314_vs_SS6003313__pv	5368	3888	495	1182	885	1149	2680	587	1063	973	502	1213	264
SS6003315_vs_SS6003313__pv	5363	3933	436	1231	899	1106	2741	631	1028	952	503	1237	260
SS6003317_vs_SS6003316__pv	15007	7830	366	1302	1460	2298	5057	459	879	1754	439	304	800
SS6003318_vs_SS6003316__pv	14937	7901	368	1471	1485	2429	5096	478	894	1767	476	287	795
SS6003320_vs_SS6003319__pv	5989	5336	802	1591	2651	667	1535	1026	1788	1512	1601	1139	634
SS6003321_vs_SS6003319__pv	5809	5109	636	1668	2422	613	1491	1030	1568	1468	1570	940	611
SS6003323_vs_SS6003322__pv	4731	886	855	1353	2150	1971	2934	551	1553	1524	0	536	559
SS6003324_vs_SS6003322__pv	3432	742	1092	1314	1917	1563	1974	231	1333	1287	117	573	668
