Replicates	Seeds
1	2004007
2	8404639
3	3932828
4	7528722
5	6184086
6	7000413
7	8515537
8	4855941
9	1630952
10	6935773
11	3632523
12	5406320
13	9232462
14	5956660
15	1499247
16	3457177
17	8861741
18	9887698
19	5960740
20	8995848
21	6358087
22	2654384
23	6569879
24	9335648
25	2108648
26	2917207
27	6788091
28	1836435
29	8366075
30	5519911
31	6039785
32	5721651
33	857540
34	2713880
35	856844
36	993026
37	3535946
38	6271147
39	2509770
40	5844069
41	772297
42	2300242
43	7260338
44	5368945
45	401830
46	1451127
47	9572199
48	2187786
49	2259985
50	565083
51	3514489
52	8997988
53	7905862
54	6219595
55	2763015
56	8835747
57	8178335
58	639428
59	1077546
60	9585044
61	8149105
62	9360944
63	8220223
64	2311763
65	7707558
66	8191252
67	6713420
68	2794871
69	580023
70	7378824
71	3721711
72	428453
73	4125421
74	2343103
75	956219
76	3862736
77	8888403
78	615432
79	1340364
80	4585672
81	8775035
82	7778534
83	1005793
84	3483838
85	6017471
86	818503
87	6286743
88	2371965
89	9927333
90	7835098
91	3666269
92	607525
93	414227
94	3716012
95	783604
96	6281198
97	1729722
98	1844275
99	6022951
100	5237538
101	9366992
102	789342
103	1905415
104	1465980
105	5058712
106	851958
107	2611397
108	4572484
109	207909
110	947747
111	2193992
112	9593706
113	256749
114	763358
115	4193351
116	9826895
117	5964632
118	9418025
119	6967155
120	7973910
121	4434871
122	3683229
123	5014945
124	2313953
125	7754079
126	3643750
127	6529432
128	4049540
129	4677229
130	3281897
131	8320127
132	7241043
133	217914
134	8134601
135	4434285
136	4401146
137	5979117
138	3115612
139	7765996
140	9731640
141	6133778
142	1830075
143	87209
144	2716023
145	7457271
146	5889180
147	8080887
148	2793998
149	627981
150	5992131
151	5746947
152	68003
153	6465881
154	3590579
155	4821045
156	8156826
157	3941767
158	771561
159	299636
160	5645895
161	6639737
162	6225742
163	2283309
164	9793226
165	7466302
166	9642693
167	2724829
168	8487692
169	4535203
170	7299893
171	8478355
172	2209802
173	9825295
174	2682497
175	3541354
176	5124292
177	5870980
178	7052717
179	5834213
180	7276776
181	7056186
182	3995914
183	6837360
184	1196686
185	738275
186	9950788
187	5149133
188	1066114
189	1979882
190	4954443
191	4847112
192	988655
193	2779463
194	1011024
195	8928471
196	655767
197	1659979
198	2469777
199	4970344
200	4369220
201	5050831
202	8586651
203	5080693
204	7253350
205	8258123
206	454576
207	6933807
208	5438657
209	4722944
210	5544431
211	4345121
212	7414577
213	6252666
214	8052662
215	2308403
216	7516700
217	3830254
218	855326
219	423767
220	4426703
221	5678027
222	4891936
223	8763287
224	8530796
225	6283415
226	1850953
227	5043356
228	5054469
229	2366988
230	8423692
231	3847587
232	2508584
233	2436233
234	2384129
235	3731946
236	7681427
237	2325538
238	4947112
239	4493828
240	4620823
241	9321606
242	1229356
243	8088425
244	4058861
245	5809014
246	7514407
247	5940596
248	8208442
249	453965
250	2012526
251	8114016
252	8726678
253	1526873
254	6653135
255	480683
256	7230231
257	8863625
258	7160761
259	3439290
260	4655027
261	2554033
262	6537098
263	5965730
264	644577
265	9648276
266	3217668
267	9636727
268	9141618
269	4249465
270	7071776
271	120349
272	6886065
273	4860496
274	6919862
275	6789007
276	326953
277	3104027
278	3877396
279	5245356
280	3727098
281	2313075
282	9873886
283	9738953
284	4223319
285	9181618
286	8678925
287	3113410
288	7177751
289	3390711
290	8526287
291	5048109
292	2945885
293	3462466
294	8945990
295	7074753
296	3526000
297	8980088
298	4700096
299	2851566
300	7779377
301	2786442
302	4023968
303	6569262
304	2340966
305	1486322
306	240649
307	3351402
308	4777888
309	1077133
310	9598152
311	4438844
312	3645995
313	4080686
314	4414804
315	7625849
316	3478417
317	6930013
318	2478748
319	4969096
320	985456
321	1214501
322	8339722
323	5336380
324	473684
325	7390840
326	9864086
327	4269763
328	8253492
329	6055107
330	4917399
331	7915873
332	3404588
333	990356
334	690000
335	5279262
336	6971164
337	5977604
338	2037375
339	8883867
340	6066208
341	6419093
342	1404983
343	7150980
344	9801005
345	8858988
346	426483
347	4102137
348	8400949
349	4905016
350	858832
351	6259224
352	68978
353	7743975
354	5853093
355	5085718
356	2194099
357	1592939
358	3875130
359	4516165
360	5169870
361	8044175
362	9240126
363	6627111
364	3416166
365	6702434
366	2140224
367	4402526
368	2942255
369	1885790
370	6509227
371	4561224
372	7478855
373	6282596
374	338195
375	9056863
376	4325757
377	3857033
378	4451707
379	2284898
380	2460892
381	2263396
382	8361316
383	4228664
384	6109849
385	7752752
386	186449
387	8665497
388	6846340
389	3235638
390	6843050
391	7148033
392	3509958
393	8532241
394	2341135
395	974027
396	4546478
397	4962199
398	226305
399	2077589
400	5273204
401	4538918
402	584327
403	8610688
404	4576712
405	3940164
406	7512369
407	2211340
408	3838875
409	1492326
410	7177830
411	4126909
412	3576607
413	4072090
414	283065
415	775072
416	9174540
417	7032878
418	6982482
419	3329975
420	9222159
421	4337589
422	7791785
423	920772
424	8940377
425	4281513
426	2756788
427	924922
428	9372641
429	8946257
430	6142524
431	7596681
432	5628413
433	1506342
434	1485652
435	9209211
436	9266958
437	3902605
438	5205152
439	8765896
440	5793152
441	2481833
442	11604
443	3745203
444	7520852
445	3057549
446	6146649
447	9185283
448	4118031
449	2532050
450	4454697
451	6108542
452	8836874
453	7523197
454	4421732
455	876159
456	6249146
457	4062834
458	4487646
459	4279336
460	6084970
461	7671590
462	5350819
463	9102203
464	4497422
465	8448781
466	8337885
467	6775369
468	9812121
469	7652628
470	8115253
471	2661097
472	8616065
473	9036737
474	8948300
475	3758434
476	3897075
477	4875877
478	3897121
479	148345
480	8176544
481	6568853
482	1501762
483	9628011
484	2322735
485	8196945
486	3543291
487	4897025
488	2931893
489	962277
490	9725123
491	2369050
492	8481892
493	5640028
494	4056456
495	2944406
496	196497
497	3043229
498	6515355
499	266861
500	6345363
