NMF_Replicate	L1	L1 %	L2	L2 %	KL Divergence	Correlation	Convergence Iterations
1	3234.649	15.657	629.336	15.803	0.031	0.971	20000.0
2	3245.903	15.714	633.365	15.9	0.031	0.971	20000.0
3	3242.883	15.74	632.181	15.874	0.031	0.971	40000.0
4	3241.106	15.709	631.552	15.86	0.031	0.971	20000.0
5	3243.437	15.7	632.641	15.859	0.031	0.971	20000.0
6	3243.93	15.711	633.51	15.882	0.03	0.971	30000.0
7	3234.483	15.678	630.741	15.832	0.03	0.971	30000.0
8	3240.607	15.777	631.699	15.929	0.031	0.97	20000.0
9	3240.36	15.688	632.537	15.851	0.03	0.971	20000.0
10	3242.803	15.692	632.019	15.847	0.031	0.97	30000.0
11	3240.571	15.745	629.879	15.858	0.031	0.97	20000.0
12	3242.234	15.685	633.303	15.888	0.03	0.971	40000.0
13	3239.295	15.668	632.327	15.876	0.03	0.971	20000.0
14	3250.304	15.78	632.302	15.904	0.031	0.971	30000.0
15	3237.855	15.714	630.855	15.894	0.031	0.971	20000.0
16	3244.912	15.746	629.677	15.857	0.031	0.971	30000.0
17	3236.767	15.691	630.205	15.846	0.03	0.971	40000.0
18	3245.242	15.712	632.434	15.828	0.031	0.971	20000.0
19	3237.991	15.679	631.093	15.821	0.031	0.971	20000.0
20	3246.201	15.713	632.571	15.868	0.03	0.971	20000.0
21	3247.823	15.739	632.747	15.92	0.031	0.971	40000.0
22	3239.101	15.691	631.231	15.846	0.031	0.971	50000.0
23	3251.771	15.74	633.594	15.883	0.031	0.971	20000.0
24	3245.157	15.702	633.695	15.896	0.031	0.97	20000.0
25	3234.156	15.667	630.226	15.828	0.031	0.971	20000.0
26	3238.999	15.686	631.265	15.877	0.031	0.97	60000.0
27	3238.886	15.683	629.979	15.821	0.031	0.971	40000.0
28	3235.327	15.71	630.925	15.851	0.031	0.971	30000.0
29	3242.59	15.683	631.583	15.858	0.03	0.971	30000.0
30	3243.301	15.72	631.989	15.849	0.031	0.971	30000.0
31	3242.206	15.71	632.864	15.912	0.031	0.97	20000.0
32	3242.93	15.724	631.342	15.859	0.031	0.971	30000.0
33	3236.669	15.679	630.823	15.842	0.031	0.971	20000.0
34	3242.021	15.719	631.149	15.9	0.03	0.97	30000.0
35	3239.947	15.678	631.74	15.837	0.031	0.971	30000.0
36	3247.598	15.755	631.85	15.872	0.031	0.971	20000.0
37	3235.557	15.689	630.758	15.863	0.03	0.971	30000.0
38	3244.964	15.72	632.585	15.876	0.031	0.971	30000.0
39	3241.431	15.693	631.388	15.863	0.031	0.971	20000.0
40	3247.33	15.688	634.469	15.934	0.03	0.971	20000.0
41	3244.708	15.674	633.33	15.86	0.03	0.971	20000.0
42	3239.16	15.71	629.149	15.847	0.031	0.971	20000.0
43	3241.851	15.679	630.042	15.803	0.03	0.971	30000.0
44	3240.28	15.786	631.189	15.926	0.031	0.97	30000.0
45	3243.297	15.7	632.595	15.869	0.031	0.971	30000.0
46	3250.634	15.721	633.738	15.825	0.031	0.971	20000.0
47	3249.647	15.766	634.213	15.907	0.031	0.971	40000.0
48	3241.257	15.673	631.17	15.866	0.03	0.971	20000.0
49	3242.205	15.742	631.852	15.874	0.031	0.971	30000.0
50	3239.492	15.71	631.663	15.899	0.031	0.97	20000.0
51	3242.432	15.728	631.765	15.947	0.031	0.97	30000.0
52	3244.355	15.725	631.982	15.894	0.031	0.971	30000.0
53	3237.256	15.669	630.858	15.855	0.03	0.971	60000.0
54	3236.14	15.648	631.047	15.851	0.031	0.971	30000.0
55	3239.028	15.693	631.707	15.844	0.031	0.971	30000.0
56	3243.407	15.765	632.022	15.896	0.031	0.971	30000.0
57	3242.476	15.731	631.032	15.878	0.031	0.97	50000.0
58	3243.91	15.678	631.393	15.849	0.031	0.971	20000.0
59	3234.698	15.627	631.432	15.836	0.03	0.971	20000.0
60	3240.45	15.7	632.621	15.909	0.03	0.971	20000.0
61	3240.695	15.677	631.914	15.852	0.03	0.971	50000.0
62	3234.706	15.67	630.479	15.842	0.03	0.971	30000.0
63	3246.64	15.74	633.508	15.892	0.031	0.971	20000.0
64	3242.057	15.693	633.351	15.871	0.031	0.971	40000.0
65	3240.124	15.67	632.514	15.875	0.03	0.971	20000.0
66	3244.94	15.74	633.04	15.919	0.031	0.97	20000.0
67	3244.446	15.737	633.965	15.914	0.031	0.971	40000.0
68	3236.346	15.66	631.246	15.852	0.03	0.971	30000.0
69	3236.187	15.656	630.152	15.83	0.03	0.971	50000.0
70	3238.575	15.711	631.199	15.881	0.031	0.971	40000.0
71	3236.856	15.697	630.741	15.868	0.031	0.971	40000.0
72	3237.009	15.669	629.789	15.806	0.031	0.971	40000.0
73	3238.016	15.693	631.508	15.906	0.031	0.971	40000.0
74	3247.645	15.764	632.432	15.918	0.031	0.97	30000.0
75	3241.14	15.695	631.525	15.837	0.03	0.971	30000.0
76	3236.03	15.666	631.119	15.838	0.03	0.971	30000.0
77	3239.332	15.689	631.576	15.871	0.031	0.971	30000.0
78	3244.133	15.714	633.237	15.904	0.03	0.971	20000.0
79	3246.119	15.729	631.957	15.883	0.031	0.971	20000.0
80	3248.726	15.723	632.693	15.882	0.031	0.971	30000.0
81	3241.543	15.733	630.274	15.864	0.031	0.97	30000.0
82	3243.584	15.692	632.014	15.835	0.031	0.971	20000.0
83	3239.774	15.665	631.391	15.832	0.03	0.971	20000.0
84	3243.99	15.7	631.704	15.878	0.031	0.971	20000.0
85	3239.533	15.682	630.739	15.83	0.031	0.971	20000.0
86	3239.174	15.676	631.708	15.856	0.03	0.971	40000.0
87	3241.684	15.687	629.903	15.833	0.03	0.971	40000.0
88	3244.466	15.729	631.567	15.892	0.031	0.971	20000.0
89	3242.157	15.741	631.051	15.876	0.031	0.971	20000.0
90	3236.429	15.672	629.509	15.801	0.03	0.971	30000.0
91	3238.261	15.661	629.953	15.791	0.03	0.971	30000.0
92	3241.526	15.703	631.986	15.864	0.031	0.971	30000.0
93	3237.622	15.679	629.991	15.845	0.03	0.971	20000.0
94	3237.533	15.664	631.765	15.843	0.03	0.971	20000.0
95	3241.485	15.693	632.164	15.859	0.031	0.971	20000.0
96	3238.084	15.697	631.366	15.853	0.031	0.971	30000.0
97	3244.559	15.718	632.343	15.899	0.031	0.971	20000.0
98	3248.4	15.73	633.393	15.906	0.03	0.971	20000.0
99	3236.17	15.71	631.59	15.893	0.031	0.971	40000.0
100	3240.899	15.701	632.01	15.877	0.03	0.971	40000.0
101	3241.273	15.702	631.04	15.847	0.03	0.971	50000.0
102	3244.723	15.763	632.688	15.945	0.031	0.97	50000.0
103	3241.975	15.671	632.188	15.856	0.03	0.971	30000.0
104	3238.804	15.708	631.539	15.886	0.03	0.971	20000.0
105	3240.753	15.712	631.166	15.857	0.031	0.971	20000.0
106	3242.343	15.712	632.097	15.866	0.031	0.971	30000.0
107	3236.638	15.674	629.887	15.822	0.03	0.971	40000.0
108	3249.348	15.748	633.492	15.899	0.031	0.971	30000.0
109	3242.324	15.729	630.839	15.897	0.031	0.971	30000.0
110	3241.133	15.701	632.228	15.921	0.031	0.97	50000.0
111	3237.134	15.696	630.841	15.871	0.031	0.97	30000.0
112	3238.474	15.697	631.712	15.879	0.03	0.971	20000.0
113	3244.94	15.683	633.064	15.827	0.03	0.971	20000.0
114	3240.721	15.674	632.051	15.845	0.031	0.971	30000.0
115	3245.057	15.684	631.902	15.829	0.03	0.971	30000.0
116	3240.631	15.726	631.38	15.888	0.031	0.97	30000.0
117	3240.701	15.683	631.779	15.874	0.03	0.971	30000.0
118	3235.394	15.663	631.492	15.849	0.031	0.971	20000.0
119	3242.041	15.713	631.812	15.884	0.03	0.971	50000.0
120	3234.972	15.68	630.207	15.852	0.031	0.971	50000.0
121	3243.89	15.742	630.657	15.89	0.031	0.97	20000.0
122	3240.656	15.705	630.07	15.874	0.031	0.971	20000.0
123	3236.382	15.74	633.124	15.912	0.031	0.97	30000.0
124	3236.711	15.688	630.849	15.863	0.03	0.971	40000.0
125	3252.006	15.765	633.984	15.914	0.031	0.97	20000.0
126	3237.35	15.747	630.308	15.883	0.031	0.97	30000.0
127	3240.435	15.73	631.281	15.877	0.031	0.971	20000.0
128	3246.375	15.714	631.625	15.895	0.031	0.97	30000.0
129	3248.098	15.711	633.548	15.866	0.03	0.971	30000.0
130	3237.564	15.685	630.996	15.866	0.03	0.971	20000.0
131	3242.339	15.708	630.998	15.864	0.03	0.971	20000.0
132	3231.198	15.655	628.861	15.818	0.031	0.971	20000.0
133	3244.627	15.681	632.611	15.87	0.03	0.971	20000.0
134	3246.839	15.728	632.456	15.877	0.031	0.971	30000.0
135	3244.043	15.728	631.566	15.897	0.031	0.97	20000.0
136	3237.647	15.659	631.547	15.832	0.03	0.971	30000.0
137	3248.476	15.745	633.296	15.901	0.031	0.971	20000.0
138	3249.286	15.773	633.515	15.908	0.031	0.97	30000.0
139	3238.532	15.699	630.831	15.851	0.03	0.971	40000.0
140	3237.603	15.72	629.847	15.875	0.031	0.971	20000.0
141	3246.384	15.718	632.105	15.886	0.03	0.971	20000.0
142	3239.109	15.656	630.609	15.84	0.03	0.971	40000.0
143	3247.9	15.779	633.046	15.948	0.031	0.971	20000.0
144	3245.632	15.725	631.639	15.902	0.031	0.97	20000.0
145	3238.882	15.686	631.146	15.847	0.031	0.971	40000.0
146	3245.867	15.766	631.9	15.937	0.031	0.97	30000.0
147	3242.402	15.696	631.946	15.849	0.03	0.971	30000.0
148	3248.031	15.683	632.381	15.843	0.03	0.971	20000.0
149	3245.78	15.737	633.047	15.877	0.031	0.971	30000.0
150	3234.41	15.695	630.49	15.855	0.031	0.971	20000.0
151	3239.013	15.685	630.871	15.826	0.031	0.971	40000.0
152	3237.929	15.685	632.436	15.885	0.03	0.971	50000.0
153	3246.365	15.723	631.243	15.854	0.031	0.971	30000.0
154	3244.1	15.71	630.224	15.855	0.031	0.971	20000.0
155	3241.671	15.681	632.148	15.854	0.03	0.971	20000.0
156	3244.151	15.727	631.266	15.894	0.031	0.971	20000.0
157	3243.334	15.711	631.545	15.857	0.031	0.971	50000.0
158	3237.933	15.674	632.194	15.876	0.03	0.97	30000.0
159	3247.857	15.7	633.218	15.887	0.031	0.971	30000.0
160	3241.608	15.731	630.899	15.883	0.031	0.97	30000.0
161	3250.236	15.753	633.98	15.916	0.031	0.97	30000.0
162	3245.843	15.708	632.858	15.874	0.03	0.971	30000.0
163	3238.817	15.668	629.792	15.829	0.031	0.971	40000.0
164	3241.571	15.687	631.656	15.851	0.03	0.971	30000.0
165	3245.652	15.692	631.891	15.858	0.03	0.971	50000.0
166	3242.969	15.705	631.3	15.861	0.031	0.971	30000.0
167	3241.196	15.695	632.098	15.878	0.031	0.97	30000.0
168	3238.467	15.672	631.034	15.806	0.031	0.971	30000.0
169	3250.637	15.738	634.203	15.938	0.031	0.97	30000.0
170	3243.901	15.727	630.874	15.901	0.031	0.971	20000.0
171	3246.517	15.729	632.218	15.89	0.031	0.971	30000.0
172	3249.004	15.772	632.892	15.937	0.031	0.97	30000.0
173	3242.391	15.695	631.813	15.869	0.031	0.971	30000.0
174	3242.657	15.68	633.611	15.895	0.03	0.971	20000.0
175	3242.921	15.704	632.619	15.889	0.03	0.971	20000.0
176	3237.939	15.671	631.747	15.877	0.03	0.97	30000.0
177	3239.812	15.731	630.975	15.871	0.031	0.97	30000.0
178	3244.401	15.701	633.319	15.875	0.031	0.971	30000.0
179	3244.569	15.699	632.223	15.872	0.031	0.971	20000.0
180	3242.033	15.738	632.291	15.904	0.031	0.97	30000.0
181	3241.481	15.69	630.554	15.8	0.03	0.971	30000.0
182	3244.993	15.749	631.532	15.913	0.031	0.97	20000.0
183	3241.228	15.712	631.512	15.89	0.031	0.971	30000.0
184	3243.968	15.729	631.302	15.851	0.031	0.971	20000.0
185	3251.563	15.734	632.454	15.862	0.031	0.971	60000.0
186	3240.52	15.716	630.36	15.885	0.031	0.97	50000.0
187	3242.208	15.701	632.196	15.884	0.031	0.971	20000.0
188	3240.327	15.71	630.521	15.848	0.031	0.971	30000.0
189	3239.957	15.689	632.014	15.863	0.031	0.971	30000.0
190	3237.922	15.659	631.798	15.835	0.031	0.971	20000.0
191	3242.503	15.709	631.922	15.896	0.031	0.971	30000.0
192	3238.674	15.712	631.718	15.855	0.031	0.971	20000.0
193	3246.346	15.724	632.754	15.871	0.031	0.971	40000.0
194	3233.384	15.695	628.063	15.833	0.031	0.97	20000.0
195	3242.585	15.673	632.486	15.852	0.03	0.971	30000.0
196	3243.12	15.689	632.277	15.872	0.03	0.971	30000.0
197	3236.339	15.68	631.421	15.837	0.031	0.97	50000.0
198	3230.625	15.681	629.886	15.839	0.031	0.971	20000.0
199	3235.444	15.71	629.463	15.822	0.031	0.971	30000.0
200	3233.305	15.651	629.036	15.814	0.03	0.971	30000.0
201	3233.902	15.684	629.538	15.801	0.031	0.971	30000.0
202	3239.49	15.737	631.535	15.901	0.031	0.971	20000.0
203	3236.166	15.664	629.542	15.858	0.031	0.971	40000.0
204	3238.108	15.693	631.612	15.869	0.031	0.97	30000.0
205	3247.295	15.685	632.121	15.878	0.031	0.971	40000.0
206	3242.322	15.671	630.763	15.84	0.03	0.971	50000.0
207	3241.845	15.729	632.957	15.919	0.031	0.97	20000.0
208	3240.313	15.656	633.596	15.858	0.03	0.971	30000.0
209	3246.92	15.719	632.236	15.868	0.03	0.971	40000.0
210	3242.756	15.691	631.688	15.892	0.031	0.971	30000.0
211	3236.212	15.631	630.811	15.816	0.031	0.971	20000.0
212	3244.122	15.726	632.76	15.882	0.031	0.97	30000.0
213	3249.161	15.739	633.099	15.92	0.031	0.971	40000.0
214	3242.668	15.696	631.923	15.883	0.031	0.971	50000.0
215	3245.921	15.716	632.143	15.89	0.031	0.971	30000.0
216	3235.669	15.66	629.326	15.815	0.03	0.971	40000.0
217	3240.242	15.695	631.527	15.885	0.031	0.971	30000.0
218	3230.977	15.689	629.297	15.861	0.031	0.971	30000.0
219	3243.887	15.712	632.318	15.859	0.031	0.971	20000.0
220	3245.88	15.739	631.88	15.877	0.031	0.971	30000.0
221	3241.785	15.717	632.841	15.897	0.031	0.971	30000.0
222	3242.125	15.718	632.499	15.894	0.031	0.971	20000.0
223	3243.542	15.737	632.187	15.871	0.031	0.971	30000.0
224	3239.372	15.714	632.244	15.905	0.031	0.97	20000.0
225	3238.556	15.684	631.109	15.869	0.03	0.971	20000.0
226	3244.829	15.717	632.178	15.882	0.031	0.971	30000.0
227	3239.699	15.715	631.41	15.893	0.031	0.971	20000.0
228	3235.351	15.713	631.665	15.879	0.031	0.971	20000.0
229	3235.962	15.679	630.509	15.849	0.03	0.971	30000.0
230	3236.445	15.683	630.38	15.842	0.03	0.971	20000.0
231	3233.744	15.649	631.216	15.847	0.03	0.971	20000.0
232	3239.228	15.714	631.011	15.876	0.031	0.97	50000.0
233	3237.811	15.704	630.415	15.809	0.031	0.971	20000.0
234	3248.298	15.715	632.208	15.888	0.03	0.971	30000.0
235	3243.269	15.757	632.568	15.909	0.031	0.97	20000.0
236	3239.121	15.662	631.573	15.848	0.03	0.971	20000.0
237	3243.699	15.756	631.498	15.883	0.031	0.971	40000.0
238	3236.245	15.713	630.789	15.886	0.031	0.97	50000.0
239	3246.104	15.773	631.913	15.924	0.031	0.97	30000.0
240	3247.876	15.756	634.011	15.927	0.031	0.971	40000.0
241	3245.483	15.701	632.786	15.89	0.031	0.971	30000.0
242	3249.067	15.747	633.055	15.908	0.031	0.971	20000.0
243	3243.457	15.685	631.253	15.855	0.03	0.971	20000.0
244	3237.629	15.681	630.643	15.871	0.031	0.971	50000.0
245	3243.259	15.662	631.028	15.825	0.031	0.971	20000.0
246	3241.363	15.719	631.201	15.859	0.031	0.971	20000.0
247	3248.421	15.722	632.532	15.895	0.031	0.97	30000.0
248	3246.397	15.719	632.484	15.85	0.031	0.971	30000.0
249	3255.317	15.739	634.683	15.898	0.03	0.971	20000.0
250	3248.777	15.75	632.435	15.904	0.031	0.971	50000.0
251	3239.127	15.711	630.982	15.85	0.031	0.971	20000.0
252	3246.098	15.738	631.631	15.875	0.031	0.971	20000.0
253	3238.657	15.647	631.583	15.825	0.03	0.971	20000.0
254	3241.708	15.665	632.533	15.818	0.03	0.971	40000.0
255	3242.537	15.695	630.694	15.856	0.03	0.971	30000.0
256	3256.326	15.783	634.144	15.909	0.031	0.97	30000.0
257	3242.707	15.722	632.324	15.906	0.031	0.971	30000.0
258	3239.103	15.691	631.064	15.841	0.031	0.971	20000.0
259	3243.615	15.718	632.436	15.903	0.031	0.971	20000.0
260	3251.094	15.736	633.225	15.893	0.031	0.971	20000.0
261	3235.624	15.676	631.417	15.857	0.031	0.971	30000.0
262	3241.127	15.701	629.604	15.844	0.03	0.971	20000.0
263	3238.514	15.642	631.929	15.83	0.03	0.971	20000.0
264	3240.923	15.668	632.49	15.835	0.03	0.971	40000.0
265	3240.497	15.726	630.953	15.844	0.031	0.971	30000.0
266	3236.707	15.678	630.282	15.829	0.031	0.971	30000.0
267	3242.678	15.697	631.633	15.858	0.031	0.971	20000.0
268	3245.528	15.73	631.436	15.888	0.03	0.971	20000.0
269	3242.404	15.707	632.709	15.892	0.031	0.971	20000.0
270	3238.387	15.703	630.709	15.852	0.031	0.971	20000.0
271	3246.067	15.688	632.985	15.863	0.03	0.971	30000.0
272	3243.018	15.737	631.644	15.884	0.031	0.97	40000.0
273	3243.803	15.756	632.308	15.886	0.031	0.971	20000.0
274	3238.183	15.627	631.717	15.809	0.03	0.971	40000.0
275	3245.033	15.735	632.66	15.901	0.031	0.97	20000.0
276	3246.82	15.729	632.665	15.897	0.031	0.971	40000.0
277	3242.126	15.698	631.796	15.868	0.03	0.971	30000.0
278	3241.538	15.684	632.842	15.888	0.031	0.971	20000.0
279	3250.814	15.786	633.258	15.912	0.031	0.971	50000.0
280	3244.294	15.748	632.499	15.893	0.031	0.971	30000.0
281	3238.402	15.701	630.471	15.824	0.031	0.971	50000.0
282	3245.182	15.729	632.031	15.901	0.031	0.971	40000.0
283	3247.176	15.734	632.943	15.911	0.031	0.971	30000.0
284	3242.234	15.725	630.403	15.85	0.031	0.971	30000.0
285	3243.699	15.713	629.775	15.874	0.03	0.971	20000.0
286	3248.095	15.724	633.058	15.861	0.031	0.971	30000.0
287	3246.341	15.747	632.196	15.904	0.031	0.971	40000.0
288	3246.531	15.724	630.693	15.88	0.03	0.971	50000.0
289	3251.254	15.736	633.172	15.885	0.031	0.971	30000.0
290	3239.097	15.71	630.159	15.832	0.031	0.971	20000.0
291	3231.029	15.656	630.154	15.835	0.031	0.971	40000.0
292	3244.206	15.708	632.192	15.895	0.031	0.971	20000.0
293	3246.095	15.73	632.35	15.865	0.031	0.971	60000.0
294	3237.964	15.643	631.09	15.855	0.03	0.971	20000.0
295	3248.432	15.745	633.404	15.883	0.031	0.971	20000.0
296	3239.933	15.707	631.663	15.874	0.031	0.971	30000.0
297	3243.175	15.736	631.347	15.88	0.031	0.97	40000.0
298	3243.509	15.715	631.615	15.874	0.031	0.971	30000.0
299	3238.505	15.707	632.073	15.877	0.031	0.971	40000.0
300	3241.986	15.678	632.044	15.859	0.03	0.971	20000.0
301	3234.05	15.67	629.154	15.822	0.031	0.971	40000.0
302	3237.127	15.706	630.758	15.89	0.031	0.97	50000.0
303	3229.641	15.684	628.127	15.817	0.031	0.971	20000.0
304	3234.227	15.657	629.941	15.827	0.031	0.971	40000.0
305	3233.876	15.687	630.101	15.834	0.031	0.971	20000.0
306	3243.686	15.704	632.543	15.87	0.031	0.971	40000.0
307	3250.514	15.724	633.23	15.895	0.031	0.971	30000.0
308	3240.41	15.712	632.339	15.906	0.031	0.97	20000.0
309	3244.508	15.719	631.556	15.854	0.031	0.971	20000.0
310	3242.853	15.713	631.905	15.848	0.031	0.971	30000.0
311	3246.321	15.734	631.852	15.885	0.031	0.971	20000.0
312	3241.403	15.747	630.048	15.857	0.031	0.971	30000.0
313	3246.352	15.726	633.555	15.933	0.031	0.97	40000.0
314	3244.289	15.716	631.973	15.889	0.031	0.971	20000.0
315	3239.594	15.657	630.764	15.824	0.03	0.971	30000.0
316	3252.994	15.788	635.151	15.964	0.031	0.97	40000.0
317	3241.134	15.699	630.1	15.865	0.031	0.971	30000.0
318	3246.354	15.774	630.827	15.887	0.031	0.971	30000.0
319	3242.251	15.7	632.124	15.892	0.031	0.971	20000.0
320	3242.53	15.714	631.159	15.884	0.031	0.97	40000.0
321	3250.036	15.773	633.471	15.924	0.031	0.97	30000.0
322	3249.074	15.679	632.395	15.882	0.03	0.971	30000.0
323	3233.55	15.649	631.253	15.82	0.03	0.971	30000.0
324	3239.633	15.679	632.724	15.882	0.031	0.971	40000.0
325	3244.606	15.756	632.885	15.909	0.031	0.97	60000.0
326	3239.888	15.694	630.942	15.854	0.031	0.971	30000.0
327	3242.857	15.769	631.996	15.878	0.031	0.971	20000.0
328	3241.937	15.746	631.835	15.891	0.031	0.971	30000.0
329	3243.651	15.747	630.202	15.904	0.031	0.971	20000.0
330	3242.288	15.682	632.604	15.854	0.03	0.971	30000.0
331	3237.567	15.659	630.261	15.831	0.031	0.971	20000.0
332	3240.611	15.683	630.878	15.847	0.03	0.971	30000.0
333	3246.807	15.746	631.946	15.898	0.031	0.97	40000.0
334	3243.239	15.741	630.868	15.903	0.031	0.97	30000.0
335	3240.623	15.725	631.6	15.903	0.031	0.971	20000.0
336	3241.403	15.728	631.042	15.881	0.031	0.971	20000.0
337	3241.584	15.738	632.631	15.905	0.031	0.97	20000.0
338	3238.097	15.663	631.354	15.872	0.03	0.971	30000.0
339	3240.213	15.734	631.266	15.905	0.031	0.971	40000.0
340	3240.844	15.691	632.404	15.861	0.03	0.971	20000.0
341	3243.786	15.723	631.751	15.862	0.031	0.971	40000.0
342	3245.484	15.746	631.54	15.895	0.031	0.97	20000.0
343	3238.978	15.645	630.641	15.802	0.03	0.971	20000.0
344	3244.126	15.773	630.246	15.893	0.031	0.97	30000.0
345	3234.32	15.671	630.07	15.866	0.03	0.971	30000.0
346	3249.097	15.759	632.553	15.909	0.031	0.971	30000.0
347	3253.856	15.75	634.064	15.911	0.03	0.971	30000.0
348	3245.341	15.686	632.464	15.849	0.03	0.971	40000.0
349	3237.448	15.66	631.033	15.832	0.03	0.971	20000.0
350	3238.693	15.689	632.222	15.864	0.031	0.971	30000.0
351	3246.727	15.711	632.821	15.874	0.031	0.971	20000.0
352	3250.043	15.766	633.287	15.917	0.031	0.971	20000.0
353	3239.681	15.679	631.313	15.85	0.03	0.971	20000.0
354	3242.832	15.755	631.833	15.899	0.031	0.971	30000.0
355	3244.786	15.7	630.942	15.852	0.03	0.971	20000.0
356	3240.713	15.705	631.607	15.862	0.031	0.971	40000.0
357	3248.602	15.733	633.969	15.89	0.031	0.971	20000.0
358	3244.832	15.707	631.656	15.861	0.031	0.97	30000.0
359	3247.667	15.705	632.323	15.877	0.031	0.971	30000.0
360	3238.895	15.683	632.38	15.873	0.03	0.971	30000.0
361	3242.276	15.746	632.545	15.879	0.031	0.971	30000.0
362	3233.909	15.664	630.337	15.804	0.03	0.971	20000.0
363	3241.962	15.666	631.432	15.841	0.03	0.971	60000.0
364	3241.483	15.723	631.872	15.89	0.031	0.971	20000.0
365	3244.602	15.671	631.565	15.86	0.03	0.971	40000.0
366	3246.139	15.759	631.704	15.926	0.031	0.97	30000.0
367	3236.587	15.722	630.004	15.875	0.031	0.971	30000.0
368	3247.172	15.713	632.332	15.902	0.031	0.97	50000.0
369	3244.617	15.728	632.881	15.925	0.031	0.97	20000.0
370	3237.478	15.709	630.78	15.87	0.031	0.971	30000.0
371	3246.734	15.731	632.958	15.893	0.031	0.971	30000.0
372	3249.197	15.747	632.317	15.895	0.031	0.971	40000.0
373	3236.471	15.697	631.06	15.848	0.031	0.971	20000.0
374	3244.338	15.718	631.548	15.871	0.031	0.971	30000.0
375	3239.114	15.721	631.785	15.864	0.031	0.971	20000.0
376	3249.663	15.735	631.736	15.874	0.031	0.971	20000.0
377	3245.338	15.73	633.292	15.904	0.031	0.971	20000.0
378	3236.121	15.684	630.885	15.876	0.031	0.971	20000.0
379	3237.648	15.718	629.999	15.858	0.031	0.971	20000.0
380	3235.886	15.682	630.365	15.834	0.031	0.971	20000.0
381	3237.148	15.665	631.006	15.853	0.03	0.971	30000.0
382	3247.167	15.749	631.676	15.879	0.031	0.971	40000.0
383	3243.27	15.667	631.201	15.854	0.03	0.971	30000.0
384	3240.217	15.715	632.638	15.882	0.031	0.971	30000.0
385	3241.381	15.715	631.223	15.876	0.031	0.971	30000.0
386	3240.949	15.702	631.868	15.878	0.031	0.971	40000.0
387	3245.08	15.768	633.121	15.91	0.031	0.97	30000.0
388	3243.522	15.714	631.369	15.879	0.03	0.971	20000.0
389	3246.623	15.686	633.644	15.901	0.03	0.971	40000.0
390	3246.199	15.73	631.935	15.885	0.031	0.971	20000.0
391	3237.035	15.698	630.608	15.834	0.031	0.971	20000.0
392	3244.45	15.72	633.014	15.871	0.031	0.971	20000.0
393	3235.505	15.69	629.738	15.866	0.031	0.971	20000.0
394	3242.834	15.677	633.084	15.857	0.031	0.971	20000.0
395	3245.969	15.721	632.479	15.908	0.03	0.971	40000.0
396	3241.965	15.698	631.202	15.815	0.031	0.971	40000.0
397	3238.652	15.707	631.699	15.897	0.031	0.971	20000.0
398	3245.087	15.732	631.105	15.869	0.031	0.971	30000.0
399	3244.334	15.708	633.344	15.886	0.031	0.971	20000.0
400	3249.264	15.731	633.559	15.896	0.031	0.971	30000.0
401	3252.179	15.781	634.305	15.971	0.031	0.97	30000.0
402	3241.525	15.669	631.323	15.848	0.03	0.971	20000.0
403	3244.409	15.689	631.756	15.871	0.031	0.971	20000.0
404	3238.15	15.658	630.736	15.847	0.03	0.971	20000.0
405	3242.553	15.705	631.58	15.889	0.031	0.97	20000.0
406	3239.284	15.751	631.184	15.927	0.031	0.97	40000.0
407	3244.051	15.706	631.688	15.857	0.031	0.971	30000.0
408	3241.076	15.726	631.768	15.881	0.031	0.97	20000.0
409	3238.42	15.718	630.781	15.863	0.031	0.971	30000.0
410	3235.636	15.652	630.081	15.809	0.03	0.971	30000.0
411	3241.764	15.715	631.238	15.86	0.03	0.971	20000.0
412	3239.784	15.737	630.775	15.891	0.031	0.97	40000.0
413	3241.857	15.719	631.418	15.845	0.031	0.971	40000.0
414	3242.297	15.706	631.589	15.877	0.031	0.971	20000.0
415	3251.964	15.754	632.834	15.882	0.031	0.971	20000.0
416	3243.783	15.738	632.915	15.922	0.031	0.97	30000.0
417	3245.221	15.693	633.575	15.897	0.031	0.971	40000.0
418	3241.949	15.672	632.987	15.832	0.03	0.971	20000.0
419	3243.022	15.72	631.915	15.881	0.031	0.971	30000.0
420	3242.84	15.694	632.209	15.862	0.031	0.971	20000.0
421	3234.964	15.662	631.82	15.886	0.03	0.971	60000.0
422	3243.981	15.696	632.025	15.841	0.031	0.971	20000.0
423	3241.009	15.705	631.758	15.844	0.031	0.971	30000.0
424	3247.63	15.759	632.97	15.903	0.031	0.97	50000.0
425	3241.479	15.743	631.731	15.915	0.031	0.97	30000.0
426	3243.33	15.736	632.284	15.904	0.031	0.971	20000.0
427	3245.31	15.726	631.599	15.887	0.03	0.971	20000.0
428	3243.929	15.704	631.294	15.859	0.03	0.971	40000.0
429	3243.82	15.704	632.059	15.868	0.03	0.971	30000.0
430	3242.773	15.706	631.377	15.865	0.03	0.971	20000.0
431	3248.971	15.731	631.692	15.88	0.031	0.971	20000.0
432	3240.798	15.724	630.888	15.842	0.031	0.971	20000.0
433	3248.109	15.779	633.988	15.943	0.031	0.97	30000.0
434	3248.822	15.76	632.866	15.912	0.031	0.97	50000.0
435	3247.755	15.766	632.973	15.928	0.031	0.971	20000.0
436	3237.641	15.676	630.71	15.841	0.03	0.971	40000.0
437	3242.37	15.739	631.706	15.912	0.031	0.97	20000.0
438	3246.355	15.722	632.555	15.88	0.031	0.971	40000.0
439	3243.559	15.703	631.369	15.863	0.031	0.971	50000.0
440	3245.556	15.705	631.597	15.843	0.031	0.971	40000.0
441	3241.556	15.693	631.541	15.831	0.031	0.971	40000.0
442	3238.028	15.677	630.879	15.867	0.031	0.971	30000.0
443	3241.382	15.732	632.38	15.903	0.031	0.971	20000.0
444	3243.518	15.704	629.722	15.838	0.03	0.971	30000.0
445	3238.163	15.696	630.669	15.866	0.031	0.971	20000.0
446	3240.297	15.68	632.514	15.884	0.031	0.971	20000.0
447	3239.003	15.71	631.02	15.877	0.031	0.971	20000.0
448	3237.699	15.745	630.485	15.888	0.031	0.97	30000.0
449	3245.331	15.679	632.853	15.854	0.03	0.971	30000.0
450	3236.191	15.664	631.881	15.846	0.03	0.971	30000.0
451	3239.497	15.736	631.991	15.917	0.031	0.97	20000.0
452	3245.67	15.713	631.903	15.859	0.03	0.971	20000.0
453	3247.039	15.746	632.728	15.895	0.031	0.971	20000.0
454	3236.553	15.714	630.244	15.863	0.031	0.971	20000.0
455	3246.468	15.707	632.801	15.864	0.03	0.971	20000.0
456	3243.283	15.725	631.563	15.886	0.031	0.971	30000.0
457	3240.135	15.729	631.325	15.9	0.031	0.971	30000.0
458	3240.034	15.714	629.7	15.835	0.031	0.971	40000.0
459	3244.04	15.715	632.467	15.876	0.031	0.971	40000.0
460	3240.959	15.688	631.472	15.843	0.031	0.971	30000.0
461	3242.98	15.711	632.381	15.896	0.031	0.97	40000.0
462	3245.581	15.745	632.86	15.929	0.031	0.97	20000.0
463	3241.042	15.677	631.582	15.857	0.031	0.971	20000.0
464	3243.971	15.703	632.006	15.879	0.031	0.971	40000.0
465	3237.038	15.697	630.513	15.844	0.031	0.971	30000.0
466	3237.793	15.717	630.71	15.887	0.031	0.97	30000.0
467	3239.334	15.692	632.042	15.868	0.03	0.971	20000.0
468	3245.586	15.731	631.73	15.879	0.031	0.971	30000.0
469	3241.878	15.663	632.191	15.839	0.03	0.971	20000.0
470	3243.818	15.712	631.9	15.861	0.031	0.971	30000.0
471	3234.579	15.678	630.09	15.837	0.031	0.971	20000.0
472	3239.503	15.66	630.108	15.811	0.031	0.971	20000.0
473	3242.031	15.691	631.496	15.842	0.03	0.971	30000.0
474	3245.624	15.71	632.984	15.888	0.031	0.971	40000.0
475	3237.526	15.731	630.947	15.881	0.031	0.971	20000.0
476	3241.221	15.656	631.795	15.815	0.03	0.971	40000.0
477	3241.882	15.696	632.935	15.863	0.031	0.971	30000.0
478	3237.581	15.704	629.775	15.819	0.031	0.971	30000.0
479	3246.465	15.759	632.984	15.886	0.031	0.971	20000.0
480	3240.972	15.695	630.547	15.814	0.031	0.971	20000.0
481	3240.304	15.686	630.9	15.851	0.031	0.971	50000.0
482	3235.518	15.659	630.222	15.867	0.03	0.971	40000.0
483	3241.546	15.672	632.571	15.863	0.03	0.971	20000.0
484	3246.277	15.731	631.903	15.881	0.031	0.97	30000.0
485	3246.329	15.703	633.815	15.883	0.031	0.971	20000.0
486	3238.036	15.684	631.725	15.854	0.031	0.971	30000.0
487	3242.166	15.727	632.243	15.897	0.031	0.971	30000.0
488	3247.557	15.77	632.27	15.925	0.031	0.97	30000.0
489	3244.637	15.697	633.347	15.888	0.03	0.971	40000.0
490	3242.559	15.688	630.772	15.849	0.031	0.971	20000.0
491	3233.487	15.69	629.949	15.83	0.031	0.971	30000.0
492	3249.06	15.746	633.516	15.894	0.031	0.97	40000.0
493	3243.952	15.749	633.028	15.931	0.031	0.97	40000.0
494	3244.21	15.708	631.866	15.905	0.03	0.97	30000.0
495	3241.911	15.724	630.813	15.846	0.031	0.971	20000.0
496	3242.394	15.751	631.483	15.894	0.031	0.97	30000.0
497	3237.932	15.672	630.868	15.836	0.03	0.971	40000.0
498	3243.177	15.75	631.223	15.892	0.031	0.97	20000.0
499	3238.232	15.711	631.143	15.864	0.031	0.971	20000.0
500	3236.219	15.694	630.798	15.843	0.03	0.971	20000.0
