MutationType	SBS96A	SBS96B	SBS96C	SBS96D	SBS96E	SBS96F	SBS96G	SBS96H
A[C>A]A	3.51E-05	1.87E-04	3.35E-05	8.32E-05	1.54E-04	6.85E-05	2.29E-05	1.07E-04
A[C>A]C	4.72E-05	9.09E-05	2.04E-05	3.44E-05	1.79E-04	3.12E-05	8.67E-06	7.47E-05
A[C>A]G	5.13E-06	2.46E-05	1.42E-06	1.55E-05	8.12E-05	1.00E-05	0.00E+00	9.25E-06
A[C>A]T	4.07E-05	1.60E-04	3.53E-05	3.26E-05	5.21E-05	4.23E-05	1.06E-05	8.28E-05
A[C>G]A	1.48E-05	3.41E-05	4.88E-05	1.25E-05	1.86E-04	1.33E-05	8.50E-06	5.39E-05
A[C>G]C	7.29E-06	3.11E-05	3.55E-05	8.45E-06	1.02E-04	9.44E-06	4.49E-06	3.36E-05
A[C>G]G	4.30E-06	1.73E-05	5.99E-06	4.63E-06	6.08E-05	2.49E-06	1.36E-06	1.13E-05
A[C>G]T	6.82E-06	9.82E-05	9.26E-05	2.81E-05	1.39E-04	1.93E-05	1.16E-05	7.25E-05
A[C>T]A	8.07E-05	4.40E-04	1.09E-05	2.35E-04	8.52E-04	7.64E-05	4.76E-05	6.13E-05
A[C>T]C	4.34E-05	2.38E-04	1.76E-05	1.65E-04	5.02E-04	6.36E-05	2.64E-05	3.88E-05
A[C>T]G	3.42E-05	2.05E-04	2.23E-04	7.97E-04	6.41E-04	3.64E-04	2.44E-04	2.47E-04
A[C>T]T	7.16E-05	3.42E-04	1.68E-05	2.47E-04	8.05E-04	9.66E-05	3.39E-05	4.64E-05
A[T>A]A	3.28E-05	6.95E-05	5.07E-05	4.24E-05	8.60E-05	2.92E-05	1.36E-05	4.40E-05
A[T>A]C	2.62E-05	2.44E-05	2.03E-05	1.35E-05	8.08E-05	1.59E-05	6.65E-06	3.07E-05
A[T>A]G	2.41E-05	1.67E-05	1.25E-05	1.41E-05	1.30E-04	9.53E-06	5.02E-06	3.19E-05
A[T>A]T	7.41E-05	1.37E-04	3.54E-05	1.57E-04	1.46E-04	1.02E-04	3.11E-05	5.15E-05
A[T>C]A	4.05E-05	2.76E-04	5.89E-05	1.01E-04	7.24E-04	1.66E-05	2.31E-05	6.93E-05
A[T>C]C	7.68E-05	9.66E-05	1.24E-05	3.98E-05	1.08E-04	7.99E-06	1.43E-05	2.65E-05
A[T>C]G	5.13E-05	3.97E-04	1.44E-05	1.30E-04	6.54E-04	6.93E-06	3.23E-05	1.90E-05
A[T>C]T	7.19E-05	2.27E-04	1.79E-05	1.01E-04	5.33E-04	2.38E-05	1.54E-05	6.82E-05
A[T>G]A	1.55E-05	7.16E-05	8.07E-05	2.08E-05	6.08E-05	1.57E-05	6.98E-06	4.62E-05
A[T>G]C	7.12E-05	9.95E-06	3.08E-05	9.74E-06	1.54E-04	6.66E-06	9.45E-06	1.01E-05
A[T>G]G	4.47E-05	1.42E-05	2.55E-05	8.65E-06	3.01E-05	8.85E-06	3.58E-06	2.86E-05
A[T>G]T	4.38E-04	9.90E-05	1.05E-04	2.57E-05	1.81E-03	3.57E-05	4.20E-05	2.51E-05
C[C>A]A	2.59E-05	1.49E-04	2.77E-05	7.61E-05	7.05E-05	6.63E-05	2.48E-05	9.39E-05
C[C>A]C	2.00E-05	5.23E-05	2.16E-05	3.25E-05	6.15E-05	3.87E-05	1.41E-05	5.08E-05
C[C>A]G	2.49E-06	1.78E-05	3.96E-06	1.31E-05	5.50E-05	8.21E-06	3.92E-06	8.66E-06
C[C>A]T	2.88E-05	1.04E-04	4.59E-05	6.08E-05	6.96E-05	1.04E-04	5.66E-05	9.90E-05
C[C>G]A	1.72E-05	4.84E-05	3.55E-05	5.35E-06	7.16E-05	9.60E-06	4.45E-07	3.42E-05
C[C>G]C	1.31E-05	1.71E-05	1.96E-05	7.86E-06	9.38E-05	7.66E-06	5.14E-06	3.27E-05
C[C>G]G	3.92E-06	8.15E-06	4.16E-06	6.49E-06	4.22E-05	3.10E-06	0.00E+00	8.22E-06
C[C>G]T	1.89E-05	8.11E-05	6.14E-05	7.20E-06	1.05E-04	1.39E-05	6.32E-11	5.04E-05
C[C>T]A	9.11E-05	2.71E-04	3.58E-05	2.60E-04	6.32E-04	1.35E-04	4.06E-05	7.16E-05
C[C>T]C	9.59E-05	2.81E-04	3.93E-05	2.95E-04	6.68E-04	1.45E-04	5.45E-05	5.72E-05
C[C>T]G	2.22E-05	1.32E-04	1.34E-04	4.90E-04	4.86E-04	2.29E-04	1.61E-04	1.66E-04
C[C>T]T	9.20E-05	2.85E-04	2.65E-05	2.55E-04	7.13E-04	1.31E-04	3.79E-05	5.81E-05
C[T>A]A	2.73E-05	8.56E-05	2.51E-05	1.42E-06	1.79E-05	1.85E-05	3.03E-06	3.89E-05
C[T>A]C	2.39E-05	9.53E-05	3.98E-05	2.04E-05	1.83E-04	3.08E-05	5.96E-06	4.01E-05
C[T>A]G	4.85E-05	6.88E-05	1.35E-05	2.29E-06	6.53E-05	2.04E-05	3.27E-06	3.87E-05
C[T>A]T	2.71E-04	1.92E-04	2.83E-04	5.77E-05	1.74E-04	4.33E-05	3.39E-05	9.13E-05
C[T>C]A	1.18E-04	6.82E-05	2.74E-05	2.07E-05	7.58E-05	2.48E-05	2.02E-05	3.85E-05
C[T>C]C	2.25E-04	7.86E-05	2.50E-04	3.37E-05	9.07E-04	2.67E-05	1.79E-05	3.18E-05
C[T>C]G	2.65E-04	3.19E-04	1.69E-04	4.79E-05	4.94E-04	1.51E-05	4.08E-05	1.54E-05
C[T>C]T	1.02E-03	3.70E-04	1.57E-03	1.73E-04	6.83E-04	8.38E-05	1.38E-04	5.63E-05
C[T>G]A	4.34E-05	5.55E-05	5.38E-05	1.08E-05	7.96E-05	1.83E-05	4.23E-06	2.42E-05
C[T>G]C	6.66E-05	4.49E-05	1.32E-04	1.31E-45	4.58E-04	1.93E-05	2.54E-05	1.81E-05
C[T>G]G	9.16E-05	5.30E-05	8.10E-05	3.42E-06	2.68E-04	2.65E-05	1.78E-05	2.97E-05
C[T>G]T	2.80E-03	2.75E-04	6.77E-04	2.52E-04	2.63E-03	2.05E-04	2.81E-05	6.71E-05
G[C>A]A	6.11E-05	6.97E-05	6.91E-05	2.72E-04	1.71E-04	2.68E-04	6.73E-05	1.55E-04
G[C>A]C	2.35E-05	5.48E-05	9.29E-06	4.42E-05	9.44E-05	3.55E-05	1.11E-05	5.16E-05
G[C>A]G	6.95E-06	2.85E-05	5.02E-06	2.89E-05	7.62E-05	2.14E-05	4.61E-06	9.96E-06
G[C>A]T	1.97E-05	9.65E-05	2.91E-05	1.29E-04	3.61E-05	1.09E-04	4.11E-05	9.47E-05
G[C>G]A	1.23E-05	1.43E-05	1.91E-05	6.87E-06	7.39E-05	7.16E-06	3.73E-06	2.48E-05
G[C>G]C	8.79E-06	3.33E-05	3.68E-05	7.01E-06	7.33E-05	1.18E-05	3.73E-06	3.18E-05
G[C>G]G	1.11E-06	1.86E-05	2.70E-06	7.51E-06	4.98E-05	1.79E-06	1.73E-06	4.34E-06
G[C>G]T	1.17E-05	4.31E-05	4.24E-05	1.07E-05	8.50E-05	1.32E-05	5.58E-06	3.83E-05
G[C>T]A	4.36E-05	1.88E-04	1.86E-05	5.81E-05	3.65E-04	2.80E-05	2.44E-05	3.68E-05
G[C>T]C	2.13E-05	1.68E-04	3.89E-05	2.79E-05	3.22E-04	3.53E-05	2.54E-05	4.38E-05
G[C>T]G	2.34E-05	2.09E-04	2.15E-04	8.74E-04	2.65E-04	3.77E-04	2.30E-04	2.00E-04
G[C>T]T	3.18E-05	1.78E-04	2.08E-05	5.93E-05	4.18E-04	2.90E-05	1.66E-05	3.36E-05
G[T>A]A	1.36E-05	3.46E-05	1.35E-05	1.45E-05	3.29E-05	1.17E-05	5.02E-06	2.55E-05
G[T>A]C	1.14E-05	1.65E-05	7.89E-06	9.45E-06	1.15E-05	1.14E-05	4.12E-06	1.83E-05
G[T>A]G	2.10E-05	1.76E-05	9.00E-06	9.16E-06	2.46E-05	9.25E-06	4.07E-06	2.03E-05
G[T>A]T	1.35E-05	3.80E-05	5.51E-05	2.49E-05	3.31E-05	1.82E-05	1.15E-05	3.80E-05
G[T>C]A	4.60E-05	9.70E-05	4.57E-05	2.83E-05	1.66E-04	3.65E-05	2.01E-05	2.83E-05
G[T>C]C	6.56E-05	5.09E-05	2.57E-05	1.60E-05	9.41E-05	1.79E-05	1.04E-05	1.87E-05
G[T>C]G	8.49E-05	2.06E-04	3.02E-05	5.46E-05	1.13E-04	9.64E-06	2.77E-05	1.83E-05
G[T>C]T	3.56E-05	1.30E-04	1.19E-04	2.04E-05	1.88E-04	1.26E-05	1.50E-05	2.95E-05
G[T>G]A	1.61E-05	8.98E-06	1.79E-05	5.19E-06	2.70E-05	5.20E-06	2.31E-06	1.54E-05
G[T>G]C	1.72E-05	8.14E-06	3.12E-05	1.70E-06	7.48E-05	5.93E-06	5.16E-06	9.38E-06
G[T>G]G	4.08E-05	1.39E-05	3.07E-05	9.96E-06	3.15E-05	9.58E-06	5.60E-06	2.35E-05
G[T>G]T	2.77E-04	7.73E-05	1.21E-04	5.67E-05	1.14E-03	3.90E-05	2.64E-05	2.40E-05
T[C>A]A	2.98E-05	2.30E-04	4.67E-05	1.71E-04	7.52E-05	1.44E-04	4.70E-05	1.09E-04
T[C>A]C	2.43E-05	1.64E-04	2.42E-05	8.19E-05	6.27E-05	6.68E-05	2.29E-05	7.42E-05
T[C>A]G	4.96E-06	9.33E-06	5.30E-06	3.04E-05	4.87E-05	2.55E-05	6.53E-06	1.52E-05
T[C>A]T	4.97E-05	2.88E-04	7.77E-05	3.05E-04	7.59E-05	2.62E-04	9.08E-05	2.12E-04
T[C>G]A	3.30E-42	3.44E-04	1.32E-04	6.46E-06	2.31E-06	3.51E-05	3.35E-06	1.95E-04
T[C>G]C	1.67E-05	1.33E-04	6.81E-05	5.88E-06	5.71E-05	1.84E-05	2.17E-06	4.89E-05
T[C>G]G	1.54E-06	5.62E-06	7.58E-06	1.85E-06	3.86E-05	1.06E-06	1.24E-06	1.20E-05
T[C>G]T	2.54E-06	5.80E-04	2.36E-04	3.51E-05	1.52E-05	6.76E-05	1.37E-05	2.30E-04
T[C>T]A	1.58E-04	8.92E-05	9.57E-06	3.20E-04	2.56E-04	2.33E-04	7.13E-05	8.25E-04
T[C>T]C	1.17E-04	1.82E-04	2.57E-05	2.42E-04	3.84E-04	1.42E-04	4.79E-05	2.61E-04
T[C>T]G	1.77E-05	8.12E-05	8.84E-05	2.46E-04	3.87E-04	1.28E-04	9.25E-05	1.46E-04
T[C>T]T	1.63E-04	1.46E-04	2.37E-05	2.93E-04	3.41E-04	1.99E-04	6.33E-05	5.36E-04
T[T>A]A	3.25E-05	2.49E-04	1.22E-04	1.71E-04	5.29E-05	1.03E-04	4.36E-05	6.28E-05
T[T>A]C	4.55E-05	6.20E-05	1.84E-05	1.59E-05	5.83E-05	2.03E-05	4.44E-06	3.05E-05
T[T>A]G	2.34E-05	3.49E-05	1.98E-05	1.03E-05	2.16E-05	1.19E-05	3.87E-06	2.38E-05
T[T>A]T	9.22E-05	1.90E-04	5.08E-05	1.91E-04	2.85E-04	1.20E-04	4.66E-05	7.71E-05
T[T>C]A	1.93E-05	5.49E-05	1.03E-04	6.54E-05	2.71E-04	4.86E-05	2.40E-05	8.77E-05
T[T>C]C	1.94E-04	2.96E-05	5.57E-05	5.02E-05	3.12E-04	5.31E-05	1.74E-05	3.18E-05
T[T>C]G	1.06E-04	1.45E-04	1.30E-05	4.30E-05	7.45E-05	1.15E-05	2.27E-05	1.74E-05
T[T>C]T	1.38E-04	1.43E-04	1.05E-04	6.04E-05	1.80E-04	4.16E-05	2.19E-05	3.68E-05
T[T>G]A	1.02E-05	1.37E-04	1.39E-04	2.58E-05	5.09E-05	2.44E-05	6.96E-06	5.95E-05
T[T>G]C	1.13E-04	2.03E-05	6.91E-05	9.53E-06	2.50E-04	1.02E-05	1.30E-05	2.12E-05
T[T>G]G	7.42E-05	4.31E-05	5.94E-05	3.12E-05	9.05E-05	3.18E-05	6.57E-06	3.46E-05
T[T>G]T	1.08E-03	3.44E-04	2.93E-04	1.71E-04	3.92E-03	1.60E-04	8.65E-05	6.82E-05
