MutationType	SBS96A	SBS96B	SBS96C	SBS96D	SBS96E	SBS96F	SBS96G	SBS96H
A[C>A]A	0.002932749533094466	0.017608658645302058	0.0016144080969970674	0.01247983879223466	0.00530777949601179	0.051725667543709275	0.0010645943677288577	0.008294705288019032
A[C>A]C	0.00203296105703339	0.017747940631583334	0.00034973495703064693	0.005848133267834782	0.004937200209935885	0.02239099607244134	0.0010502106299391017	0.005095923902466893
A[C>A]G	0.000297984550059482	0.003268676440464333	1.8997571812981376e-05	0.0009561544638127088	0.002225508348676945	0.0022376044567208736	0.0	0.0006044951387739275
A[C>A]T	0.0023785109776072203	0.01590894048847258	0.0008440286684838649	0.00302807596931234	0.0029083262469503097	0.026783590845763684	0.003653782710433006	0.006377371143084019
A[C>G]A	0.000544885094279613	0.01643598919175565	0.0015128110529331025	0.001922489967662841	0.004848800114804207	0.0033971212226897476	0.00161398105812259	0.004152328805299476
A[C>G]C	5.418412584243554e-05	0.009796456599608063	0.0014951551327685593	0.001251530279754661	0.0025711437010317393	0.002819957715924829	0.0005096007431857288	0.0019038301167602185
A[C>G]G	0.00011629357720930853	0.003746452273335308	0.0001594932338255477	0.00018579048666288146	0.0019517758873698768	0.0002114316373190377	1.988430199649376e-05	0.0007678174016473349
A[C>G]T	6.823454983532429e-06	0.020170271568000317	0.004575873757130466	0.0016371744131902233	0.0033318767980090344	0.0022303725276142357	0.0013608441167743876	0.004357904759934172
A[C>T]A	0.0016379364305700343	0.016206718787550926	0.00012943014440210089	0.025927521768957375	0.03192746943049133	0.0064898505648598075	0.04205574165284633	0.007236035417765379
A[C>T]C	0.0005674221161755432	0.008500388024142012	0.0005459339776069116	0.013677538262680172	0.017476308388169853	0.004132111950893886	0.011636167138814926	0.004682844121940434
A[C>T]G	0.0006166932789773771	0.013991198477800936	0.007740757925349742	0.16726170954108238	0.014024964270899548	0.01237183752959232	0.03022955003986135	0.003220805242317876
A[C>T]T	0.0017047040947072674	0.016627815670333803	0.0003241677129738325	0.016472586324438453	0.025459675190271844	0.006655893091345206	0.009555418578907847	0.006900056263431906
A[T>A]A	0.0015344859067699872	0.015012336978688836	0.0013027516360016615	0.006295667710714042	0.0037268983563408255	0.005653894980438053	0.003686371525749564	0.004571466295514256
A[T>A]C	0.0017290177313843743	0.009324330175295471	0.0011241971987765282	0.004780642269179225	0.00395510309562087	0.007683575483039022	0.005221459303051233	0.002380313438421581
A[T>A]G	0.0013462706921272911	0.011384880091995	0.0002396211466693785	0.003875914874020964	0.004972203958051978	0.004093033676967025	0.00015465752129531176	0.003477996439207345
A[T>A]T	0.008185365724377334	0.011925109606236219	0.003091350559843704	0.019174343632534147	0.005562878999626264	0.020742555355653166	0.02746064595878124	0.010544414361938835
A[T>C]A	0.002541038149734959	0.032818915393203495	0.003047554529970512	0.010109321102499963	0.024504838848486542	0.0034742321469821034	0.028542653311043976	0.0026524773445179965
A[T>C]C	0.0036139951534569265	0.012519182996824384	0.0012932249704608694	0.002642969350097701	0.01262619080208242	0.0021210411684587597	0.010580754797905684	0.0012810287541146258
A[T>C]G	0.0014941097579800648	0.018718069713562727	0.0007704304687795229	0.002624612284795148	0.02515183981601149	2.75240928781854e-05	0.034574865393340586	0.00010713392588211042
A[T>C]T	0.006677471516653896	0.031249293696135282	0.002413177290931344	0.007908923127688467	0.024543296481482686	0.003618262094212696	0.00792813606839627	0.002713488154548857
A[T>G]A	0.0007305046587091859	0.013928346417844295	0.004436536846449598	0.001059013881982537	0.0026336057463195177	0.0011089212254155427	0.00030522760435633243	0.0018844013338647344
A[T>G]C	0.002476652636862127	0.0037993593835271896	0.0038399673958774655	0.00027118907404611025	0.006450526132714004	0.00029144602582700585	0.0011537243206985294	0.0003485019075765294
A[T>G]G	0.0013864903541054479	0.00919964985270053	0.001398420153418556	0.00010825271780906736	0.005695256514009088	0.0013082500266609713	0.0008679450751515105	0.00109754210326726
A[T>G]T	0.04621738298609853	0.005584805102145765	0.044296587988734246	0.002132034189417027	0.04421116024442017	0.0025836682008812204	0.00103588833974068	0.0009611732907168046
C[C>A]A	0.0015712729210499675	0.010275201071053744	0.0015683379977126605	0.002570391744418549	0.0022415516642919444	0.04466424716264009	0.013910844614729285	0.008173778527416289
C[C>A]C	0.00110866280796472	0.008591519387438894	0.00041241325779947283	0.0026243561091832818	0.0021202557478963006	0.015996611397713422	0.02290858781337738	0.005547666510101408
C[C>A]G	5.262458051286533e-05	0.0013955703942338004	0.00023640125845486183	0.0023230290478095414	0.0016735139868178522	0.0039003679715096952	0.003661250009201467	0.000680237967724679
C[C>A]T	0.0008447512822505156	0.0018219784607181322	0.0010961511756152934	0.0007429003316322249	0.0013795023154234514	0.04064713764935732	0.06896786768734454	0.008812945049023255
C[C>G]A	0.00048555269261943646	0.010789892403408885	0.0009443909108085791	0.0003096135599189438	0.0024353802013210952	0.00245256943278946	1.734077764723676e-06	0.004455208387225866
C[C>G]C	0.0005163293315908959	0.009491110756993293	0.000382110824177077	0.0003926333169438294	0.002934229018173937	0.001791392050217837	0.0001894610136751568	0.001582733763862052
C[C>G]G	0.00012693181945011426	0.0026809830833226444	7.581934003925702e-05	0.0006328147152089514	0.0013353958252409939	0.00033309484663186594	0.0	0.0007734212331997697
C[C>G]T	0.00035916980458872296	0.01609607737697661	0.002043989191937726	0.00031599832471329136	0.0030065543131228365	0.0031421054932288827	6.32431493841068e-11	0.005840256139170379
C[C>T]A	0.0014877288807839519	0.011738984484691174	0.0011709609777242988	0.01966324706375599	0.023841702824924142	0.010906388662755489	0.003561969878617674	0.01816341085731983
C[C>T]C	0.0012907725678425667	0.007238169050777519	0.0009189380747424826	0.015674742754548786	0.02026966381844876	0.011402706176508218	0.008454795704223216	0.009985996051691473
C[C>T]G	0.0009641684871749021	0.008049768409636993	0.005238181675988017	0.11036917537450791	0.011716488729632097	0.008795019481136706	0.02621230512112379	0.002265909979586149
C[C>T]T	0.002082591504207812	0.01489958062954247	0.0005940955250786915	0.01925477871671319	0.023599335465347395	0.011534681706689299	0.0058322215257212515	0.014440909083932639
C[T>A]A	0.0018572792363120243	0.010522827208042144	0.000510094517573959	4.605314067298565e-06	0.001145316241090768	0.0052953886531759056	0.0009478263496421278	0.003596088022459298
C[T>A]C	0.012848542500287295	0.00923891150765121	0.006882983365096152	0.000426398793458338	0.005069972847646568	0.007057333415374159	0.003347620829939842	0.004653775298967958
C[T>A]G	0.005161929414141923	0.01128422594629228	0.0017312960841227322	1.0771355121800475e-05	0.004602724523749203	0.005640522608533502	0.0010105759439757093	0.004669938954990357
C[T>A]T	0.04678117620199919	0.016860003765672444	0.022718342019245028	0.0013718903752855892	0.0013663653076388333	0.010411693088710308	0.00129857642570596	0.00872845072252676
C[T>C]A	0.007142023060005158	0.01558461713977158	0.0035343313268385826	0.0015810966449789703	0.01448099254630506	0.002231118716066703	0.019027391005307436	0.0023437827325542455
C[T>C]C	0.04653127058595419	0.011083575603552163	0.01896679551899433	0.001243979062212134	0.029922669237479566	0.003095534123014659	0.010366778189316393	0.002869434926426038
C[T>C]G	0.027616015053354204	0.010099212589848321	0.009449086837744328	0.0008641868179362516	0.035860085770487785	0.0001513315576421465	0.03553690393269062	5.6008400644382114e-05
C[T>C]T	0.18669753006845713	0.012175537626294076	0.06565796853775532	0.004737246081885045	0.02088571131182272	0.005709931769778628	0.01960885825008154	0.0016701935218218264
C[T>G]A	0.0010566659725067885	0.007016517248935998	0.0035303230062127115	0.0005931351842300501	0.0033893415066413583	0.002257637928240001	0.0008692590300925076	0.001637268142774701
C[T>G]C	0.008647606709972024	0.003882579180877656	0.025444580648094416	1.3228257503226272e-45	0.012143418536521495	0.0013592494395561516	0.005495778357610106	0.0014207552031730302
C[T>G]G	0.004995934396516532	0.008829202447086572	0.010844702343456447	2.6400969699277457e-05	0.009750382654368877	0.003148040757048875	0.006431055060587824	0.0027647043373435734
C[T>G]T	0.2610654768645763	0.0036018814976540104	0.4163357531428337	0.006566707315329375	0.046775089616727356	0.004544862692778454	4.548389231789882e-05	0.0017300472170653843
G[C>A]A	0.0012222497580347683	0.0005478821293493606	0.0019985076708293344	0.009917393739814047	0.004158647114807575	0.08702223016321659	0.0015636538498358119	0.004301608087209052
G[C>A]C	0.0012974198895972222	0.007857975068502127	0.00025248571070830947	0.002192068693577312	0.0024103609119632387	0.02142816410213709	0.004389130698051304	0.0025084810997460863
G[C>A]G	0.00013992725516017007	0.0011906735568190925	0.00014120965199261205	0.002271657642442733	0.0019013225440310416	0.004259352673776448	0.00036154321748472286	0.0004015120179636304
G[C>A]T	0.0005940556840129894	0.00208482166956071	0.0017383926470647567	0.003496760982542085	0.0018747198889032006	0.0528412683904171	0.012704196114093066	0.00470628016354749
G[C>G]A	0.00034805788366449935	0.007522244549356401	0.00042017999859335814	0.0006407181139220483	0.0025738462701556273	0.001757213618606329	0.00028925068881653713	0.0014973359100986271
G[C>G]C	0.00011608662501122843	0.008716229368001222	0.0015898801174771507	0.00012307918489731863	0.0019179982292261563	0.0024076702238526194	0.0017677578541915864	0.0016326023012807154
G[C>G]G	9.315969971368345e-06	0.0016643613115884363	0.00011731221597801777	0.0002386661173387254	0.0012607413699616584	6.754507297024273e-05	0.0001215140123385936	0.00027752373407747655
G[C>G]T	0.00024107716953480118	0.010967606326565146	0.0016271813246421516	0.0005370441456070693	0.0024112476695991062	0.00217127259937115	0.0007967310701496899	0.002485897161765024
G[C>T]A	0.0006901481482729195	0.007278951473999769	0.0007883432054441073	0.017748342698439955	0.013886813985765911	0.00925963540468365	0.04291967923939228	0.008087169642560184
G[C>T]C	0.00015890675140264025	0.0035060558726320032	0.002360609911615029	0.018631330877542495	0.010031138420570641	0.006939392654807306	0.053677874647080896	0.005890430565457791
G[C>T]G	0.0003168074135640642	0.0037900554096732416	0.008794659395003691	0.130579157859087	0.0024232451184272334	0.017882234007585793	0.06631742279231548	0.004406330560757823
G[C>T]T	0.0009034959925338626	0.0090735072074458	0.002007885043742135	0.018321732267737388	0.013193631085625384	0.006923382743727416	0.03168857143819332	0.00655018855817616
G[T>A]A	0.0009235533484024928	0.0070008232397958635	0.00026816300506470725	0.0009132888833992183	0.0012822387632931216	0.0022676488787401468	0.000943410090636462	0.002362317738006823
G[T>A]C	0.003167083759792149	0.005165503200143575	0.0016497374488972127	0.0009910589585779234	0.002605073977028951	0.0033376394712831825	0.0030818176097236576	0.001835865852655843
G[T>A]G	0.0017929916803259402	0.006502495151013136	0.0003138371426855695	0.0012850301585858688	0.002682763988384977	0.002129169502528384	0.0011949067013338208	0.00179776486963965
G[T>A]T	0.01034272917546332	0.010090128790587186	0.003096305553452112	0.0016528960542054848	0.004067538369446993	0.004600800855550915	0.0025879545737989246	0.00290246148861479
G[T>C]A	0.0016255456048229577	0.011317227998748422	0.0021214618233498187	0.007959669432602822	0.010021411633118987	0.003624558977317065	0.03305735654383898	0.0020231617386452854
G[T>C]C	0.009313879831694067	0.00839801815431565	0.004639399270992726	0.004305314334575087	0.010729292707517744	0.0030553518449887634	0.013513400243595243	0.0015693815243430435
G[T>C]G	0.006497332193423063	0.007816981616662815	0.0023770279109012337	0.003977046338841319	0.01690606513246894	0.00015988630413367065	0.028989496674388646	0.0006423742295620906
G[T>C]T	0.017490377916023134	0.014625804255716503	0.005077464324233789	0.006541125695221126	0.012894996589515359	0.0038652756176888944	0.016515570497140288	0.0025509535812889227
G[T>G]A	0.00048131372129024897	0.005103724554181099	0.0008847100929124281	0.0001500951149891278	0.0023593920010607687	0.0006415081243612803	0.0002591209375386825	0.0005463513581181822
G[T>G]C	0.0024080276988679545	0.003230360763613135	0.006151264160871505	9.536625183286611e-06	0.004278154908213765	0.00019418927239952722	0.001106681267148815	0.00026507256081147
G[T>G]G	0.001650807342317421	0.00757287597283721	0.0027355862581171096	0.00038005608021119585	0.005177953994832933	0.0015228833487490193	0.0014586504637263715	0.001377902150969021
G[T>G]T	0.06135907771345228	0.004388844288419932	0.08588484697043895	0.0019601155342071066	0.02778759837988764	0.0024765100099612028	0.0073446381166577335	0.0006994181210636401
T[C>A]A	0.0007890611687568972	0.008863777649588882	0.0031779999105492605	0.007164140866778326	0.002225938861732876	0.07428372578322888	0.0015480304297816475	0.021229674987494944
T[C>A]C	0.0013908757108729332	0.009145744937472045	0.001159087992971763	0.005403053123038262	0.0017905701081507707	0.04334437324851751	0.0030870779214892535	0.010932217389345168
T[C>A]G	8.926983640327623e-05	0.0012043989542871714	0.00017856673340034478	0.0016843358762562274	0.0013009993149935214	0.008364625878632069	0.00018178286433343896	0.0012874622613890097
T[C>A]T	0.00123071559880665	0.006575567957545786	0.00647157772583887	0.012891993104014546	0.004141519363038242	0.1280497369170189	0.014092967929318547	0.019627549344673752
T[C>G]A	3.303538708870327e-42	0.016945453342050314	0.004463874303037301	5.8631251651540957e-05	2.3135607084014965e-06	0.0003127981851011965	3.181256353888337e-05	0.08590299235284328
T[C>G]C	0.00035524189422584	0.014302329802885651	0.0021566383280878653	0.0002538363466950004	0.0018277172503258336	0.0025673022472765296	2.5057883544955007e-05	0.02164530774578452
T[C>G]G	5.8584196348037174e-05	0.002505482456414029	0.000256086676967243	2.2123587795301796e-05	0.0009301637860106716	6.4758677226662225e-06	2.4610340460999836e-05	0.004541420457884669
T[C>G]T	2.6306877189034955e-06	0.03480503932386637	0.009424366759718396	0.0010648693032119364	8.375485919759984e-05	0.0035962302752304822	0.0007086246947947075	0.1088442262262106
T[C>T]A	0.003545084241879321	0.0007364940171689378	1.8179736119345743e-05	0.024628535717725754	0.024214970426912258	0.006135927909249822	0.0016335165652050507	0.20248763236403466
T[C>T]C	0.002017423390242226	0.007155962103744968	0.0016405815857579	0.0250900558270514	0.024413835811428725	0.009128732562065124	0.004809962993953377	0.06348314893245698
T[C>T]G	0.0005250454544594576	0.0060524665597477	0.004102307629305869	0.07057170864194631	0.00915064869967549	0.006193459095681563	0.010400413668270716	0.02217999292165041
T[C>T]T	0.0036921315147352284	0.005795433172606863	0.0005331910614165664	0.030796236600726844	0.027813943785615265	0.010137825193349272	0.001977329194641573	0.12884038560092448
T[T>A]A	0.003414885160047561	0.017270875180140137	0.007216509440913796	0.02623620668053627	0.0015200599694967542	0.02472585440427065	0.01399457512423396	0.012466509271413087
T[T>A]C	0.003560713764745742	0.009603313678875566	0.001356358591816388	0.001033340966969263	0.0036081668219994753	0.004713094758801163	0.0012409426936646924	0.003703139886725694
T[T>A]G	0.0014883568652439862	0.007834936422295869	0.0007467165424022824	0.0009518246597144753	0.0024555400796234606	0.0025126441977918147	0.0008984638365218415	0.002722742722602561
T[T>A]T	0.016163560036569834	0.019291593523696065	0.006046378531493247	0.012280590195208788	0.006381841569697977	0.011760314256884157	0.018489319119602443	0.008095694444607943
T[T>C]A	0.004769494900479913	0.02673612364381552	0.007182654215954244	0.0045378205783199515	0.0066220894122242845	0.004774621516000479	0.020989928539842367	0.0034444701861782593
T[T>C]C	0.008716405716259033	0.013265674594789743	0.005999933563638479	0.00794963989686221	0.0171185029707849	0.003910340080270544	0.022934144169092178	0.0028430967070162297
T[T>C]G	0.0055305107097374274	0.01081756286136806	0.002044139983598143	0.002502344044740312	0.015486804630607367	0.0003878815135715959	0.020388521682471038	0.0005027752198189974
T[T>C]T	0.022216121977195143	0.016836274158209562	0.006259962100652047	0.010009981952607631	0.021765157017856838	0.003236797011923045	0.03425620117038489	0.002942380580934696
T[T>G]A	0.00035135473038396117	0.017678691605105996	0.008305320081301033	0.000632790132017908	0.0016015985761408912	0.0018812035805312916	0.0004022645834453442	0.002793433375614642
T[T>G]C	0.00334465496885554	0.007367896761745214	0.007290955589152872	0.00021328898940698796	0.010006988825742155	0.00023343431782565707	0.0007119126358593349	0.0008233141211739792
T[T>G]G	0.002682256604079157	0.01117264587059617	0.004112095420248807	0.003101815247675404	0.006792455016635358	0.002683942189440131	0.005549973868764937	0.0020320504179398994
T[T>G]T	0.07885941920988261	0.013901387439151576	0.08596740072965622	0.01216612040065229	0.08695795955788344	0.005602073050766571	0.01302299563959241	0.0028330268513051537
