Samples	SBS96A	SBS96B	SBS96C	SBS96D
LP2000104-DNA_A01_vs_LP2000101-DNA_A01__pv	32200	3048	6720	2481
LP2000105-DNA_A01_vs_LP2000102-DNA_A01__pv	11360	318	7382	9452
LP2000106-DNA_A01_vs_LP2000102-DNA_A01__pv	6903	0	6511	6073
LP2000107-DNA_A01_vs_LP2000102-DNA_A01__pv	9783	218	4562	7604
LP2000108-DNA_A01_vs_LP2000103-DNA_A01__pv	599	1408	4215	1909
LP2000109-DNA_A01_vs_LP2000103-DNA_A01__pv	559	1218	3701	1721
LP2000110-DNA_A01_vs_LP2000101-DNA_A01__pv	25770	2113	1895	2693
LP2000111-DNA_A01_vs_LP2000102-DNA_A01__pv	1743	0	1491	1368
LP2000112-DNA_A01_vs_LP2000102-DNA_A01__pv	3586	0	2942	3046
LP2000113-DNA_A01_vs_LP2000103-DNA_A01__pv	584	1185	4036	1827
LP2000114-DNA_A01_vs_LP2000103-DNA_A01__pv	492	913	5181	1574
LP2000325-DNA_A01_vs_LP2000317-DNA_A01__pv	11879	4178	3967	5641
LP2000327-DNA_A01_vs_LP2000319-DNA_A01__pv	11671	1847	3088	1984
LP2000328-DNA_A01_vs_LP2000320-DNA_A01__pv	4063	4911	5164	2096
LP2000329-DNA_A01_vs_LP2000321-DNA_A01__pv	9073	4196	6141	4462
LP2000330-DNA_A01_vs_LP2000316-DNA_A01__pv	3991	2873	4571	4624
LP2000331-DNA_A01_vs_LP2000322-DNA_A01__pv	2554	3676	2602	3667
LP2000332-DNA_A01_vs_LP2000323-DNA_A01__pv	15751	4942	2836	7789
LP2000333-DNA_A01_vs_LP2000324-DNA_A01__pv	5411	1562	2547	3319
LP2000334-DNA_A01_vs_LP2000324-DNA_A01__pv	3757	1844	1337	3136
LP2000335-DNA_A01_vs_LP2000317-DNA_A01__pv	8045	2789	2401	3097
LP2000336-DNA_A01_vs_LP2000316-DNA_A01__pv	966	2142	964	1931
LP2000346-DNA_A01_vs_SM-4JPUU__pv	1803	2461	5734	8068
LP2000350-DNA_A01_vs_SM-4JPUU__pv	1329	3321	4373	5974
LP2000352-DNA_A01_vs_LP2000359-DNA_A01__pv	9715	3116	3320	3580
LP2000353-DNA_A01_vs_LP2000359-DNA_A01__pv	30264	3862	4603	3687
LP2000355-DNA_A01_vs_LP2000359-DNA_A01__pv	10199	3276	3796	3657
LP2000356-DNA_A01_vs_LP2000359-DNA_A01__pv	11389	3640	4303	3943
LP2000357-DNA_A01_vs_LP2000359-DNA_A01__pv	10231	3457	3412	3568
LP2000366-DNA_A01_vs_SM-4JPUU__pv	2422	2490	5318	7564
LP2000367-DNA_A01_vs_SM-4JPUU__pv	1790	2540	5690	7936
LP2000368-DNA_A01_vs_SM-4JPUU__pv	1781	2087	5160	7158
LP2000369-DNA_A01_vs_SM-4JPUU__pv	1532	1959	4792	6781
LP2000370-DNA_A01_vs_SM-4JPUU__pv	1881	2698	6035	8498
LP2000371-DNA_A01_vs_SM-4JPUU__pv	1382	3266	4397	5989
LP2000372-DNA_A01_vs_LP2000359-DNA_A01__pv	11122	3431	4943	4402
LP2000373-DNA_A01_vs_LP2000359-DNA_A01__pv	8042	3106	2248	2713
LP2101132-DNA_A01_vs_LP2101131-DNA_A01__pv	13747	3678	3728	7152
LP2101136-DNA_A01_vs_LP2101133-DNA_A01__pv	1467	5159	9841	5238
LP2101137-DNA_A01_vs_LP2101134-DNA_A01__pv	1166	1765	1128	1152
LP2101140-DNA_A01_vs_LP2101155-DNA_A01__pv	6270	4438	8456	18946
LP2101141-DNA_A01_vs_LP2101139-DNA_A01__pv	1358	3387	7241	1852
LP2101142-DNA_A01_vs_LP2101143-DNA_A01__pv	788	40149	0	6886
LP2101144-DNA_A01_vs_LP2101145-DNA_A01__pv	1051	3078	3483	2899
LP2101146-DNA_A01_vs_LP2101147-DNA_A01__pv	1537	4395	4501	6265
LP2101148-DNA_A01_vs_LP2101149-DNA_A01__pv	1229	3720	9512	2562
LP2101151-DNA_A01_vs_LP2101152-DNA_A01__pv	5125	2248	8525	7661
LP2101153-DNA_A01_vs_LP2101154-DNA_A01__pv	32329	11365	11282	5904
LP2101156-DNA_A01_vs_LP2101157-DNA_A01__pv	1607	68914	0	6170
LP2101158-DNA_A01_vs_LP2101159-DNA_A01__pv	15930	8601	3734	13276
LP2101160-DNA_A01_vs_LP2101161-DNA_A01__pv	4718	4588	5125	3329
LP2101162-DNA_B01_vs_LP2101163-DNA_B01__pv	515	430	612	987
LP2101164-DNA_A01_vs_LP2101165-DNA_A01__pv	579	2105	2821	5120
LP2101166-DNA_A01_vs_LP2101167-DNA_A01__pv	2407	2225	3344	6237
LP2101168-DNA_A01_vs_LP2101169-DNA_A01__pv	517	3490	4324	2243
LP2101170-DNA_A01_vs_LP2101511-DNA_A01__pv	727	1445	2591	1743
LP2101512-DNA_A01_vs_LP2101513-DNA_A01__pv	16059	3043	3766	4677
LP6005334-DNA_A02_vs_LP6005333-DNA_A02__pv	3825	3513	3097	6388
LP6005334-DNA_A03_vs_LP6005333-DNA_A03__pv	7574	4000	3782	7114
LP6005334-DNA_A04_vs_LP6005333-DNA_A04__pv	4513	2345	4854	3207
LP6005334-DNA_B01_vs_SM-4JPUU__pv	1159	2253	3336	5153
LP6005334-DNA_B02_vs_LP6005333-DNA_B02__pv	7129	4963	2630	9430
LP6005334-DNA_C01_vs_LP6005333-DNA_C01__pv	1384	2189	8907	3380
LP6005334-DNA_C02_vs_LP6005333-DNA_C02__pv	1030	1818	3632	2127
LP6005334-DNA_C03_vs_LP6005333-DNA_C03__pv	2499	6917	3408	4369
LP6005334-DNA_D01_vs_LP6005333-DNA_D01__pv	0	151	510	17
LP6005334-DNA_D02_vs_LP6005333-DNA_D02__pv	19124	0	7542	3162
LP6005334-DNA_D03_vs_LP6005333-DNA_D03__pv	293	0	5862	3927
LP6005334-DNA_E01_vs_LP6005333-DNA_E01__pv	2200	4723	5813	5835
LP6005334-DNA_E02_vs_LP6005333-DNA_E02__pv	2857	718	1254	804
LP6005334-DNA_E03_vs_LP6005333-DNA_E03__pv	3879	3508	10851	3372
LP6005334-DNA_F01_vs_LP6005333-DNA_F01__pv	4569	2643	5914	13350
LP6005334-DNA_F02_vs_LP6005333-DNA_F02__pv	22707	3887	5956	6553
LP6005334-DNA_F03_vs_LP6005333-DNA_F03__pv	564	818	686	827
LP6005334-DNA_G01_vs_LP6005333-DNA_G01__pv	7797	1997	15969	6966
LP6005334-DNA_G02_vs_LP6005333-DNA_G02__pv	16593	3576	6677	7631
LP6005334-DNA_G03_vs_LP6005333-DNA_G03__pv	4301	1705	3282	3367
LP6005334-DNA_H01_vs_LP6005333-DNA_H01__pv	10109	3938	9225	7065
LP6005334-DNA_H02_vs_LP6005333-DNA_H02__pv	33139	2940	6331	8221
LP6005334-DNA_H03_vs_LP6005333-DNA_H03__pv	31868	1952	3047	8165
LP6005335-DNA_A01_vs_LP6005333-DNA_A03__pv	9846	2528	2118	5647
LP6005409-DNA_A01_vs_LP6005408-DNA_A01__pv	127	1435	4335	1981
LP6005409-DNA_A02_vs_LP6005408-DNA_A02__pv	2041	1330	3801	3656
LP6005409-DNA_A03_vs_LP6005408-DNA_A03__pv	24701	16211	254	8976
LP6005409-DNA_A04_vs_LP6005408-DNA_A04__pv	9083	1571	5487	3290
LP6005409-DNA_B01_vs_LP6005408-DNA_B01__pv	55903	617	3673	10427
LP6005409-DNA_B02_vs_LP6005408-DNA_B02__pv	1760	4262	3232	6002
LP6005409-DNA_B04_vs_LP6005408-DNA_B04__pv	1032	1557	8514	295
LP6005409-DNA_C01_vs_LP6005408-DNA_C01__pv	1560	3176	2625	2266
LP6005409-DNA_C02_vs_LP6005408-DNA_C02__pv	1583	775	667	3002
LP6005409-DNA_C04_vs_LP6005408-DNA_C04__pv	940	2531	4982	2592
LP6005409-DNA_D01_vs_LP6005408-DNA_D01__pv	25061	4117	5956	5235
LP6005409-DNA_D02_vs_LP6005408-DNA_D02__pv	17515	6159	8867	6057
LP6005409-DNA_D03_vs_LP6005408-DNA_D03__pv	36625	2037	5135	4761
LP6005409-DNA_E01_vs_LP6005408-DNA_E01__pv	742	2817	3860	2962
LP6005409-DNA_E02_vs_LP6005408-DNA_E02__pv	2064	2613	2658	2923
LP6005409-DNA_E03_vs_LP6005408-DNA_E03__pv	17347	4601	6093	6037
LP6005409-DNA_F01_vs_LP6005408-DNA_F01__pv	15352	2961	819	5140
LP6005409-DNA_F02_vs_LP6005408-DNA_F02__pv	5052	1886	3609	5160
LP6005409-DNA_F03_vs_LP6005408-DNA_F03__pv	287	1781	2189	1641
LP6005409-DNA_G02_vs_LP6005408-DNA_G02__pv	12439	2377	3731	2235
LP6005409-DNA_G03_vs_LP6005408-DNA_G03__pv	18105	2465	2271	4424
LP6005409-DNA_H01_vs_LP6005408-DNA_H01__pv	294	6137	2130	3024
LP6005409-DNA_H02_vs_LP6005408-DNA_H02__pv	8867	2977	3001	5278
LP6005409-DNA_H03_vs_LP6005408-DNA_H03__pv	7266	1722	1842	1194
LP6005496-DNA_A01_vs_LP6005408-DNA_B03__pv	11966	23580	9328	986
LP6005496-DNA_B01_vs_LP6005408-DNA_C03__pv	8054	3156	5155	3608
LP6005500-DNA_A01_vs_LP6005499-DNA_A01__pv	2525	2842	5018	4016
LP6005500-DNA_A02_vs_LP6005499-DNA_A02__pv	8016	7567	5703	6043
LP6005500-DNA_A03_vs_LP6005499-DNA_A03__pv	5015	1941	5115	4059
LP6005500-DNA_B01_vs_LP6005499-DNA_B01__pv	6658	3235	4208	3295
LP6005500-DNA_B02_vs_LP6005499-DNA_B02__pv	15853	5767	7517	5962
LP6005500-DNA_B03_vs_LP6005499-DNA_B03__pv	9290	2994	5425	2488
LP6005500-DNA_C01_vs_LP6005499-DNA_C01__pv	3336	1243	2422	5215
LP6005500-DNA_C02_vs_LP6005499-DNA_C02__pv	3892	11161	3200	5967
LP6005500-DNA_C03_vs_LP6005499-DNA_C03__pv	13991	4523	3236	3652
LP6005500-DNA_D01_vs_LP6005499-DNA_D01__pv	5447	2689	3188	4161
LP6005500-DNA_D02_vs_LP6005499-DNA_D02__pv	10361	1912	1498	12731
LP6005500-DNA_D03_vs_LP6005499-DNA_D03__pv	7197	3705	3963	3503
LP6005500-DNA_E02_vs_LP6005499-DNA_E02__pv	31881	1652	3426	3614
LP6005500-DNA_E03_vs_LP6005499-DNA_E03__pv	66812	1826	7351	4904
LP6005500-DNA_F01_vs_LP6005499-DNA_F01__pv	8618	2081	6980	4177
LP6005500-DNA_F02_vs_LP6005499-DNA_F02__pv	4127	5123	15323	6348
LP6005500-DNA_F03_vs_LP6005499-DNA_F03__pv	3569	10529	3260	9945
LP6005500-DNA_G01_vs_LP6005499-DNA_G01__pv	39357	1990	1617	4126
LP6005500-DNA_G02_vs_LP6005499-DNA_G02__pv	0	2184	964	841
LP6005500-DNA_G03_vs_LP6005499-DNA_G03__pv	15439	4613	1662	3577
LP6005500-DNA_H01_vs_LP6005499-DNA_H01__pv	7180	4302	5356	4808
LP6005500-DNA_H02_vs_LP6005499-DNA_H02__pv	6031	3674	6308	2217
LP6005500-DNA_H03_vs_LP6005499-DNA_H03__pv	9563	4209	5401	3930
LP6005501-DNA_A01_vs_LP6005499-DNA_A01__pv	467	874	837	1541
LP6005501-DNA_B01_vs_LP6005499-DNA_B01__pv	6179	3328	4513	3312
LP6005501-DNA_C01_vs_LP6005499-DNA_C01__pv	3471	5106	2604	9136
LP6005501-DNA_D01_vs_LP6005499-DNA_D01__pv	3839	3971	4047	5766
LP6005501-DNA_E01_vs_LP6005499-DNA_E01__pv	1012	890	870	774
LP6005501-DNA_F01_vs_LP6005499-DNA_F01__pv	14609	2348	6388	3761
LP6005690-DNA_A02_vs_LP6005689-DNA_A02__pv	1041	2181	2420	7423
LP6005690-DNA_B01_vs_LP6005689-DNA_B01__pv	8397	1700	2641	4586
LP6005690-DNA_B03_vs_LP6005777-DNA_A01__pv	18498	4126	4059	3300
LP6005690-DNA_C02_vs_LP6005689-DNA_C02__pv	411	4576	3400	7441
LP6005690-DNA_C03_vs_LP6005689-DNA_C03__pv	17806	3138	4863	8413
LP6005690-DNA_D02_vs_LP6005689-DNA_D02__pv	25770	3799	6418	3557
LP6005690-DNA_D03_vs_LP6005689-DNA_D03__pv	21936	1545	4973	3243
LP6005690-DNA_E01_vs_LP6005689-DNA_E01__pv	14038	2028	5825	12217
LP6005690-DNA_E02_vs_LP6005689-DNA_E02__pv	2	27	12	3
LP6005690-DNA_E03_vs_LP6005689-DNA_E03__pv	2890	3207	2031	5486
LP6005690-DNA_F01_vs_LP6005689-DNA_F01__pv	15538	4055	4920	5372
LP6005690-DNA_F02_vs_LP6005689-DNA_F02__pv	29114	3628	5684	2370
LP6005690-DNA_F03_vs_LP6005689-DNA_F03__pv	3640	3400	4981	4918
LP6005690-DNA_G02_vs_LP6005689-DNA_G02__pv	13589	3048	3761	5780
LP6005690-DNA_H02_vs_LP6005689-DNA_H02__pv	44063	3266	2550	5159
LP6005691-DNA_A01_vs_LP6005689-DNA_C01__pv	2134	2642	709	5471
LP6005691-DNA_A02_vs_LP6005689-DNA_F03__pv	1124	1549	1242	1777
LP6005691-DNA_B01_vs_LP6005689-DNA_E01__pv	15355	2033	5294	12570
LP6005691-DNA_C01_vs_LP6005689-DNA_A02__pv	588	2075	1632	5935
LP6005691-DNA_D01_vs_LP6005689-DNA_B02__pv	61706	2419	2968	3018
LP6005691-DNA_E01_vs_LP6005689-DNA_D01__pv	2769	1870	1451	1054
LP6005691-DNA_F01_vs_LP6005689-DNA_F01__pv	15019	2297	1965	3570
LP6005691-DNA_G01_vs_LP6005689-DNA_G01__pv	1	153	53	66
LP6005691-DNA_H01_vs_LP6005689-DNA_H01__pv	3446	607	836	1486
LP6005935-DNA_A01_vs_LP6005979-DNA_A01__pv	22260	6875	6607	11193
LP6005935-DNA_A02_vs_LP6005934-DNA_A02__pv	18776	2502	4612	3047
LP6005935-DNA_A03_vs_LP6005934-DNA_A03__pv	379	4089	1549	5130
LP6005935-DNA_B01_vs_LP6005934-DNA_B01__pv	1978	2443	5151	3872
LP6005935-DNA_B02_vs_LP6005934-DNA_B02__pv	16435	2302	9005	5008
LP6005935-DNA_B03_vs_LP6005934-DNA_B03__pv	34761	0	6744	7572
LP6005935-DNA_B04_vs_LP6005934-DNA_B04__pv	1745	4970	2151	8569
LP6005935-DNA_C01_vs_LP6005934-DNA_C01__pv	16662	144573	21875	234
LP6005935-DNA_C02_vs_LP6005979-DNA_B01__pv	14754	5245	6532	6403
LP6005935-DNA_C03_vs_LP6005934-DNA_C03__pv	769	1701	1197	1940
LP6005935-DNA_C04_vs_LP6005934-DNA_C04__pv	32635	6248	9897	8148
LP6005935-DNA_D01_vs_LP6005934-DNA_D01__pv	20643	3453	3909	9627
LP6005935-DNA_D02_vs_LP6005934-DNA_D02__pv	15643	3082	5271	2855
LP6005935-DNA_D04_vs_LP6005934-DNA_C03__pv	2245	1212	1141	3320
LP6005935-DNA_E01_vs_LP6005934-DNA_E01__pv	28340	5863	3992	5573
LP6005935-DNA_E02_vs_LP6005934-DNA_E02__pv	9877	4021	4752	3732
LP6005935-DNA_E03_vs_LP6005934-DNA_E03__pv	6961	2910	5261	5102
LP6005935-DNA_E04_vs_LP6005934-DNA_E02__pv	4659	1659	802	2746
LP6005935-DNA_F01_vs_LP6005934-DNA_F01__pv	317	1539	5992	929
LP6005935-DNA_F02_vs_LP6005934-DNA_F02__pv	75690	12596	14902	0
LP6005935-DNA_F03_vs_LP6005934-DNA_F03__pv	688	53476	0	7423
LP6005935-DNA_F04_vs_LP6007426-DNA_A01__pv	44491	0	15038	1547
LP6005935-DNA_G01_vs_LP6005934-DNA_G01__pv	19302	5880	4845	2645
LP6005935-DNA_G02_vs_LP6005979-DNA_C01__pv	1392	1728	4968	12893
LP6005935-DNA_G03_vs_LP6005934-DNA_G03__pv	1415	1285	3609	3823
LP6005935-DNA_H01_vs_LP6005934-DNA_H01__pv	12916	3476	6337	9524
LP6005935-DNA_H02_vs_LP6005934-DNA_H02__pv	6530	4451	7722	5817
LP6005935-DNA_H03_vs_LP6005934-DNA_H03__pv	1131	57144	3	7389
LP6007358-DNA_A01_vs_LP6007553-DNA_A01__pv	4341	1900	3353	6436
LP6007394-DNA_A01_vs_LP6007393-DNA_A01__pv	5926	3238	1699	2482
LP6007396-DNA_A01_vs_LP6007395-DNA_A01__pv	6683	4372	4734	4817
LP6007398-DNA_A01_vs_LP6007397-DNA_A01__pv	2949	3989	4674	3052
LP6007399-DNA_A01_vs_LP6007397-DNA_A01__pv	2966	3876	4436	3012
LP6007401-DNA_A01_vs_LP6007400-DNA_A01__pv	21695	4512	7886	5244
LP6007402-DNA_A01_vs_LP6007400-DNA_A01__pv	11620	1622	1463	2602
LP6007404-DNA_A01_vs_LP6007403-DNA_A01__pv	1508	3218	2167	5635
LP6007405-DNA_A01_vs_LP6007403-DNA_A01__pv	2630	849	497	1903
LP6007407-DNA_A01_vs_LP6007406-DNA_A01__pv	15281	5545	6659	6726
LP6007409-DNA_A01_vs_LP6007408-DNA_A01__pv	2166	5048	2352	4521
LP6007410-DNA_A01_vs_LP6007408-DNA_A01__pv	8653	3593	2067	5829
LP6007414-DNA_A02_vs_LP6007413-DNA_A02__pv	612	2715	2516	5155
LP6007416-DNA_A01_vs_LP6007415-DNA_A01__pv	2761	4374	5337	6258
LP6007418-DNA_A02_vs_LP6007417-DNA_A02__pv	9688	6014	7077	3127
LP6007420-DNA_A01_vs_LP6007419-DNA_A01__pv	30055	1761	12785	1617
LP6007422-DNA_A01_vs_LP6007421-DNA_A01__pv	2910	3625	2827	3915
LP6007424-DNA_A01_vs_LP6007423-DNA_A01__pv	8654	4433	8603	3854
LP6007425-DNA_A01_vs_LP6007423-DNA_A01__pv	8832	4324	8337	3849
LP6007427-DNA_A01_vs_LP6007426-DNA_A01__pv	56847	0	20315	1481
LP6007428-DNA_A01_vs_LP6007426-DNA_A01__pv	495	1267	958	635
LP6007430-DNA_A01_vs_LP6007429-DNA_A01__pv	5078	4671	2898	8635
LP6007432-DNA_A01_vs_LP6007431-DNA_A01__pv	36650	1376	6537	1561
LP6007434-DNA_A01_vs_LP6007433-DNA_A01__pv	11395	2900	4608	6176
LP6007436-DNA_A01_vs_LP6007435-DNA_A01__pv	23852	3802	5087	4574
LP6007438-DNA_A01_vs_LP6007437-DNA_A01__pv	540	2385	4854	1155
LP6007440-DNA_A01_vs_LP6007439-DNA_A01__pv	41901	5017	9001	7276
LP6007442-DNA_A01_vs_LP6007441-DNA_A01__pv	93145	0	8125	18957
LP6007504-DNA_A01_vs_LP6007566-DNA_A01__pv	4269	1394	2189	1867
LP6007506-DNA_A01_vs_LP6007505-DNA_A01__pv	3489	2864	4918	5058
LP6007508-DNA_A01_vs_LP6007507-DNA_A01__pv	2871	2749	4270	2327
LP6007512-DNA_A01_vs_LP6007511-DNA_A01__pv	10262	5940	4835	4734
LP6007514-DNA_A01_vs_LP6007513-DNA_A01__pv	1793	3450	2527	4685
LP6007516-DNA_A01_vs_LP6007515-DNA_A01__pv	2577	4140	6500	4326
LP6007518-DNA_A01_vs_LP6007517-DNA_A01__pv	25961	2805	9530	5192
LP6007520-DNA_A01_vs_LP6007519-DNA_A01__pv	1443	2524	2249	5231
LP6007521-DNA_A01_vs_LP6007519-DNA_A01__pv	330	1433	918	1890
LP6007523-DNA_A01_vs_LP6007522-DNA_A01__pv	1197	2746	2645	7663
LP6007529-DNA_A01_vs_LP6007528-DNA_A01__pv	10538	2131	6661	6587
LP6007531-DNA_A01_vs_LP6007530-DNA_A01__pv	21009	3792	6422	3638
LP6007533-DNA_A01_vs_LP6007532-DNA_A01__pv	1168	1954	3548	2986
LP6007535-DNA_A01_vs_LP6007534-DNA_A01__pv	1379	1551	3408	1734
LP6007536-DNA_A01_vs_LP6007534-DNA_A01__pv	843	837	6067	1145
LP6007538-DNA_A01_vs_LP6007537-DNA_A01__pv	15544	2658	4058	4853
LP6007540-DNA_A01_vs_LP6007539-DNA_A01__pv	7554	3145	1404	6442
LP6007542-DNA_A01_vs_LP6007541-DNA_A01__pv	7127	5172	11554	6886
LP6007544-DNA_A01_vs_LP6007569-DNA_A01__pv	4676	3130	3378	7928
LP6007546-DNA_A01_vs_LP6007568-DNA_A01__pv	2451	2597	3108	3512
LP6007548-DNA_A01_vs_LP6007547-DNA_A01__pv	1786	902	2166	1615
LP6007550-DNA_A01_vs_LP6007549-DNA_A01__pv	19360	1996	4599	5592
LP6007552-DNA_A01_vs_LP6007551-DNA_A01__pv	6931	1787	8068	3470
LP6007567-DNA_A01_vs_LP6007524-DNA_A01__pv	7018	3406	3211	4491
LP6007591_vs_LP6007590__pv	35402	5001	10351	7557
LP6007592_vs_LP6007590__pv	2696	3167	1590	3900
LP6007594_vs_LP6007593__pv	1172	6205	2334	7604
LP6007595_vs_LP6007593__pv	4598	2423	843	4454
LP6007597_vs_LP6007596__pv	19165	7249	5114	6409
LP6007598_vs_LP6007596__pv	5931	2125	1379	2852
LP6007600_vs_LP6007599__pv	204	2349	1570	1844
LP6007602_vs_LP6007601__pv	59414	0	3483	2066
LP6008017-DNA_A01_vs_LP6008018-DNA_B01__pv	32480	2541	1765	5359
LP6008017-DNA_A02_vs_LP6008018-DNA_B01__pv	50110	3073	1451	5484
LP6008017-DNA_A03_vs_LP6008018-DNA_C01__pv	36078	2695	2998	8509
LP6008017-DNA_A04_vs_LP6008018-DNA_A01__pv	9136	3575	12400	4631
LP6008017-DNA_B01_vs_LP6008018-DNA_B01__pv	43406	2343	1430	5312
LP6008017-DNA_B02_vs_LP6008018-DNA_B01__pv	31822	2067	1677	4914
LP6008017-DNA_B03_vs_LP6008018-DNA_C01__pv	36587	2995	3159	8841
LP6008017-DNA_B04_vs_LP6008018-DNA_A01__pv	4994	1723	2794	2716
LP6008017-DNA_C01_vs_LP6008018-DNA_B01__pv	57004	1657	1460	6160
LP6008017-DNA_C02_vs_LP6008018-DNA_C01__pv	35367	2405	2816	8393
LP6008017-DNA_C03_vs_LP6008018-DNA_C01__pv	36347	2689	2969	8472
LP6008017-DNA_C04_vs_LP6008018-DNA_C01__pv	7	63	51	14
LP6008017-DNA_D01_vs_LP6008018-DNA_B01__pv	45947	2118	1445	5790
LP6008017-DNA_D02_vs_LP6008018-DNA_C01__pv	36625	2862	3608	9029
LP6008017-DNA_D03_vs_LP6008018-DNA_A01__pv	9357	4115	7511	5281
LP6008017-DNA_E01_vs_LP6008018-DNA_B01__pv	54138	1979	1686	6056
LP6008017-DNA_E02_vs_LP6008018-DNA_C01__pv	36901	2677	4202	9655
LP6008017-DNA_E03_vs_LP6008018-DNA_A01__pv	9257	3550	5966	5165
LP6008017-DNA_F01_vs_LP6008018-DNA_B01__pv	35929	2142	1845	6254
LP6008017-DNA_F02_vs_LP6008018-DNA_C01__pv	38071	2799	3500	8987
LP6008017-DNA_F03_vs_LP6008018-DNA_A01__pv	6623	1816	5535	3007
LP6008017-DNA_G01_vs_LP6008018-DNA_B01__pv	36964	2603	1800	5505
LP6008017-DNA_G02_vs_LP6008018-DNA_C01__pv	40964	2875	4585	9759
LP6008017-DNA_G03_vs_LP6008018-DNA_A01__pv	9185	3378	8479	5619
LP6008017-DNA_H01_vs_LP6008018-DNA_B01__pv	47328	1861	1623	5979
LP6008017-DNA_H02_vs_LP6008018-DNA_C01__pv	36365	2480	3709	9351
LP6008017-DNA_H03_vs_LP6008018-DNA_A01__pv	10555	3776	12450	4558
LP6008031-DNA_A01_vs_LP6008032-DNA_A01__pv	5275	2713	13436	4300
LP6008031-DNA_A02_vs_LP6008032-DNA_C02__pv	5428	3670	10791	11537
LP6008031-DNA_A03_vs_LP6008032-DNA_E03__pv	1620	2268	2839	5242
LP6008031-DNA_A04_vs_LP6008032-DNA_D03__pv	20238	3169	4075	3813
LP6008031-DNA_B01_vs_LP6008032-DNA_B01__pv	5089	2483	2509	2448
LP6008031-DNA_B02_vs_LP6008032-DNA_D02__pv	1757	1741	2352	11447
LP6008031-DNA_B03_vs_LP6008032-DNA_F03__pv	433	3041	3056	4320
LP6008031-DNA_B04_vs_LP6008032-DNA_C02__pv	454	1203	1049	2202
LP6008031-DNA_C01_vs_LP6008032-DNA_C01__pv	12715	5581	5460	8774
LP6008031-DNA_C02_vs_LP6008032-DNA_E02__pv	7252	4562	2607	7803
LP6008031-DNA_C03_vs_LP6008032-DNA_G03__pv	0	105	0	76
LP6008031-DNA_D01_vs_LP6008032-DNA_D01__pv	5177	1798	4264	3997
LP6008031-DNA_D02_vs_LP6008032-DNA_F02__pv	10239	3682	2550	4707
LP6008031-DNA_D03_vs_LP6008032-DNA_H03__pv	1201	2159	6673	5774
LP6008031-DNA_E01_vs_LP6008032-DNA_E01__pv	8832	45152	4189	8067
LP6008031-DNA_E02_vs_LP6008032-DNA_G02__pv	13516	1890	4031	11847
LP6008031-DNA_E03_vs_LP6008032-DNA_A04__pv	14574	72721	3340	4330
LP6008031-DNA_F01_vs_LP6008032-DNA_F01__pv	6036	2666	2591	6136
LP6008031-DNA_F02_vs_LP6008032-DNA_H02__pv	4516	1951	1842	1119
LP6008031-DNA_F03_vs_LP6008032-DNA_H01__pv	20001	7134	6652	7112
LP6008031-DNA_G01_vs_LP6008032-DNA_G01__pv	9997	2699	3932	3693
LP6008031-DNA_G02_vs_LP6008032-DNA_A03__pv	2677	3315	5782	4685
LP6008031-DNA_G03_vs_LP6008032-DNA_A02__pv	10868	3798	14952	8822
LP6008031-DNA_H01_vs_LP6008032-DNA_B02__pv	8409	6036	3333	5216
LP6008031-DNA_H02_vs_LP6008032-DNA_B03__pv	2085	39454	2084	7210
LP6008031-DNA_H03_vs_LP6008032-DNA_C03__pv	34233	38255	0	5004
LP6008051-DNA_A01_vs_LP6008050-DNA_C02__pv	33	1374	4261	2881
LP6008051-DNA_A02_vs_LP6008050-DNA_E01__pv	4359	3127	2893	3441
LP6008051-DNA_A03_vs_LP6008050-DNA_G02__pv	40740	552	6668	5222
LP6008051-DNA_B01_vs_LP6008138-DNA_B03__pv	13284	3194	4393	2031
LP6008051-DNA_B02_vs_LP6008050-DNA_F01__pv	7065	4206	3846	8750
LP6008051-DNA_B03_vs_LP6008050-DNA_G02__pv	39022	466	6294	4716
LP6008051-DNA_C01_vs_LP6008050-DNA_E02__pv	9851	4576	4004	5300
LP6008051-DNA_C02_vs_LP6008050-DNA_G01__pv	8536	3201	5700	2799
LP6008051-DNA_C03_vs_LP6008050-DNA_G02__pv	40964	1369	7436	5335
LP6008051-DNA_D01_vs_LP6008050-DNA_F02__pv	8731	5248	3928	9954
LP6008051-DNA_D03_vs_LP6008050-DNA_G02__pv	38429	0	5679	5993
LP6008051-DNA_E01_vs_LP6008050-DNA_A01__pv	6256	5093	4750	4309
LP6008051-DNA_E02_vs_LP6008050-DNA_A02__pv	4702	2351	4176	12430
LP6008051-DNA_E03_vs_LP6008050-DNA_G02__pv	39159	427	5613	5069
LP6008051-DNA_F01_vs_LP6008050-DNA_B01__pv	7063	4662	3342	5707
LP6008051-DNA_F02_vs_LP6008050-DNA_B02__pv	3233	5223	12950	7149
LP6008051-DNA_F03_vs_LP6008050-DNA_G02__pv	38770	629	5475	4731
LP6008051-DNA_G01_vs_LP6008050-DNA_C01__pv	4422	1614	9456	1296
LP6008051-DNA_G02_vs_LP6008050-DNA_B02__pv	372	1503	887	2410
LP6008051-DNA_G03_vs_LP6008050-DNA_G02__pv	39850	944	6462	5226
LP6008051-DNA_H03_vs_LP6008050-DNA_G02__pv	38982	442	5816	4777
LP6008139-DNA_A01_vs_LP6008140-DNA_A01__pv	15965	2785	4236	5820
LP6008139-DNA_A02_vs_LP6008140-DNA_A01__pv	14420	2242	3739	5108
LP6008139-DNA_A03_vs_LP2000102-DNA_A01__pv	8524	0	9648	7940
LP6008139-DNA_B01_vs_LP6008140-DNA_A01__pv	16116	2727	4181	6270
LP6008139-DNA_B02_vs_LP6008140-DNA_A01__pv	11538	1936	2889	3356
LP6008139-DNA_B03_vs_LP6005408-DNA_H03__pv	18684	5021	4815	3197
LP6008139-DNA_C01_vs_LP6008140-DNA_A01__pv	13533	2726	3592	5011
LP6008139-DNA_C02_vs_LP6008140-DNA_A01__pv	19900	2479	3875	5027
LP6008139-DNA_C03_vs_LP6005408-DNA_H03__pv	18511	5094	4721	2857
LP6008139-DNA_D01_vs_LP6008140-DNA_A01__pv	12371	3154	3645	5101
LP6008139-DNA_D02_vs_LP6008140-DNA_A01__pv	15229	2798	3787	4947
LP6008139-DNA_D03_vs_LP6008140-DNA_A01__pv	12783	1999	1657	2817
LP6008139-DNA_E01_vs_LP6008140-DNA_A01__pv	19653	2779	4158	4997
LP6008139-DNA_E02_vs_LP6008140-DNA_A01__pv	15718	2911	4154	5811
LP6008139-DNA_F01_vs_LP6008140-DNA_A01__pv	16352	3227	4393	5432
LP6008139-DNA_F02_vs_LP6008140-DNA_A01__pv	12872	3021	3543	5592
LP6008139-DNA_G01_vs_LP6008140-DNA_A01__pv	15835	3140	4679	6214
LP6008139-DNA_G02_vs_LP6008140-DNA_A01__pv	7539	687	474	642
LP6008139-DNA_H01_vs_LP6008140-DNA_A01__pv	14565	2872	4103	5428
LP6008139-DNA_H02_vs_LP2000102-DNA_A01__pv	8503	0	9744	8272
LP6008141-DNA_A01_vs_LP6008138-DNA_A01__pv	9478	6921	3006	9320
LP6008141-DNA_A02_vs_LP6008138-DNA_A02__pv	67833	2625	3213	11463
LP6008141-DNA_A03_vs_LP6008138-DNA_F01__pv	8276	1471	1096	1323
LP6008141-DNA_B01_vs_LP6008138-DNA_B01__pv	9918	3364	5596	4075
LP6008141-DNA_B02_vs_LP6008138-DNA_B02__pv	4635	3275	3499	7185
LP6008141-DNA_B03_vs_LP6008138-DNA_H01__pv	6360	3137	655	4650
LP6008141-DNA_C01_vs_LP6008138-DNA_C01__pv	6264	2475	3273	6844
LP6008141-DNA_C02_vs_LP6008138-DNA_C02__pv	42932	4062	2760	8710
LP6008141-DNA_C03_vs_LP6008032-DNA_A03__pv	2579	3260	5573	4597
LP6008141-DNA_D01_vs_LP6008138-DNA_D01__pv	5055	710	23859	3933
LP6008141-DNA_D02_vs_LP6008138-DNA_D02__pv	50375	0	17306	1192
LP6008141-DNA_E01_vs_LP6008138-DNA_E01__pv	7999	4548	6416	5180
LP6008141-DNA_E02_vs_LP6008138-DNA_E02__pv	13426	3986	6535	3476
LP6008141-DNA_F01_vs_LP6008138-DNA_F01__pv	6396	2774	5353	2136
LP6008141-DNA_F02_vs_LP6008138-DNA_F02__pv	43548	1200	5331	5452
LP6008141-DNA_G01_vs_LP6008138-DNA_G01__pv	1230	3754	3797	3384
LP6008141-DNA_G02_vs_LP6008138-DNA_G02__pv	18235	2596	3870	5956
LP6008141-DNA_H01_vs_LP6008138-DNA_H01__pv	1838	3163	5583	3319
LP6008141-DNA_H02_vs_LP6008138-DNA_H02__pv	2732	274	3441	11100
LP6008143-DNA_A01_vs_LP6008144-DNA_A01__pv	12982	5911	2674	8653
LP6008143-DNA_A02_vs_LP6008144-DNA_A01__pv	7160	4814	1696	7813
LP6008143-DNA_B01_vs_LP6008144-DNA_A01__pv	12029	5520	2492	8426
LP6008143-DNA_B02_vs_LP6008144-DNA_A01__pv	4671	1442	726	2657
LP6008143-DNA_C01_vs_LP6008144-DNA_A01__pv	18701	7040	3436	8897
LP6008143-DNA_C02_vs_LP6008144-DNA_A01__pv	28981	8592	4076	8146
LP6008143-DNA_D01_vs_LP6008144-DNA_A01__pv	18308	6298	3072	8791
LP6008143-DNA_D02_vs_LP6008144-DNA_A01__pv	16520	6508	3171	8778
LP6008143-DNA_E01_vs_LP6008144-DNA_A01__pv	15802	6324	2994	8493
LP6008143-DNA_E02_vs_LP6008144-DNA_A01__pv	16003	6153	3075	8437
LP6008143-DNA_F01_vs_LP6008144-DNA_A01__pv	532	127	81	436
LP6008143-DNA_F02_vs_LP6008144-DNA_A01__pv	18568	6848	3564	8925
LP6008143-DNA_G01_vs_LP6008144-DNA_A01__pv	13019	5954	2675	8367
LP6008143-DNA_G02_vs_LP6008144-DNA_A01__pv	16335	6437	3040	8686
LP6008143-DNA_H01_vs_LP6008144-DNA_A01__pv	14115	5333	2835	7481
LP6008143-DNA_H02_vs_LP6008144-DNA_A01__pv	20315	6709	3336	8528
LP6008202-DNA_A01_vs_LP6008201-DNA_A01__pv	7940	114930	80277	0
LP6008202-DNA_A02_vs_LP6008201-DNA_A02__pv	36372	2893	6401	1179
LP6008202-DNA_A03_vs_LP6008201-DNA_A03__pv	235	19	4124	1362
LP6008202-DNA_B01_vs_LP6008201-DNA_B01__pv	22805	1879	8874	6503
LP6008202-DNA_B02_vs_LP6008201-DNA_B02__pv	6706	5441	3360	10162
LP6008202-DNA_B03_vs_LP6008201-DNA_B03__pv	4352	0	219	178
LP6008202-DNA_C01_vs_LP6008201-DNA_C01__pv	12754	21796	20035	6347
LP6008202-DNA_C02_vs_LP6008201-DNA_C02__pv	2170	2459	2726	3152
LP6008202-DNA_C03_vs_LP6008201-DNA_C03__pv	8004	3901	2812	5103
LP6008202-DNA_D01_vs_LP6008201-DNA_D01__pv	1474	48208	33448	0
LP6008202-DNA_D02_vs_LP6008201-DNA_D02__pv	2407	3753	4566	6441
LP6008202-DNA_D03_vs_LP6008201-DNA_D03__pv	8733	728	7855	2156
LP6008202-DNA_E01_vs_LP6008201-DNA_E01__pv	16769	4416	10785	14884
LP6008202-DNA_E02_vs_LP6008201-DNA_E02__pv	4094	4273	3083	3400
LP6008202-DNA_E03_vs_LP6008201-DNA_D01__pv	1487	37798	29394	997
LP6008202-DNA_F02_vs_LP6008201-DNA_F02__pv	3299	4156	3534	4269
LP6008202-DNA_G01_vs_LP6008201-DNA_G01__pv	1199	6474	4560	7893
LP6008202-DNA_G02_vs_LP6008201-DNA_G02__pv	16245	2980	6135	2872
LP6008202-DNA_H01_vs_LP6008201-DNA_H01__pv	15207	16280	12591	2843
LP6008202-DNA_H02_vs_LP6008201-DNA_H02__pv	7303	3385	6228	2701
LP6008208-DNA_A01_vs_LP6008203-DNA_A01__pv	0	2025	1658	2290
LP6008208-DNA_A02_vs_LP6005979-DNA_A01__pv	41894	4867	5847	5209
LP6008208-DNA_B01_vs_LP6008203-DNA_A01__pv	10	158	263	127
LP6008208-DNA_B02_vs_LP6005979-DNA_A01__pv	3	57	35	0
LP6008208-DNA_C01_vs_LP6008203-DNA_A01__pv	0	2087	1695	3367
LP6008208-DNA_C02_vs_LP6005979-DNA_A01__pv	11388	5345	5505	6849
LP6008208-DNA_D01_vs_LP6008203-DNA_A01__pv	1	2409	1551	2181
LP6008208-DNA_E01_vs_LP6008203-DNA_A01__pv	0	2401	1481	2162
LP6008208-DNA_F01_vs_LP6008203-DNA_A01__pv	1	2439	1681	2063
LP6008208-DNA_G01_vs_LP6008203-DNA_A01__pv	26	2144	1582	1695
LP6008208-DNA_H01_vs_LP6005979-DNA_A01__pv	11139	5262	5096	6766
LP6008221-DNA_A01_vs_LP6008220-DNA_A01__pv	27926	2609	2570	3424
LP6008221-DNA_A02_vs_LP6008220-DNA_A02__pv	1352	3035	3113	12715
LP6008221-DNA_A03_vs_LP6008220-DNA_A03__pv	1976	3853	2362	8234
LP6008221-DNA_A04_vs_LP6008050-DNA_H01__pv	8738	4679	7596	5220
LP6008221-DNA_B01_vs_LP6008220-DNA_B01__pv	140	550	832	739
LP6008221-DNA_B02_vs_LP6008220-DNA_B02__pv	5178	1731	5328	2297
LP6008221-DNA_B03_vs_LP6008220-DNA_B03__pv	9526	4059	3883	4629
LP6008221-DNA_C01_vs_LP6008220-DNA_C01__pv	21402	4728	8345	4295
LP6008221-DNA_C02_vs_LP6008220-DNA_C02__pv	318	2412	1443	2395
LP6008221-DNA_C03_vs_LP6008220-DNA_C03__pv	3249	2261	4324	4374
LP6008221-DNA_D01_vs_LP6008220-DNA_D01__pv	12867	6905	9562	7258
LP6008221-DNA_D02_vs_LP6008220-DNA_D02__pv	10204	1476	7401	3664
LP6008221-DNA_D03_vs_LP6008220-DNA_D03__pv	27151	4041	5976	2458
LP6008221-DNA_E01_vs_LP6008220-DNA_E01__pv	28291	5156	4145	2004
LP6008221-DNA_E02_vs_LP6008220-DNA_E02__pv	27820	3354	3572	3010
LP6008221-DNA_E03_vs_LP6008220-DNA_E03__pv	27266	5349	5631	5221
LP6008221-DNA_F01_vs_LP6008220-DNA_F01__pv	4424	3071	4720	3463
LP6008221-DNA_F02_vs_LP6008220-DNA_F02__pv	4206	40622	13975	0
LP6008221-DNA_F03_vs_LP6008220-DNA_F03__pv	19282	6732	5430	6937
LP6008221-DNA_G01_vs_LP6008220-DNA_G01__pv	202	2527	4372	1828
LP6008221-DNA_G02_vs_LP6008220-DNA_G02__pv	5959	1786	3175	9390
LP6008221-DNA_G03_vs_LP6008220-DNA_H02__pv	1244	1038	1091	1227
LP6008221-DNA_H01_vs_LP6008220-DNA_H01__pv	2812	3851	7930	2679
LP6008221-DNA_H02_vs_LP6008220-DNA_H02__pv	3714	3510	8379	6487
LP6008221-DNA_H03_vs_LP6008220-DNA_D03__pv	2514	834	620	1422
LP6008267-DNA_A01_vs_LP6008266-DNA_A01__pv	37332	5147	3471	6177
LP6008267-DNA_A02_vs_LP6008266-DNA_G01__pv	1929	2606	2026	5591
LP6008267-DNA_B01_vs_LP6008266-DNA_B01__pv	63559	3252	4777	4093
LP6008267-DNA_B02_vs_LP6008266-DNA_H01__pv	15304	5329	6335	6379
LP6008267-DNA_C01_vs_LP6008266-DNA_C01__pv	13784	5238	4969	6423
LP6008267-DNA_C02_vs_LP6008266-DNA_H01__pv	1495	3085	1308	3407
LP6008267-DNA_D01_vs_LP6008201-DNA_F01__pv	2845	2699	4602	2685
LP6008267-DNA_D02_vs_LP6008266-DNA_A02__pv	2424	6700	17166	5270
LP6008267-DNA_E01_vs_LP6008266-DNA_D01__pv	7695	3619	3537	6024
LP6008267-DNA_E02_vs_LP6008266-DNA_A02__pv	4157	3312	5367	6942
LP6008267-DNA_F01_vs_LP6008266-DNA_E01__pv	22387	3635	4818	4011
LP6008267-DNA_G01_vs_LP6008266-DNA_F01__pv	1519	604	14809	2807
LP6008267-DNA_H01_vs_LP6008266-DNA_G01__pv	1769	4854	4355	6028
LP6008269-DNA_A02_vs_LP6008268-DNA_C02__pv	318	1717	1089	1966
LP6008269-DNA_A03_vs_LP6008268-DNA_C03__pv	140275	0	884	1727
LP6008269-DNA_A04_vs_LP6008268-DNA_C04__pv	2286	1844	1072	2251
LP6008269-DNA_A05_vs_LP6008268-DNA_C05__pv	3706	3802	1874	7302
LP6008269-DNA_A06_vs_LP6008268-DNA_B06__pv	548	2853	2326	3063
LP6008269-DNA_A08_vs_LP6008268-DNA_A08__pv	10642	3221	3631	5981
LP6008269-DNA_A09_vs_LP6008268-DNA_A09__pv	3312	3064	2521	6236
LP6008269-DNA_A10_vs_LP6008268-DNA_A10__pv	2302	3729	3658	6823
LP6008269-DNA_B02_vs_LP6008268-DNA_D02__pv	2171	3299	1479	3746
LP6008269-DNA_B03_vs_LP6008268-DNA_D03__pv	1472	2015	1135	1613
LP6008269-DNA_B05_vs_LP6008268-DNA_D05__pv	13742	3291	4093	5655
LP6008269-DNA_B06_vs_LP6008268-DNA_C06__pv	27756	7223	5479	6623
LP6008269-DNA_B07_vs_LP6008268-DNA_B07__pv	181	2792	3134	2420
LP6008269-DNA_B08_vs_LP6008268-DNA_B08__pv	7167	1829	1821	2268
LP6008269-DNA_B09_vs_LP6008268-DNA_B09__pv	1390	4311	2446	6738
LP6008269-DNA_B10_vs_LP6008268-DNA_B10__pv	6485	4109	6317	10605
LP6008269-DNA_C04_vs_LP6008268-DNA_E04__pv	14018	678614	384562	0
LP6008269-DNA_C05_vs_LP6008268-DNA_E05__pv	19275	3408	2057	5808
LP6008269-DNA_C06_vs_LP6008268-DNA_D06__pv	2770	3870	6332	6329
LP6008269-DNA_C07_vs_LP6008268-DNA_C07__pv	3202	4872	5114	6253
LP6008269-DNA_C08_vs_LP6008268-DNA_C08__pv	18247	2901	4822	9491
LP6008269-DNA_C09_vs_LP6008268-DNA_C09__pv	20469	1282	3820	2071
LP6008269-DNA_C10_vs_LP6008268-DNA_C10__pv	4766	3824	839	3108
LP6008269-DNA_D02_vs_LP6008268-DNA_F02__pv	4489	4510	5368	4819
LP6008269-DNA_D03_vs_LP6008268-DNA_F03__pv	5464	6275	1431	6675
LP6008269-DNA_D04_vs_LP6008268-DNA_F04__pv	779	1717	621	2261
LP6008269-DNA_D05_vs_LP6008268-DNA_F05__pv	4003	51203	1339	5102
LP6008269-DNA_D06_vs_LP6008268-DNA_E06__pv	4020	2869	2301	4470
LP6008269-DNA_D07_vs_LP6008268-DNA_D07__pv	11889	3073	2669	7980
LP6008269-DNA_D08_vs_LP6008268-DNA_D08__pv	104276	0	1415	5644
LP6008269-DNA_D09_vs_LP6008268-DNA_D09__pv	13650	683121	387166	0
LP6008269-DNA_D10_vs_LP6008268-DNA_D10__pv	7741	4872	6279	7843
LP6008269-DNA_E01_vs_LP6008268-DNA_E01__pv	3207	3029	2521	6315
LP6008269-DNA_E02_vs_LP6008268-DNA_G02__pv	11663	2573	4714	3360
LP6008269-DNA_E03_vs_LP6008268-DNA_G03__pv	2180	3399	1909	4550
LP6008269-DNA_E04_vs_LP6008268-DNA_G04__pv	34300	2778	2833	7679
LP6008269-DNA_E06_vs_LP6008268-DNA_F06__pv	513	2550	2456	1844
LP6008269-DNA_E07_vs_LP6008268-DNA_E07__pv	9473	73649	4345	13718
LP6008269-DNA_E08_vs_LP6008268-DNA_E08__pv	6955	2735	4751	3392
LP6008269-DNA_E09_vs_LP6008268-DNA_E09__pv	514	2251	2028	1462
LP6008269-DNA_E10_vs_LP6008268-DNA_E10__pv	11052	3571	6061	6298
LP6008269-DNA_F01_vs_LP6008268-DNA_H01__pv	958	1423	743	1160
LP6008269-DNA_F02_vs_LP6008268-DNA_H02__pv	4827	2885	4609	4153
LP6008269-DNA_F03_vs_LP6008268-DNA_H03__pv	3562	3267	5792	6274
LP6008269-DNA_F04_vs_LP6008268-DNA_H04__pv	1571	2259	2196	4974
LP6008269-DNA_F06_vs_LP6008268-DNA_G06__pv	2424	3001	2561	3764
LP6008269-DNA_F07_vs_LP6008268-DNA_F07__pv	115	2717	699	957
LP6008269-DNA_F08_vs_LP6008268-DNA_F08__pv	13522	2940	5851	3615
LP6008269-DNA_F09_vs_LP6008268-DNA_F09__pv	2387	4377	3112	4150
LP6008269-DNA_G01_vs_LP6008268-DNA_A02__pv	11894	816	1034	1261
LP6008269-DNA_G02_vs_LP6008268-DNA_A03__pv	3120	3217	3651	3377
LP6008269-DNA_G03_vs_LP6008268-DNA_A04__pv	34971	2454	2800	5030
LP6008269-DNA_G04_vs_LP6008268-DNA_A05__pv	1491	3427	1157	2075
LP6008269-DNA_G06_vs_LP6008268-DNA_H06__pv	30153	3624	4107	5317
LP6008269-DNA_G07_vs_LP6008268-DNA_G07__pv	15920	1227	1081	1956
LP6008269-DNA_G08_vs_LP6008268-DNA_G08__pv	6449	3901	3475	3638
LP6008269-DNA_G09_vs_LP6008268-DNA_G09__pv	4	72	10	15
LP6008269-DNA_H01_vs_LP6008268-DNA_B02__pv	88	773	338	305
LP6008269-DNA_H02_vs_LP6008268-DNA_B03__pv	28565	5217	3546	3508
LP6008269-DNA_H03_vs_LP6008268-DNA_B04__pv	3387	3248	2982	2895
LP6008269-DNA_H05_vs_LP6008268-DNA_A06__pv	6206	5991	8204	7274
LP6008269-DNA_H06_vs_LP6008268-DNA_A07__pv	9586	4446	5304	5110
LP6008269-DNA_H07_vs_LP6008268-DNA_H07__pv	15522	1064	2202	3293
LP6008269-DNA_H08_vs_LP6008268-DNA_H08__pv	3875	3205	14356	5041
LP6008269-DNA_H09_vs_LP6008268-DNA_H09__pv	40182	5205	11223	0
LP6008280-DNA_A01_vs_LP6008264-DNA_A01__pv	5036	2713	3357	6002
LP6008280-DNA_A02_vs_LP6008264-DNA_A02__pv	6912	1852	2536	3125
LP6008280-DNA_A03_vs_LP6008264-DNA_A03__pv	1750	7120	2923	6478
LP6008280-DNA_A04_vs_LP6008264-DNA_H03__pv	8003	1752	5710	1501
LP6008280-DNA_A05_vs_LP6008264-DNA_H04__pv	2513	1358	851	1959
LP6008280-DNA_A07_vs_LP6008264-DNA_H06__pv	3768	1870	1142	1490
LP6008280-DNA_B01_vs_LP6008264-DNA_B01__pv	2607	37227	1440	8577
LP6008280-DNA_B02_vs_LP6008264-DNA_B02__pv	0	3641	1070	2935
LP6008280-DNA_B03_vs_LP6008264-DNA_B03__pv	497	1899	5980	3211
LP6008280-DNA_B04_vs_LP6008264-DNA_A04__pv	24	101	50	0
LP6008280-DNA_B05_vs_LP6008264-DNA_A05__pv	12971	2976	2853	11874
LP6008280-DNA_C01_vs_LP6008264-DNA_C01__pv	33574	5190	4404	5393
LP6008280-DNA_C02_vs_LP6008264-DNA_C02__pv	20269	3355	7970	2401
LP6008280-DNA_C03_vs_LP6008264-DNA_C03__pv	2615	0	23816	7829
LP6008280-DNA_C04_vs_LP6008264-DNA_B04__pv	11	155	63	0
LP6008280-DNA_C05_vs_LP6008264-DNA_B05__pv	2695	4015	1754	3138
LP6008280-DNA_C06_vs_LP6008264-DNA_B06__pv	9768	1666	962	1856
LP6008280-DNA_D02_vs_LP6008264-DNA_D02__pv	11051	3172	5464	2642
LP6008280-DNA_D03_vs_LP6008264-DNA_H01__pv	3	251	80	50
LP6008280-DNA_D05_vs_LP6008264-DNA_E04__pv	5392	2395	1623	1785
LP6008280-DNA_E01_vs_LP6008264-DNA_E01__pv	11055	4575	4426	6078
LP6008280-DNA_E02_vs_LP6008264-DNA_E02__pv	22043	4000	7251	4786
LP6008280-DNA_E03_vs_LP6008264-DNA_D03__pv	8720	1345	1698	2066
LP6008280-DNA_E04_vs_LP6008264-DNA_D04__pv	11698	5299	1019	10369
LP6008280-DNA_E05_vs_LP6008264-DNA_D05__pv	9595	906	738	1002
LP6008280-DNA_F01_vs_LP6008264-DNA_F01__pv	18010	6519	10119	7470
LP6008280-DNA_F02_vs_LP6008264-DNA_F02__pv	7915	7234	2661	6730
LP6008280-DNA_F03_vs_LP6008264-DNA_E03__pv	47026	2036	3576	3774
LP6008280-DNA_F05_vs_LP6008264-DNA_E05__pv	5032	2140	1827	3195
LP6008280-DNA_F06_vs_LP6008264-DNA_E06__pv	5987	4468	697	4404
LP6008280-DNA_G01_vs_LP6008264-DNA_G01__pv	1043	393	282	85
LP6008280-DNA_G02_vs_LP6008264-DNA_G02__pv	646	2480	2447	3457
LP6008280-DNA_G03_vs_LP6008264-DNA_F03__pv	1214	3331	1893	3524
LP6008280-DNA_G04_vs_LP6008264-DNA_F04__pv	2107	2474	3133	2239
LP6008280-DNA_G05_vs_LP6008264-DNA_F05__pv	5617	3986	1725	5395
LP6008280-DNA_G06_vs_LP6008264-DNA_F06__pv	83	1073	641	993
LP6008280-DNA_H01_vs_LP6008264-DNA_H01__pv	2789	4039	2386	5975
LP6008280-DNA_H02_vs_LP6008264-DNA_H02__pv	24640	3317	9697	4876
LP6008280-DNA_H04_vs_LP6008264-DNA_G04__pv	9114	5630	2156	5200
LP6008280-DNA_H05_vs_LP6008264-DNA_G05__pv	4485	2642	1485	2706
LP6008280-DNA_H06_vs_LP6008264-DNA_G06__pv	20209	1082	2584	7299
LP6008334-DNA_A01_vs_LP6008335-DNA_A01__pv	123540	10635	4662	0
LP6008334-DNA_A03_vs_LP6008335-DNA_E02__pv	8344	2126	14157	6225
LP6008334-DNA_A04_vs_LP6008335-DNA_E03__pv	3637	5569	3550	9315
LP6008334-DNA_B01_vs_LP6008335-DNA_B01__pv	7882	3787	3379	5294
LP6008334-DNA_B02_vs_LP6008335-DNA_F01__pv	6392	1401	3630	5565
LP6008334-DNA_B03_vs_LP6008335-DNA_F02__pv	68565	126023	1041	18770
LP6008334-DNA_C01_vs_LP6008335-DNA_C01__pv	5389	4084	3964	6542
LP6008334-DNA_C02_vs_LP6008335-DNA_G01__pv	6008	1289	10401	9679
LP6008334-DNA_C03_vs_LP6008335-DNA_G02__pv	7496	7024	6242	4783
LP6008334-DNA_D01_vs_LP6008335-DNA_D01__pv	5197	2692	3837	4148
LP6008334-DNA_D02_vs_LP6008335-DNA_H01__pv	15513	3734	8165	5682
LP6008334-DNA_D03_vs_LP6008335-DNA_H02__pv	20487	0	6996	22428
LP6008334-DNA_E01_vs_LP6008335-DNA_A01__pv	5266	752	2642	848
LP6008334-DNA_E02_vs_LP6008335-DNA_A02__pv	7050	2825	3862	5900
LP6008334-DNA_E03_vs_LP6008335-DNA_A03__pv	7053	6025	6944	8510
LP6008334-DNA_F01_vs_LP6008335-DNA_B01__pv	788	4406	478	10346
LP6008334-DNA_F02_vs_LP6008335-DNA_B02__pv	9209	2006	2032	4513
LP6008334-DNA_F03_vs_LP6008335-DNA_B03__pv	871	4143	1817	5719
LP6008334-DNA_G01_vs_LP6008335-DNA_C01__pv	2074	1322	846	2120
LP6008334-DNA_G02_vs_LP6008335-DNA_C02__pv	7029	2659	4531	4011
LP6008334-DNA_G03_vs_LP6008335-DNA_C03__pv	0	2813	3321	2565
LP6008334-DNA_H01_vs_LP6008335-DNA_D01__pv	3027	3133	2755	4437
LP6008334-DNA_H02_vs_LP6008335-DNA_D02__pv	3409	5185	5275	5968
LP6008334-DNA_H03_vs_LP6008335-DNA_D03__pv	14339	4001	8221	4660
LP6008336-DNA_A01_vs_LP6008333-DNA_A01__pv	337	3233	3406	5735
LP6008336-DNA_A02_vs_LP6008333-DNA_A02__pv	2	2649	1753	2052
LP6008336-DNA_A03_vs_LP6008333-DNA_A03__pv	107	986	1558	1966
LP6008336-DNA_B01_vs_LP6008333-DNA_B01__pv	800	2172	2765	2881
LP6008336-DNA_B02_vs_LP6008333-DNA_B02__pv	3828	3261	2327	1896
LP6008336-DNA_B03_vs_LP6008333-DNA_B03__pv	71	986	400	363
LP6008336-DNA_C01_vs_LP6008333-DNA_C01__pv	830	1330	5050	8990
LP6008336-DNA_C02_vs_LP6008333-DNA_C02__pv	3935	986	797	2313
LP6008336-DNA_C03_vs_LP6008333-DNA_C03__pv	1227	3010	4438	4105
LP6008336-DNA_D01_vs_LP6008333-DNA_D01__pv	3721	54997	6281	5322
LP6008336-DNA_D02_vs_LP6008333-DNA_D02__pv	4	119	48	0
LP6008336-DNA_D03_vs_LP6008333-DNA_D03__pv	20347	2621	6958	8130
LP6008336-DNA_E01_vs_LP6008333-DNA_E01__pv	12944	3129	5546	4559
LP6008336-DNA_E02_vs_LP6008333-DNA_E02__pv	38144	3027	2542	4676
LP6008336-DNA_E03_vs_LP6008333-DNA_E03__pv	785	1900	1476	1064
LP6008336-DNA_F02_vs_LP6008333-DNA_F02__pv	2074	1593	5486	3287
LP6008336-DNA_F03_vs_LP6008333-DNA_F03__pv	1678	4230	16562	5269
LP6008336-DNA_G01_vs_LP6008333-DNA_G01__pv	2556	3071	2469	3874
LP6008336-DNA_G02_vs_LP6008333-DNA_G02__pv	6734	2833	5303	1368
LP6008336-DNA_G03_vs_LP6008333-DNA_G03__pv	5320	2046	6296	9658
LP6008336-DNA_H01_vs_LP6008333-DNA_H01__pv	5450	3014	4957	10052
LP6008336-DNA_H02_vs_LP6008333-DNA_H02__pv	1	113	16	1
LP6008336-DNA_H03_vs_LP6008333-DNA_H03__pv	880	0	1393	12647
LP6008337-DNA_A01_vs_LP6008338-DNA_A01__pv	2287	1172	1312	1375
LP6008337-DNA_A02_vs_LP6008338-DNA_A02__pv	2423	1771	2306	2666
LP6008337-DNA_A03_vs_LP6008338-DNA_A03__pv	6957	2285	5225	3459
LP6008337-DNA_A04_vs_LP6008338-DNA_A04__pv	2456	1107	745	1531
LP6008337-DNA_A06_vs_LP6008338-DNA_G05__pv	7201	3232	4663	7077
LP6008337-DNA_A07_vs_LP6008338-DNA_E06__pv	0	0	12855	0
LP6008337-DNA_B02_vs_LP6008338-DNA_B02__pv	647	1642	1140	1383
LP6008337-DNA_B03_vs_LP6008338-DNA_B03__pv	2831	1823	1386	2362
LP6008337-DNA_B04_vs_LP6008338-DNA_B04__pv	15176	702645	394979	0
LP6008337-DNA_B05_vs_LP6008338-DNA_A05__pv	5298	1614	1302	2161
LP6008337-DNA_B07_vs_LP6008338-DNA_F06__pv	4020	3796	4322	9101
LP6008337-DNA_C01_vs_LP6008338-DNA_C01__pv	8566	4053	3434	4666
LP6008337-DNA_C02_vs_LP6008338-DNA_C02__pv	157	2250	1395	3792
LP6008337-DNA_C03_vs_LP6008338-DNA_C03__pv	7582	4020	1845	5799
LP6008337-DNA_C04_vs_LP6008338-DNA_C04__pv	9005	1208	1659	1840
LP6008337-DNA_C05_vs_LP6008338-DNA_B05__pv	5994	1498	1491	5258
LP6008337-DNA_D01_vs_LP6008338-DNA_D01__pv	709	2268	827	1975
LP6008337-DNA_D02_vs_LP6008338-DNA_D02__pv	730	991	559	780
LP6008337-DNA_D03_vs_LP6008338-DNA_D03__pv	2092	3695	1938	4283
LP6008337-DNA_D04_vs_LP6008338-DNA_D04__pv	1148	806	779	1317
LP6008337-DNA_D05_vs_LP6008338-DNA_C05__pv	218	1785	515	2441
LP6008337-DNA_D06_vs_LP6008338-DNA_A06__pv	46662	2972	6310	15884
LP6008337-DNA_E01_vs_LP6008338-DNA_E01__pv	9129	1878	895	3197
LP6008337-DNA_E03_vs_LP6008338-DNA_E03__pv	5437	2575	2272	2685
LP6008337-DNA_E04_vs_LP6008338-DNA_E04__pv	9640	1557	1412	7800
LP6008337-DNA_E05_vs_LP6008338-DNA_D05__pv	4988	2089	837	2062
LP6008337-DNA_F01_vs_LP6008338-DNA_F01__pv	382	730	624	840
LP6008337-DNA_F02_vs_LP6008338-DNA_F02__pv	5460	3473	3184	5020
LP6008337-DNA_F03_vs_LP6008338-DNA_F03__pv	5310	1564	1394	3890
LP6008337-DNA_F04_vs_LP6008338-DNA_F04__pv	14734	6111	1501	6820
LP6008337-DNA_F05_vs_LP6008338-DNA_E05__pv	8005	5147	4942	12263
LP6008337-DNA_F06_vs_LP6008338-DNA_C06__pv	25669	2386	2308	3638
LP6008337-DNA_G01_vs_LP6008338-DNA_G01__pv	4528	4086	2276	6507
LP6008337-DNA_G02_vs_LP6008338-DNA_G02__pv	7126	1925	1643	3255
LP6008337-DNA_G03_vs_LP6008338-DNA_G03__pv	11300	2600	2120	6583
LP6008337-DNA_G04_vs_LP6008338-DNA_G04__pv	4772	3594	865	2918
LP6008337-DNA_G05_vs_LP6008338-DNA_F05__pv	3897	1777	2142	2511
LP6008337-DNA_G06_vs_LP6008338-DNA_C06__pv	24248	4676	2075	5773
LP6008337-DNA_H01_vs_LP6008338-DNA_H01__pv	964	1867	450	1976
LP6008337-DNA_H02_vs_LP6008338-DNA_H02__pv	84142	2562	3666	7651
LP6008337-DNA_H03_vs_LP6008338-DNA_H03__pv	3041	2765	1504	2325
LP6008337-DNA_H04_vs_LP6008338-DNA_H04__pv	9207	1638	1602	2418
LP6008337-DNA_H06_vs_LP6008338-DNA_D06__pv	29832	2257	5610	6303
LP6008341-DNA_A01_vs_LP6008340-DNA_A01__pv	6945	3101	810	5583
LP6008341-DNA_A03_vs_LP6008340-DNA_F02__pv	23282	699589	395913	0
LP6008341-DNA_B01_vs_LP6008340-DNA_B01__pv	23107	1512	6363	3332
LP6008341-DNA_B03_vs_LP6008340-DNA_G02__pv	1484	2086	1014	1627
LP6008341-DNA_C01_vs_LP6008340-DNA_C01__pv	9836	2805	2999	3122
LP6008341-DNA_D01_vs_LP6008340-DNA_D01__pv	24069	5640	7259	7787
LP6008341-DNA_D02_vs_LP6008340-DNA_A02__pv	9	134	63	22
LP6008341-DNA_E01_vs_LP6008340-DNA_E01__pv	7697	772	2171	1989
LP6008341-DNA_E02_vs_LP6008340-DNA_B02__pv	15272	1623	2040	4584
LP6008341-DNA_F01_vs_LP6008340-DNA_F01__pv	5219	1694	1127	4047
LP6008341-DNA_F02_vs_LP6008340-DNA_C02__pv	4549	3209	4279	3681
LP6008341-DNA_G01_vs_LP6008340-DNA_G01__pv	6773	4551	2774	5170
LP6008341-DNA_G02_vs_LP6008340-DNA_D02__pv	1530	2058	1274	1915
LP6008341-DNA_H01_vs_LP6008340-DNA_H01__pv	21429	4901	8770	9262
LP6008341-DNA_H02_vs_LP6008340-DNA_E02__pv	7463	1529	1053	2488
LP6008460-DNA_A01_vs_LP6008340-DNA_A02__pv	5184	5386	3405	3106
LP6008460-DNA_A02_vs_LP6008340-DNA_C04__pv	11413	4119	3388	4715
LP6008460-DNA_A03_vs_LP6008340-DNA_G04__pv	6832	2087	6134	5345
LP6008460-DNA_A04_vs_LP6008340-DNA_D05__pv	3189	5872	3926	5552
LP6008460-DNA_B01_vs_LP6008340-DNA_A03__pv	1336	5638	2565	4430
LP6008460-DNA_B02_vs_LP6008340-DNA_D02__pv	8026	6671	7900	7316
LP6008460-DNA_B03_vs_LP6008340-DNA_H03__pv	1287	3013	3582	3855
LP6008460-DNA_B04_vs_LP6008340-DNA_F02__pv	21842	606870	356685	0
LP6008460-DNA_C01_vs_LP6008340-DNA_B03__pv	3401	2898	13664	6409
LP6008460-DNA_C02_vs_LP6008340-DNA_D03__pv	291	1748	2950	2492
LP6008460-DNA_C03_vs_LP6008340-DNA_H05__pv	5170	3230	2492	2269
LP6008460-DNA_C04_vs_LP6008340-DNA_F03__pv	4713	97927	5823	2601
LP6008460-DNA_D01_vs_LP6008340-DNA_E02__pv	21275	442	6262	3437
LP6008460-DNA_D02_vs_LP6008340-DNA_E03__pv	892	1339	4489	4203
LP6008460-DNA_D03_vs_LP6008340-DNA_A05__pv	3227	3587	3832	2618
LP6008460-DNA_E01_vs_LP6008340-DNA_F04__pv	2345	2185	2962	3727
LP6008460-DNA_E02_vs_LP6008340-DNA_E04__pv	682	2376	7121	8883
LP6008460-DNA_E03_vs_LP6008340-DNA_B06__pv	3350	4321	5826	13985
LP6008460-DNA_E04_vs_LP6008340-DNA_H02__pv	5353	3751	4686	6081
LP6008460-DNA_F01_vs_LP6008340-DNA_B02__pv	16455	3810	3414	5454
LP6008460-DNA_F02_vs_LP6008340-DNA_E05__pv	8174	3476	4247	19529
LP6008460-DNA_F03_vs_LP6008340-DNA_C03__pv	55516	3335	2856	3617
LP6008460-DNA_F04_vs_LP6008340-DNA_H04__pv	6155	5129	7169	8296
LP6008460-DNA_G01_vs_LP6008340-DNA_B04__pv	12118	83913	4845	0
LP6008460-DNA_G02_vs_LP6008340-DNA_G02__pv	5545	3604	4255	5941
LP6008460-DNA_G03_vs_LP6008340-DNA_C05__pv	18306	4029	5461	4793
LP6008460-DNA_H01_vs_LP6008340-DNA_C02__pv	5294	3218	4247	3674
LP6008460-DNA_H02_vs_LP6008340-DNA_G03__pv	7311	2211	1690	2183
LP6008460-DNA_H03_vs_LP6008340-DNA_D04__pv	15394	2843	3636	4722
PD44724a_vs_PD44724b__pv	14779	5172	6136	5980
PD44725a_vs_PD44725b__pv	5837	3823	2208	3594
PD44726a_vs_PD44726b__pv	2871	1337	1316	2783
PD44727a_vs_PD44727b__pv	14455	4988	5499	2995
PD44728a_vs_PD44728b__pv	2256	4088	6422	5088
PD44729a_vs_PD44729b__pv	571	4324	2409	5908
PD44730a_vs_PD44730b__pv	7781	3560	4227	4264
PD44731a_vs_PD44731b__pv	1179	4530	2144	3579
PD44732a_vs_PD44732b__pv	274	2708	2379	2582
PD44733a_vs_PD44733b__pv	1465	84162	4301	776
PD44734a_vs_PD44734b__pv	9776	4167	6323	5755
PD44735a_vs_PD44735b__pv	5675	5711	3383	7728
PD44736a_vs_PD44736b__pv	5488	4656	4367	6226
PD44737a_vs_PD44737b__pv	4977	4148	4287	7920
PD44738a_vs_PD44738b__pv	20294	5997	7490	7349
PD44739a_vs_PD44739b__pv	8300	3288	3157	5665
PD44740a_vs_PD44740b__pv	60517	6793	8685	4687
PD44741a_vs_PD44741b__pv	1415	3911	5121	2847
PD44742a_vs_PD44742b__pv	9127	3588	10883	4927
PD44743a_vs_PD44743b__pv	3020	3477	3252	5366
PD44744a_vs_PD44744b__pv	25298	3523	9838	3274
PD44745a_vs_PD44745b__pv	26518	6555	11327	7351
PD44746a_vs_PD44746b__pv	419	1906	1832	2738
PD44747a_vs_PD44747b__pv	7058	2358	2452	3830
PD44749a_vs_PD44749b__pv	5622	1310	3300	1235
PD44751a_vs_PD44751b__pv	1799	1143	305	1310
PD44752a_vs_PD44752b__pv	2753	1832	2134	9511
PD44753a_vs_PD44753b__pv	1222	3571	4174	2722
PD44758a_vs_PD44758b__pv	9800	2820	2346	2025
PD44759a_vs_PD44759b__pv	5043	2919	3311	5529
PD44760a_vs_PD44760b__pv	5289	3247	3359	3246
PD44761a_vs_PD44761b__pv	1285	5727	2911	5494
PD44762a_vs_PD44762b__pv	289	2701	2402	1662
PD44763a_vs_PD44763b__pv	5553	3769	3782	5490
PD44764a_vs_PD44764b__pv	1695	2653	6600	1996
PD44765a_vs_PD44765b__pv	44589	3127	6605	6031
PD44766a_vs_PD44766b__pv	2218	84433	0	5096
PD44767a_vs_PD44767b__pv	23704	3935	5590	3384
PD44769a_vs_PD44769b__pv	273	2716	2831	3363
PD44770a_vs_PD44770b__pv	6835	32626	0	3358
PD44772a_vs_PD44772b__pv	5062	3439	9704	7964
PD44773a_vs_PD44773b__pv	6693	9380	2072	5371
PD44774a_vs_PD44774b__pv	303	3683	2573	1539
PD44775a_vs_PD44775b__pv	0	92906	0	14044
PD44776a_vs_PD44776b__pv	28678	2416	7955	2715
PD44777a_vs_PD44777b__pv	1324	3887	2023	7066
PD44778a_vs_PD44778b__pv	8492	5285	5919	3037
PD44780a_vs_PD44780b__pv	94	1312	1097	3378
PD44781a_vs_PD44781b__pv	24792	6092	7686	3633
PD44782a_vs_PD44782b__pv	36077	2239	8423	4509
PD44783a_vs_PD44783b__pv	6340	3815	6558	4407
PD44784a_vs_PD44784b__pv	1357	4326	4040	10052
PD44785a_vs_PD44785b__pv	19640	4170	4994	2911
PD44786a_vs_PD44786b__pv	1340	2017	1661	1302
PD44787a_vs_PD44787b__pv	2132	2625	2454	8137
PD44788a_vs_PD44788b__pv	4783	2040	6417	9070
PD44789a_vs_PD44789b__pv	9114	4607	8375	5976
PD44790a_vs_PD44790b__pv	11957	1785	3594	4503
PD44791a_vs_PD44791b__pv	6266	1422	379	1739
PD44792a_vs_PD44792b__pv	24854	1278	5269	4291
PD44793a_vs_PD44793b__pv	706	3170	2037	3551
PD44794a_vs_PD44794b__pv	623	2206	6296	4465
PD44795a_vs_PD44795b__pv	28161	1384	2057	3586
PD44796a_vs_PD44796b__pv	5172	6516	7545	6183
PD44797a_vs_PD44797b__pv	7603	5499	6383	11499
PD44798a_vs_PD44798b__pv	2109	2572	1936	4104
PD44799a_vs_PD44799b__pv	2408	3856	2506	5134
PD44800a_vs_PD44800b__pv	5621	3362	4199	6589
PD44801a_vs_PD44801b__pv	7633	3624	1072	6557
PD44802a_vs_PD44802b__pv	400	1784	1198	1493
PD44803a_vs_PD44803b__pv	10658	5037	4497	12034
PD44804a_vs_PD44804b__pv	2127	1550	1132	1732
PD44805a_vs_PD44805b__pv	35411	2258	7303	3726
PD44807a_vs_PD44807b__pv	519	2165	3430	1339
PD44808a_vs_PD44808b__pv	1264	2835	7776	3060
PD44809a_vs_PD44809b__pv	3224	3786	4437	5001
PD44810a_vs_PD44810b__pv	11970	6544	9458	3259
PD44811a_vs_PD44811b__pv	5137	2592	3147	3562
PD44813a_vs_PD44813b__pv	6983	3653	3351	2768
PD44814a_vs_PD44814b__pv	1708	4321	4773	6021
PD44815a_vs_PD44815b__pv	4129	2196	5261	2410
PD44816a_vs_PD44816b__pv	2505	5151	2246	6053
PD44817a_vs_PD44817b__pv	69	1092	4628	6794
PD44818a_vs_PD44818b__pv	13643	2457	2930	3644
PD44819a_vs_PD44819b__pv	35268	4559	6205	7415
PD44820a_vs_PD44820b__pv	2907	3067	2406	4245
PD44821a_vs_PD44821b__pv	9321	3559	3875	5288
PD44823a_vs_PD44823b__pv	1548	2540	3041	2277
PD44824a_vs_PD44824b__pv	7233	4951	5321	6116
PD44825a_vs_PD44825b__pv	11589	90427	8696	10320
PD44826a_vs_PD44826b__pv	4279	4283	3890	6014
PD44827a_vs_PD44827b__pv	2653	2704	2852	3660
PD44828a_vs_PD44828b__pv	18293	4206	2451	6363
PD44829a_vs_PD44829b__pv	5824	7933	7148	15536
PD44830a_vs_PD44830b__pv	5710	2673	1929	11648
PD44831a_vs_PD44831b__pv	37687	7820	8425	586
PD44832a_vs_PD44832b__pv	4696	61516	879	10612
PD44833a_vs_PD44833b__pv	29282	3119	4188	4945
PD44834a_vs_PD44834b__pv	4198	3840	5496	2304
PD44835a_vs_PD44835b__pv	3620	688	4503	6986
PD44836a_vs_PD44836b__pv	5756	8953	6446	6961
PD44837a_vs_PD44837b__pv	1366	1090	998	1819
PD44838a_vs_PD44838b__pv	1301	5431	8360	8229
PD44839a_vs_PD44839b__pv	1923	3386	5731	2866
PD44840a_vs_PD44840b__pv	8093	3445	2843	3755
PD44841a_vs_PD44841b__pv	14883	71757	5139	4339
PD44842a_vs_PD44842b__pv	903	2417	2316	3201
PD44843a_vs_PD44843b__pv	16149	4872	6314	7499
PD44844a_vs_PD44844b__pv	462	2199	1942	4788
PD44845a_vs_PD44845b__pv	3982	3369	3812	6022
PD44846a_vs_PD44846b__pv	9421	3325	2452	4002
PD44847a_vs_PD44847b__pv	4885	4138	2170	3980
PD44848a_vs_PD44848b__pv	24714	6517	14155	5701
PD44849a_vs_PD44849b__pv	1004	4003	5573	8868
PD44850a_vs_PD44850b__pv	12357	5820	3765	4469
PD44851a_vs_PD44851b__pv	4206	3639	5112	3486
PD44852a_vs_PD44852b__pv	6712	5638	4754	5820
PD44853a_vs_PD44853b__pv	4185	2557	997	6741
PD44854a_vs_PD44854b__pv	4769	3645	4650	4621
PD44855a_vs_PD44855b__pv	6595	3035	3355	5649
PD44856a_vs_PD44856b__pv	21319	5196	3508	4494
PD44857a_vs_PD44857b__pv	28118	3126	2793	3498
PD44859a_vs_PD44859b__pv	14460	34712	5829	1634
PD44861a_vs_PD44861b__pv	6761	4178	5825	5862
PD44862a_vs_PD44862b__pv	2938	1943	12244	5
PD44863a_vs_PD44863b__pv	9404	1557	4290	6660
PD44864a_vs_PD44864b__pv	13784	2660	4784	3639
PD44904a_vs_PD44904b__pv	22451	8038	9247	6236
PD44905a_vs_PD44905b__pv	2244	4353	9007	2466
PD44906a_vs_PD44906b__pv	4681	2944	3912	2648
PD44908a_vs_PD44908b__pv	13773	3857	3451	3181
PD44909a_vs_PD44909b__pv	400	3107	439	4423
PD44910a_vs_PD44910b__pv	8027	4044	3357	7068
PD44912a_vs_PD44912b__pv	37672	3729	7517	7050
PD44913a_vs_PD44913b__pv	2690	3496	4198	3970
PD44914a_vs_PD44914b__pv	3950	4602	8582	3601
PD44915a_vs_PD44915b__pv	6290	1037	2492	5286
PD44916a_vs_PD44916b__pv	1462	2831	3768	2798
PD44917a_vs_PD44917b__pv	90	882	1654	884
PD44918a_vs_PD44918b__pv	6979	2411	3091	3833
PD44919a_vs_PD44919b__pv	7632	3848	2490	3302
PD44920a_vs_PD44920b__pv	14301	3196	3083	2502
PD44921a_vs_PD44921b__pv	2578	1488	1307	1004
PD44922a_vs_PD44922b__pv	50640	4918	13456	3886
PD44923a_vs_PD44923b__pv	4710	7872	12835	8696
PD44924a_vs_PD44924b__pv	1269	5106	2295	4735
PD44925a_vs_PD44925b__pv	6214	2232	6681	10184
PD44926a_vs_PD44926b__pv	1554	3984	1615	5152
PD44927a_vs_PD44927b__pv	12567	3787	2815	4124
PD44928a_vs_PD44928b__pv	5448	4530	1742	8184
PD44929a_vs_PD44929b__pv	10511	4651	3727	3546
PD44930a_vs_PD44930b__pv	15574	2408	12161	5133
PD44931a_vs_PD44931b__pv	24785	68857	156	4317
PD44932a_vs_PD44932b__pv	11635	3199	2283	4476
PD44933a_vs_PD44933b__pv	0	1363	7742	113
PD44934a_vs_PD44934b__pv	53130	6460	6231	4092
PD44935a_vs_PD44935b__pv	2811	2880	4388	6073
PD44936a_vs_PD44936b__pv	2038	2523	1505	1649
PD44937a_vs_PD44937b__pv	8464	4506	8839	5253
PD44938a_vs_PD44938b__pv	9407	4276	4276	4570
PD44939a_vs_PD44939b__pv	2475	4077	4099	5624
PD44941a_vs_PD44941b__pv	1886	3336	3756	5509
PD44942a_vs_PD44942b__pv	7344	3892	1825	4758
PD44943a_vs_PD44943b__pv	669	2483	1536	3684
PD44944a_vs_PD44944b__pv	6314	3957	2915	5346
PD44945a_vs_PD44945b__pv	32230	1384	5058	5725
PD44946a_vs_PD44946b__pv	5461	3306	2990	4601
PD44947a_vs_PD44947b__pv	830	833	1067	1414
PD44948a_vs_PD44948b__pv	14016	2063	9460	2527
PD44949a_vs_PD44949b__pv	4249	2804	5373	2709
PD44950a_vs_PD44950b__pv	1119	813	1034	2489
PD46225a_vs_PD46225b__pv	5266	2966	5023	8306
PD46226a_vs_PD46226b__pv	1955	6471	4947	6180
PD46227a_vs_PD46227b__pv	28801	4466	12967	3676
PD46228a_vs_PD46228b__pv	13228	1511	1163	7936
PD46229a_vs_PD46229b__pv	23054	3158	4849	6400
PD46230a_vs_PD46230b__pv	3619	1506	12255	4182
PD46231a_vs_PD46231b__pv	206	1287	2954	1848
PD46232a_vs_PD46232b__pv	4231	2485	3148	4242
PD46233a_vs_PD46233b__pv	10854	6170	10534	4132
PD46234a_vs_PD46234b__pv	244	2402	2883	2736
PD46235a_vs_PD46235b__pv	6267	5832	3153	6395
PD46236a_vs_PD46236b__pv	3173	4167	2113	8025
PD46237a_vs_PD46237b__pv	18411	7632	7370	6081
PD46238a_vs_PD46238b__pv	2958	2607	7255	3348
PD46239a_vs_PD46239b__pv	5005	3348	2322	3397
PD46240a_vs_PD46240b__pv	1402	3246	2257	2427
PD46241a_vs_PD46241b__pv	23828	7292	4962	9177
PD46242a_vs_PD46242b__pv	83432	0	8367	4886
PD46243a_vs_PD46243b__pv	1765	5197	6917	3927
PD46244a_vs_PD46244b__pv	78	3642	991	5055
PD46245a_vs_PD46245b__pv	356	1865	8125	6287
PD46246a_vs_PD46246b__pv	9164	7039	9756	5398
PD46247a_vs_PD46247b__pv	6065	7964	3950	5853
PD46248a_vs_PD46248b__pv	30256	5471	3748	3087
PD46249a_vs_PD46249b__pv	21128	5718	2454	8443
PD46250a_vs_PD46250b__pv	228	1412	8509	684
PD46251a_vs_PD46251b__pv	715	38788	0	3984
PD46252a_vs_PD46252b__pv	2546	0	0	31556
PD46253a_vs_PD46253b__pv	13391	5476	5788	5846
PD46254a_vs_PD46254b__pv	10369	3484	3236	4727
PD46255a_vs_PD46255b__pv	1372	4015	3016	4975
PD46256a_vs_PD46256b__pv	5344	4209	1569	3477
PD46257a_vs_PD46257b__pv	13	4143	916	4995
PD46258a_vs_PD46258b__pv	7546	2713	4905	4745
PD46259a_vs_PD46259b__pv	5085	2981	6603	3053
PD46260a_vs_PD46260b__pv	463	1504	6969	2256
PD46261a_vs_PD46261b__pv	857	2357	2000	2299
PD46262a_vs_PD46262b__pv	1355	1417	2245	1489
PD46263a_vs_PD46263b__pv	7660	974	1239	6003
PD46264a_vs_PD46264b__pv	6209	1534	4827	3846
PD46265a_vs_PD46265b__pv	12063	3870	3718	4865
PD46267a_vs_PD46267b__pv	37	205	269	91
PD46268a_vs_PD46268b__pv	1941	3178	3048	4096
SLX-16751	3334	1623	829	2025
SLX-16752	17805	1814	1500	2213
SLX-18929	308850	133938	169991	191001
SLX-18949	33405	4500	3145	5374
SLX-18950	805	1210	681	928
SM-4AX82_vs_SM-4AWN8__pv	4155	3406	2603	7936
SM-4AX83_vs_SM-4AWN9__pv	2149	1185	2424	1539
SM-4AX84_vs_SM-4AWNA__pv	16497	2696	2110	6747
SM-4AX85_vs_SM-4AWNB__pv	709	4856	4437	5378
SM-4AX86_vs_SM-4AWNC__pv	8901	2083	5239	3925
SM-4AX87_vs_SM-4AWND__pv	231	732	720	3287
SM-4B295_vs_SM-4AWNE__pv	14283	3908	6997	4772
SM-4B296_vs_SM-4AWNF__pv	16792	4615	22504	3617
SM-4JPP6_vs_SM-4JPUS__pv	3015	2368	5127	9884
SM-4JPP7_vs_SM-4JPUT__pv	2340	2865	3457	2230
SM-4JPP9_vs_SM-4JPUT__pv	2502	2733	3290	2114
SM-4JPPA_vs_LP6005333-DNA_B01__pv	4365	6841	6130	12386
SM-4JPPB_vs_LP6005333-DNA_B01__pv	3904	6676	6028	12264
SM-4JPPC_vs_LP6005333-DNA_B01__pv	4449	6884	6107	12352
SM-4JPUV_vs_SM-4JPUS__pv	376	1523	1406	1808
SM-4JPUW_vs_SM-4JPUS__pv	8	64	59	19
SM-4JPUX_vs_SM-4JPUT__pv	1236	2530	3064	1861
SM-4JPUY_vs_LP6005333-DNA_B01__pv	6598	7039	6329	12665
SM-4JPUZ_vs_LP6005333-DNA_B01__pv	6474	6488	6369	12177
SM-4JPV1_vs_SM-4JPUS__pv	2680	2141	4410	8361
SM-4JPV2_vs_SM-4JPUS__pv	3911	2230	4897	9938
SS6003109_vs_SS6003108__pv	9234	1736	9097	3347
SS6003111_vs_SS6003110__pv	6286	4850	5180	8052
SS6003113_vs_SS6003112__pv	11418	796	850	4401
SS6003115_vs_SS6003114__pv	19948	2673	3826	4818
SS6003117_vs_SS6003116__pv	0	650	8944	1242
SS6003119_vs_SS6003118__pv	461	2099	1926	2095
SS6003121_vs_SS6003120__pv	37628	1562	4899	4759
SS6003125_vs_SS6003124__pv	11074	1491	2270	4645
SS6003129_vs_SS6003128__pv	14304	5313	5667	7941
SS6003131_vs_SS6003130__pv	504	2138	1525	3321
SS6003133_vs_SS6003132__pv	212	0	5483	9500
SS6003135_vs_SS6003134__pv	26531	2617	3768	2848
SS6003137_vs_SS6003136__pv	3033	3000	1545	6827
SS6003149_vs_SS6003148__pv	48453	6593	13812	1921
SS6003302_vs_SS6003301__pv	6867	2723	3935	4975
SS6003303_vs_SS6003301__pv	4738	1619	2726	3699
SS6003305_vs_SS6003304__pv	547	2730	6754	3057
SS6003306_vs_SS6003304__pv	614	2289	3797	2027
SS6003308_vs_SS6003307__pv	1289	2190	2922	2367
SS6003309_vs_SS6003307__pv	1390	2569	4174	3178
SS6003311_vs_SS6003310__pv	0	0	0	21234
SS6003312_vs_SS6003310__pv	0	0	0	19333
SS6003314_vs_SS6003313__pv	11087	2252	4613	2297
SS6003315_vs_SS6003313__pv	11164	2277	4620	2259
SS6003317_vs_SS6003316__pv	26691	3379	3310	4575
SS6003318_vs_SS6003316__pv	26757	3481	3511	4635
SS6003320_vs_SS6003319__pv	12952	4685	3897	4737
SS6003321_vs_SS6003319__pv	12581	4311	3451	4592
SS6003323_vs_SS6003322__pv	6682	5015	3876	4030
SS6003324_vs_SS6003322__pv	4900	4217	3595	3531
