Samples	SBS96A	SBS96B	SBS96C	SBS96D	SBS96E	SBS96F	SBS96G
LP2000104-DNA_A01_vs_LP2000101-DNA_A01__pv	27209	2450	1874	8345	1923	308	2340
LP2000105-DNA_A01_vs_LP2000102-DNA_A01__pv	6103	4950	1415	5558	7348	29	3109
LP2000106-DNA_A01_vs_LP2000102-DNA_A01__pv	5258	1396	1325	2701	5059	0	3748
LP2000107-DNA_A01_vs_LP2000102-DNA_A01__pv	5889	3312	1172	4214	5738	0	1842
LP2000108-DNA_A01_vs_LP2000103-DNA_A01__pv	242	2439	1185	421	1542	362	1940
LP2000109-DNA_A01_vs_LP2000103-DNA_A01__pv	268	2084	1059	362	1384	310	1732
LP2000110-DNA_A01_vs_LP2000101-DNA_A01__pv	20830	521	1808	7387	1634	0	291
LP2000111-DNA_A01_vs_LP2000102-DNA_A01__pv	1192	540	206	735	1152	0	777
LP2000112-DNA_A01_vs_LP2000102-DNA_A01__pv	2341	1084	505	1593	2506	0	1545
LP2000113-DNA_A01_vs_LP2000103-DNA_A01__pv	297	2208	1066	366	1491	290	1914
LP2000114-DNA_A01_vs_LP2000103-DNA_A01__pv	355	1367	1299	332	1357	352	3098
LP2000325-DNA_A01_vs_LP2000317-DNA_A01__pv	6296	4208	3192	6018	3740	1061	1150
LP2000327-DNA_A01_vs_LP2000319-DNA_A01__pv	6941	2211	1125	5325	1371	580	1037
LP2000328-DNA_A01_vs_LP2000320-DNA_A01__pv	3217	3528	3502	1458	1127	1311	2091
LP2000329-DNA_A01_vs_LP2000321-DNA_A01__pv	7493	2029	4830	3312	2669	419	3120
LP2000330-DNA_A01_vs_LP2000316-DNA_A01__pv	3299	4716	1692	869	3490	677	1316
LP2000331-DNA_A01_vs_LP2000322-DNA_A01__pv	1447	2143	3909	1527	2058	346	1069
LP2000332-DNA_A01_vs_LP2000323-DNA_A01__pv	10577	2441	5299	6708	4748	664	881
LP2000333-DNA_A01_vs_LP2000324-DNA_A01__pv	2683	1641	1793	3090	2227	313	1092
LP2000334-DNA_A01_vs_LP2000324-DNA_A01__pv	4219	1369	1925	154	2046	0	361
LP2000335-DNA_A01_vs_LP2000317-DNA_A01__pv	4484	3112	2000	3794	1993	451	498
LP2000336-DNA_A01_vs_LP2000316-DNA_A01__pv	870	1230	2006	302	1082	249	264
LP2000346-DNA_A01_vs_SM-4JPUU__pv	1184	3921	3450	904	5742	264	2601
LP2000350-DNA_A01_vs_SM-4JPUU__pv	1043	2879	4141	653	3962	240	2079
LP2000352-DNA_A01_vs_LP2000359-DNA_A01__pv	8525	3854	1857	1832	2620	397	646
LP2000353-DNA_A01_vs_LP2000359-DNA_A01__pv	20971	4971	1133	10377	2928	1334	702
LP2000355-DNA_A01_vs_LP2000359-DNA_A01__pv	8634	4188	1826	2175	2733	544	828
LP2000356-DNA_A01_vs_LP2000359-DNA_A01__pv	10255	4931	1845	1816	3037	553	838
LP2000357-DNA_A01_vs_LP2000359-DNA_A01__pv	8786	3819	1976	2134	2601	644	708
LP2000366-DNA_A01_vs_SM-4JPUU__pv	1850	3468	3451	971	5347	261	2446
LP2000367-DNA_A01_vs_SM-4JPUU__pv	1033	3751	3544	1035	5631	328	2634
LP2000368-DNA_A01_vs_SM-4JPUU__pv	998	3472	3017	1019	5111	209	2360
LP2000369-DNA_A01_vs_SM-4JPUU__pv	950	3204	2965	827	4815	94	2209
LP2000370-DNA_A01_vs_SM-4JPUU__pv	1093	4080	3759	1076	6028	317	2759
LP2000371-DNA_A01_vs_SM-4JPUU__pv	979	2947	4147	754	3961	166	2080
LP2000372-DNA_A01_vs_LP2000359-DNA_A01__pv	10026	5396	1770	1735	3452	440	1079
LP2000373-DNA_A01_vs_LP2000359-DNA_A01__pv	6865	2591	1942	1826	1833	624	428
LP2101132-DNA_A01_vs_LP2101131-DNA_A01__pv	13369	3715	3299	1834	4997	188	903
LP2101136-DNA_A01_vs_LP2101133-DNA_A01__pv	240	8484	3597	1199	4016	695	3474
LP2101137-DNA_A01_vs_LP2101134-DNA_A01__pv	458	1318	1516	801	581	209	328
LP2101140-DNA_A01_vs_LP2101155-DNA_A01__pv	3479	9984	5413	2923	13449	243	2619
LP2101141-DNA_A01_vs_LP2101139-DNA_A01__pv	344	4940	2088	1047	1500	902	3017
LP2101142-DNA_A01_vs_LP2101143-DNA_A01__pv	2203	0	23001	0	599	22020	0
LP2101144-DNA_A01_vs_LP2101145-DNA_A01__pv	552	3420	1773	531	2084	1010	1141
LP2101146-DNA_A01_vs_LP2101147-DNA_A01__pv	848	4577	2815	766	4403	1723	1566
LP2101148-DNA_A01_vs_LP2101149-DNA_A01__pv	201	8896	1052	778	2616	701	2779
LP2101151-DNA_A01_vs_LP2101152-DNA_A01__pv	2515	5872	1680	2689	6111	1177	3515
LP2101153-DNA_A01_vs_LP2101154-DNA_A01__pv	23427	11287	5534	10657	4190	3069	2716
LP2101156-DNA_A01_vs_LP2101157-DNA_A01__pv	1341	0	20551	1055	2240	51353	151
LP2101158-DNA_A01_vs_LP2101159-DNA_A01__pv	12075	3205	9473	6028	8176	1238	1346
LP2101160-DNA_A01_vs_LP2101161-DNA_A01__pv	5505	3719	3499	140	2152	809	1936
LP2101162-DNA_B01_vs_LP2101163-DNA_B01__pv	246	596	456	294	676	41	235
LP2101164-DNA_A01_vs_LP2101165-DNA_A01__pv	205	2989	2065	428	3587	329	1022
LP2101166-DNA_A01_vs_LP2101167-DNA_A01__pv	2252	2471	2366	518	4451	704	1451
LP2101168-DNA_A01_vs_LP2101169-DNA_A01__pv	0	3900	2636	558	1463	491	1526
LP2101170-DNA_A01_vs_LP2101511-DNA_A01__pv	38	2860	506	560	1405	446	691
LP2101512-DNA_A01_vs_LP2101513-DNA_A01__pv	8969	3375	2335	7777	3147	799	1143
LP6005334-DNA_A02_vs_LP6005333-DNA_A02__pv	1534	2600	3900	2612	4201	670	1306
LP6005334-DNA_A03_vs_LP6005333-DNA_A03__pv	7526	2728	4303	1284	4767	411	1451
LP6005334-DNA_A04_vs_LP6005333-DNA_A04__pv	2741	2385	2649	2377	2191	254	2322
LP6005334-DNA_B01_vs_SM-4JPUU__pv	912	1800	3321	586	3460	78	1744
LP6005334-DNA_B02_vs_LP6005333-DNA_B02__pv	4420	2599	6269	3620	5901	297	1046
LP6005334-DNA_C01_vs_LP6005333-DNA_C01__pv	0	7129	871	1173	3128	429	3130
LP6005334-DNA_C02_vs_LP6005333-DNA_C02__pv	738	3047	1111	347	1684	391	1289
LP6005334-DNA_C03_vs_LP6005333-DNA_C03__pv	1570	2716	6364	1520	2147	1464	1412
LP6005334-DNA_D01_vs_LP6005333-DNA_D01__pv	0	244	136	6	18	9	265
LP6005334-DNA_D02_vs_LP6005333-DNA_D02__pv	5528	2541	948	14470	2234	234	3873
LP6005334-DNA_D03_vs_LP6005333-DNA_D03__pv	0	1620	1114	418	3440	0	3490
LP6005334-DNA_E01_vs_LP6005333-DNA_E01__pv	640	4917	3885	1685	4044	1140	2260
LP6005334-DNA_E02_vs_LP6005333-DNA_E02__pv	1327	792	771	1740	463	16	524
LP6005334-DNA_E03_vs_LP6005333-DNA_E03__pv	1616	9361	1071	2009	3328	750	3475
LP6005334-DNA_F01_vs_LP6005333-DNA_F01__pv	2654	4767	4309	2297	9538	316	2595
LP6005334-DNA_F02_vs_LP6005333-DNA_F02__pv	13610	5785	638	9228	5277	2919	1646
LP6005334-DNA_F03_vs_LP6005333-DNA_F03__pv	301	1016	496	256	560	140	126
LP6005334-DNA_G01_vs_LP6005333-DNA_G01__pv	7705	0	5436	2746	5338	695	10809
LP6005334-DNA_G02_vs_LP6005333-DNA_G02__pv	11855	4659	3574	6081	5404	399	2505
LP6005334-DNA_G03_vs_LP6005333-DNA_G03__pv	4412	2037	1842	564	2408	46	1346
LP6005334-DNA_H01_vs_LP6005333-DNA_H01__pv	11110	4452	3852	810	5231	713	4169
LP6005334-DNA_H02_vs_LP6005333-DNA_H02__pv	26960	4857	2369	8520	6101	122	1702
LP6005334-DNA_H03_vs_LP6005333-DNA_H03__pv	9336	1698	3200	23328	4911	1197	1362
LP6005335-DNA_A01_vs_LP6005333-DNA_A03__pv	8818	1510	2882	2234	3778	195	722
LP6005409-DNA_A01_vs_LP6005408-DNA_A01__pv	309	1218	1732	0	1489	544	2586
LP6005409-DNA_A02_vs_LP6005408-DNA_A02__pv	1193	3567	1043	851	2786	133	1255
LP6005409-DNA_A03_vs_LP6005408-DNA_A03__pv	22482	854	18015	7398	1393	0	0
LP6005409-DNA_A04_vs_LP6005408-DNA_A04__pv	5603	2534	1758	4317	2369	292	2558
LP6005409-DNA_B01_vs_LP6005408-DNA_B01__pv	39973	1548	987	19192	7653	427	840
LP6005409-DNA_B02_vs_LP6005408-DNA_B02__pv	920	3064	4881	1182	3722	201	1286
LP6005409-DNA_B04_vs_LP6005408-DNA_B04__pv	0	3208	1429	1220	535	347	4659
LP6005409-DNA_C01_vs_LP6005408-DNA_C01__pv	1502	1194	3518	580	1120	375	1338
LP6005409-DNA_C02_vs_LP6005408-DNA_C02__pv	1352	757	1249	436	1988	0	245
LP6005409-DNA_C04_vs_LP6005408-DNA_C04__pv	242	5117	1207	583	2100	417	1379
LP6005409-DNA_D01_vs_LP6005408-DNA_D01__pv	12299	5170	4104	13978	3016	0	1802
LP6005409-DNA_D02_vs_LP6005408-DNA_D02__pv	8463	6894	5820	10184	3634	325	3278
LP6005409-DNA_D03_vs_LP6005408-DNA_D03__pv	15873	2630	2795	22545	2496	266	1953
LP6005409-DNA_E01_vs_LP6005408-DNA_E01__pv	119	3107	2734	716	1932	198	1575
LP6005409-DNA_E02_vs_LP6005408-DNA_E02__pv	1673	1732	2435	759	1891	592	1176
LP6005409-DNA_E03_vs_LP6005408-DNA_E03__pv	5503	6912	3441	11693	4004	882	1643
LP6005409-DNA_F01_vs_LP6005408-DNA_F01__pv	14495	940	2556	2477	3377	427	0
LP6005409-DNA_F02_vs_LP6005408-DNA_F02__pv	5089	1092	2786	988	3609	217	1926
LP6005409-DNA_F03_vs_LP6005408-DNA_F03__pv	78	1877	1743	273	1015	44	868
LP6005409-DNA_G02_vs_LP6005408-DNA_G02__pv	10365	3015	1354	3030	1689	300	1029
LP6005409-DNA_G03_vs_LP6005408-DNA_G03__pv	9119	1598	3044	10157	2447	167	733
LP6005409-DNA_H01_vs_LP6005408-DNA_H01__pv	0	2385	4689	476	1460	1897	678
LP6005409-DNA_H02_vs_LP6005408-DNA_H02__pv	6810	2988	2508	2725	3633	598	861
LP6005409-DNA_H03_vs_LP6005408-DNA_H03__pv	4730	1863	887	2853	808	448	435
LP6005496-DNA_A01_vs_LP6005408-DNA_B03__pv	8141	8758	0	3078	3358	20039	2486
LP6005496-DNA_B01_vs_LP6005408-DNA_C03__pv	9985	878	3359	96	2363	591	2701
LP6005500-DNA_A01_vs_LP6005499-DNA_A01__pv	1633	3548	2442	1151	2901	637	2089
LP6005500-DNA_A02_vs_LP6005499-DNA_A02__pv	3696	7600	6106	4620	3522	531	1254
LP6005500-DNA_A03_vs_LP6005499-DNA_A03__pv	2713	4075	1225	2381	3182	665	1889
LP6005500-DNA_B01_vs_LP6005499-DNA_B01__pv	3915	3559	2559	3172	2177	539	1475
LP6005500-DNA_B02_vs_LP6005499-DNA_B02__pv	15063	6103	3465	2379	4442	1329	2318
LP6005500-DNA_B03_vs_LP6005499-DNA_B03__pv	4917	6868	672	3924	2250	564	1002
LP6005500-DNA_C01_vs_LP6005499-DNA_C01__pv	2361	2382	1502	1163	3737	191	880
LP6005500-DNA_C02_vs_LP6005499-DNA_C02__pv	2935	2741	6808	1639	3392	5468	1237
LP6005500-DNA_C03_vs_LP6005499-DNA_C03__pv	12992	2496	4045	2905	1986	140	838
LP6005500-DNA_D01_vs_LP6005499-DNA_D01__pv	4889	2925	2050	1087	2946	564	1024
LP6005500-DNA_D02_vs_LP6005499-DNA_D02__pv	8778	1321	3757	2684	8813	382	767
LP6005500-DNA_D03_vs_LP6005499-DNA_D03__pv	5280	3457	2646	2509	2294	861	1321
LP6005500-DNA_E02_vs_LP6005499-DNA_E02__pv	19705	2031	1338	13965	2338	294	902
LP6005500-DNA_E03_vs_LP6005499-DNA_E03__pv	29240	5742	0	38399	3339	2257	1916
LP6005500-DNA_F01_vs_LP6005499-DNA_F01__pv	7599	4277	1485	1866	3415	430	2784
LP6005500-DNA_F02_vs_LP6005499-DNA_F02__pv	5524	4888	7169	270	4466	0	8604
LP6005500-DNA_F03_vs_LP6005499-DNA_F03__pv	33	3220	8497	3829	5994	4340	1390
LP6005500-DNA_G01_vs_LP6005499-DNA_G01__pv	19905	154	3104	22024	1577	0	326
LP6005500-DNA_G02_vs_LP6005499-DNA_G02__pv	0	663	2721	42	80	2	481
LP6005500-DNA_G03_vs_LP6005499-DNA_G03__pv	17870	1493	3458	0	2138	304	28
LP6005500-DNA_H01_vs_LP6005499-DNA_H01__pv	2572	3644	4669	5200	2797	426	2338
LP6005500-DNA_H02_vs_LP6005499-DNA_H02__pv	1202	2214	4189	5593	965	613	3454
LP6005500-DNA_H03_vs_LP6005499-DNA_H03__pv	3035	4399	1873	6435	2912	2460	1989
LP6005501-DNA_A01_vs_LP6005499-DNA_A01__pv	451	1048	882	88	1013	0	237
LP6005501-DNA_B01_vs_LP6005499-DNA_B01__pv	3670	4006	2457	2850	2259	575	1515
LP6005501-DNA_C01_vs_LP6005499-DNA_C01__pv	2770	3144	5455	1279	5891	847	931
LP6005501-DNA_D01_vs_LP6005499-DNA_D01__pv	3408	2702	3943	1117	3848	822	1783
LP6005501-DNA_E01_vs_LP6005499-DNA_E01__pv	1020	785	814	164	463	11	289
LP6005501-DNA_F01_vs_LP6005499-DNA_F01__pv	15380	3234	1540	1107	3085	339	2421
LP6005690-DNA_A02_vs_LP6005689-DNA_A02__pv	761	2577	2524	444	5169	605	985
LP6005690-DNA_B01_vs_LP6005689-DNA_B01__pv	4748	2421	1975	4059	3124	103	894
LP6005690-DNA_B03_vs_LP6005777-DNA_A01__pv	16434	2649	2170	3846	2393	1325	1166
LP6005690-DNA_C02_vs_LP6005689-DNA_C02__pv	387	3366	5160	305	4818	432	1360
LP6005690-DNA_C03_vs_LP6005689-DNA_C03__pv	16155	3102	2856	3435	6078	826	1768
LP6005690-DNA_D02_vs_LP6005689-DNA_D02__pv	17316	2633	2911	10775	2177	1126	2606
LP6005690-DNA_D03_vs_LP6005689-DNA_D03__pv	12653	2122	1348	10703	2241	588	2042
LP6005690-DNA_E01_vs_LP6005689-DNA_E01__pv	9927	3766	3058	5093	8929	806	2529
LP6005690-DNA_E02_vs_LP6005689-DNA_E02__pv	4	9	25	0	0	1	5
LP6005690-DNA_E03_vs_LP6005689-DNA_E03__pv	2755	2745	3342	576	3495	171	530
LP6005690-DNA_F01_vs_LP6005689-DNA_F01__pv	10810	4435	3729	5917	3447	105	1442
LP6005690-DNA_F02_vs_LP6005689-DNA_F02__pv	30684	2350	2062	2143	1943	5	1609
LP6005690-DNA_F03_vs_LP6005689-DNA_F03__pv	3704	3347	3693	664	3264	153	2114
LP6005690-DNA_G02_vs_LP6005689-DNA_G02__pv	12513	2664	3128	2671	3896	61	1245
LP6005690-DNA_H02_vs_LP6005689-DNA_H02__pv	35587	0	3447	12708	2742	0	554
LP6005691-DNA_A01_vs_LP6005689-DNA_C01__pv	1974	1278	3346	595	3441	116	206
LP6005691-DNA_A02_vs_LP6005689-DNA_F03__pv	1073	1059	1606	288	1081	106	479
LP6005691-DNA_B01_vs_LP6005689-DNA_E01__pv	11535	4134	3417	4937	9032	120	2077
LP6005691-DNA_C01_vs_LP6005689-DNA_A02__pv	577	1560	3300	258	3787	0	748
LP6005691-DNA_D01_vs_LP6005689-DNA_B02__pv	44686	0	1261	21635	1765	439	325
LP6005691-DNA_E01_vs_LP6005689-DNA_D01__pv	2345	2304	1152	556	660	0	127
LP6005691-DNA_F01_vs_LP6005689-DNA_F01__pv	10640	1694	2364	5595	2143	0	415
LP6005691-DNA_G01_vs_LP6005689-DNA_G01__pv	7	100	135	0	20	4	7
LP6005691-DNA_H01_vs_LP6005689-DNA_H01__pv	2537	634	734	1206	975	0	289
LP6005935-DNA_A01_vs_LP6005979-DNA_A01__pv	19271	5333	6394	5418	7410	979	2130
LP6005935-DNA_A02_vs_LP6005934-DNA_A02__pv	4432	1950	2093	14925	1630	1676	2231
LP6005935-DNA_A03_vs_LP6005934-DNA_A03__pv	141	1842	3648	406	3241	1268	601
LP6005935-DNA_B01_vs_LP6005934-DNA_B01__pv	651	5668	794	1084	3126	772	1349
LP6005935-DNA_B02_vs_LP6005934-DNA_B02__pv	9518	7513	1141	7181	4279	213	2905
LP6005935-DNA_B03_vs_LP6005934-DNA_B03__pv	13555	3112	1488	22483	5429	0	3010
LP6005935-DNA_B04_vs_LP6005934-DNA_B04__pv	1325	2567	6100	912	5354	327	850
LP6005935-DNA_C01_vs_LP6005934-DNA_C01__pv	205	7770	7141	13869	7950	135098	11311
LP6005935-DNA_C02_vs_LP6005979-DNA_B01__pv	11153	5402	5065	5087	4039	21	2167
LP6005935-DNA_C03_vs_LP6005934-DNA_C03__pv	537	1450	1674	352	1161	74	359
LP6005935-DNA_C04_vs_LP6005934-DNA_C04__pv	27844	4908	4374	8223	5862	1867	3850
LP6005935-DNA_D01_vs_LP6005934-DNA_D01__pv	18169	3139	4089	4562	6533	0	1140
LP6005935-DNA_D02_vs_LP6005934-DNA_D02__pv	14514	4455	1287	2328	2425	471	1371
LP6005935-DNA_D04_vs_LP6005934-DNA_C03__pv	1773	1089	1361	705	2267	280	443
LP6005935-DNA_E01_vs_LP6005934-DNA_E01__pv	19360	3711	4139	10951	3367	1403	837
LP6005935-DNA_E02_vs_LP6005934-DNA_E02__pv	7803	5883	2677	2561	2573	0	885
LP6005935-DNA_E03_vs_LP6005934-DNA_E03__pv	5250	3216	3660	2629	3240	0	2239
LP6005935-DNA_E04_vs_LP6005934-DNA_E02__pv	3784	1303	1576	1278	1755	96	74
LP6005935-DNA_F01_vs_LP6005934-DNA_F01__pv	0	3866	709	293	1088	333	2488
LP6005935-DNA_F02_vs_LP6005934-DNA_F02__pv	67432	13692	0	12870	315	5923	2956
LP6005935-DNA_F03_vs_LP6005934-DNA_F03__pv	313	217	27609	1512	0	31936	0
LP6005935-DNA_F04_vs_LP6007426-DNA_A01__pv	35439	0	0	15008	1935	619	8075
LP6005935-DNA_G01_vs_LP6005934-DNA_G01__pv	9882	2747	4723	11088	772	1561	1899
LP6005935-DNA_G02_vs_LP6005979-DNA_C01__pv	904	3996	3078	697	9345	690	2271
LP6005935-DNA_G03_vs_LP6005934-DNA_G03__pv	1069	2592	1277	481	2891	334	1488
LP6005935-DNA_H01_vs_LP6005934-DNA_H01__pv	10365	5745	3318	3474	6937	348	2066
LP6005935-DNA_H02_vs_LP6005934-DNA_H02__pv	2925	6481	3586	3828	4198	676	2826
LP6005935-DNA_H03_vs_LP6005934-DNA_H03__pv	2120	2979	20020	0	2455	38093	0
LP6007358-DNA_A01_vs_LP6007553-DNA_A01__pv	3390	3154	2158	1285	4571	262	1210
LP6007394-DNA_A01_vs_LP6007393-DNA_A01__pv	4859	2315	2848	1737	1321	25	240
LP6007396-DNA_A01_vs_LP6007395-DNA_A01__pv	4851	4219	4224	2584	2981	115	1632
LP6007398-DNA_A01_vs_LP6007397-DNA_A01__pv	2855	3832	3440	616	1823	370	1728
LP6007399-DNA_A01_vs_LP6007397-DNA_A01__pv	2813	3628	3343	667	1800	395	1644
LP6007401-DNA_A01_vs_LP6007400-DNA_A01__pv	11107	8499	2245	10647	4000	899	1940
LP6007402-DNA_A01_vs_LP6007400-DNA_A01__pv	7954	1030	1460	4537	1648	294	384
LP6007404-DNA_A01_vs_LP6007403-DNA_A01__pv	469	2947	3105	1125	3686	550	646
LP6007405-DNA_A01_vs_LP6007403-DNA_A01__pv	1891	845	877	903	1250	47	66
LP6007407-DNA_A01_vs_LP6007406-DNA_A01__pv	13279	4018	4660	3911	4504	1248	2591
LP6007409-DNA_A01_vs_LP6007408-DNA_A01__pv	1603	3146	4665	953	2567	556	597
LP6007410-DNA_A01_vs_LP6007408-DNA_A01__pv	6773	2687	3603	2717	3698	226	438
LP6007414-DNA_A02_vs_LP6007413-DNA_A02__pv	264	2262	2703	478	3524	719	1048
LP6007416-DNA_A01_vs_LP6007415-DNA_A01__pv	2268	4402	4436	962	4131	414	2117
LP6007418-DNA_A02_vs_LP6007417-DNA_A02__pv	6447	8401	1628	3089	2760	2068	1513
LP6007420-DNA_A01_vs_LP6007419-DNA_A01__pv	25775	3297	1451	8254	1531	0	5910
LP6007422-DNA_A01_vs_LP6007421-DNA_A01__pv	2017	3592	2506	1059	2599	804	700
LP6007424-DNA_A01_vs_LP6007423-DNA_A01__pv	8561	8069	1930	670	3347	597	2370
LP6007425-DNA_A01_vs_LP6007423-DNA_A01__pv	8590	7890	1866	800	3343	595	2258
LP6007427-DNA_A01_vs_LP6007426-DNA_A01__pv	45768	0	0	18995	2210	894	10776
LP6007428-DNA_A01_vs_LP6007426-DNA_A01__pv	283	1604	774	201	372	14	107
LP6007430-DNA_A01_vs_LP6007429-DNA_A01__pv	5037	2609	5193	993	5625	682	1143
LP6007432-DNA_A01_vs_LP6007431-DNA_A01__pv	25845	2387	474	13582	1345	246	2245
LP6007434-DNA_A01_vs_LP6007433-DNA_A01__pv	7504	4479	2272	4355	4428	689	1352
LP6007436-DNA_A01_vs_LP6007435-DNA_A01__pv	18654	1881	3149	7736	2987	940	1968
LP6007438-DNA_A01_vs_LP6007437-DNA_A01__pv	0	3870	1213	501	1035	551	1764
LP6007440-DNA_A01_vs_LP6007439-DNA_A01__pv	25057	4187	3588	19617	4907	2242	3597
LP6007442-DNA_A01_vs_LP6007441-DNA_A01__pv	10723	11620	221	79213	13674	2308	2468
LP6007504-DNA_A01_vs_LP6007566-DNA_A01__pv	3538	1701	1181	1151	1301	101	746
LP6007506-DNA_A01_vs_LP6007505-DNA_A01__pv	2992	2452	3623	1207	3432	208	2415
LP6007508-DNA_A01_vs_LP6007507-DNA_A01__pv	2678	3122	2263	632	1571	308	1643
LP6007512-DNA_A01_vs_LP6007511-DNA_A01__pv	8084	2871	5620	3774	2586	877	1959
LP6007514-DNA_A01_vs_LP6007513-DNA_A01__pv	1524	3456	3140	508	2995	216	616
LP6007516-DNA_A01_vs_LP6007515-DNA_A01__pv	885	6511	2791	1644	3151	553	2008
LP6007518-DNA_A01_vs_LP6007517-DNA_A01__pv	17560	8187	997	9173	4427	381	2763
LP6007520-DNA_A01_vs_LP6007519-DNA_A01__pv	1123	2641	2458	502	3555	440	728
LP6007521-DNA_A01_vs_LP6007519-DNA_A01__pv	173	1223	1375	216	1183	134	267
LP6007523-DNA_A01_vs_LP6007522-DNA_A01__pv	523	3237	3351	815	5171	222	932
LP6007529-DNA_A01_vs_LP6007528-DNA_A01__pv	7977	2369	3387	4020	4621	119	3424
LP6007531-DNA_A01_vs_LP6007530-DNA_A01__pv	8592	5597	2783	12920	2264	648	2057
LP6007533-DNA_A01_vs_LP6007532-DNA_A01__pv	1186	1957	2004	271	2139	408	1691
LP6007535-DNA_A01_vs_LP6007534-DNA_A01__pv	1750	1651	1389	0	1292	360	1630
LP6007536-DNA_A01_vs_LP6007534-DNA_A01__pv	988	1667	1027	171	1149	351	3539
LP6007538-DNA_A01_vs_LP6007537-DNA_A01__pv	14251	1926	2204	3076	3525	612	1519
LP6007540-DNA_A01_vs_LP6007539-DNA_A01__pv	4210	1615	4001	4031	3986	221	481
LP6007542-DNA_A01_vs_LP6007541-DNA_A01__pv	4790	8484	3549	2816	5502	1187	4411
LP6007544-DNA_A01_vs_LP6007569-DNA_A01__pv	2216	3619	3794	2727	5309	212	1235
LP6007546-DNA_A01_vs_LP6007568-DNA_A01__pv	1088	966	3703	1890	2034	159	1828
LP6007548-DNA_A01_vs_LP6007547-DNA_A01__pv	1679	742	941	449	1192	322	1144
LP6007550-DNA_A01_vs_LP6007549-DNA_A01__pv	11231	798	3236	10084	3514	300	2384
LP6007552-DNA_A01_vs_LP6007551-DNA_A01__pv	3832	4126	1830	3678	2783	274	3733
LP6007567-DNA_A01_vs_LP6007524-DNA_A01__pv	3511	3378	3390	3924	2763	171	989
LP6007591_vs_LP6007590__pv	12335	1957	7308	26214	3599	1181	5717
LP6007592_vs_LP6007590__pv	2108	1631	3531	1085	2280	155	563
LP6007594_vs_LP6007593__pv	581	3917	5214	805	4762	1509	527
LP6007595_vs_LP6007593__pv	3486	1792	2223	1456	2888	436	37
LP6007597_vs_LP6007596__pv	20875	7069	2704	0	4738	1947	604
LP6007598_vs_LP6007596__pv	6610	1770	1147	0	1996	530	234
LP6007600_vs_LP6007599__pv	158	2414	1825	91	1066	115	298
LP6007602_vs_LP6007601__pv	18157	2029	0	42697	686	333	1061
LP6008017-DNA_A01_vs_LP6008018-DNA_B01__pv	22933	1284	2022	11665	3530	658	53
LP6008017-DNA_A02_vs_LP6008018-DNA_B01__pv	44811	0	1947	9586	3721	53	0
LP6008017-DNA_A03_vs_LP6008018-DNA_C01__pv	26406	1727	3035	12361	5717	321	713
LP6008017-DNA_A04_vs_LP6008018-DNA_A01__pv	9649	1325	4601	2057	3320	1278	7512
LP6008017-DNA_B01_vs_LP6008018-DNA_B01__pv	32647	0	1944	14052	3400	448	0
LP6008017-DNA_B02_vs_LP6008018-DNA_B01__pv	22923	957	1698	11062	3276	488	76
LP6008017-DNA_B03_vs_LP6008018-DNA_C01__pv	26665	1946	3209	12610	5947	465	740
LP6008017-DNA_B04_vs_LP6008018-DNA_A01__pv	4550	1217	1675	1196	1887	409	1293
LP6008017-DNA_C01_vs_LP6008018-DNA_B01__pv	41256	0	1730	19508	3787	0	0
LP6008017-DNA_C02_vs_LP6008018-DNA_C01__pv	25800	1848	2816	12084	5674	169	590
LP6008017-DNA_C03_vs_LP6008018-DNA_C01__pv	26395	1772	2990	12599	5694	350	677
LP6008017-DNA_C04_vs_LP6008018-DNA_C01__pv	0	49	36	7	6	19	18
LP6008017-DNA_D01_vs_LP6008018-DNA_B01__pv	33023	116	1874	16130	3708	449	0
LP6008017-DNA_D02_vs_LP6008018-DNA_C01__pv	26795	2786	2960	12290	6210	314	769
LP6008017-DNA_D03_vs_LP6008018-DNA_A01__pv	8486	2490	4366	2636	3568	888	3830
LP6008017-DNA_E01_vs_LP6008018-DNA_B01__pv	39906	0	1750	18066	3909	228	0
LP6008017-DNA_E02_vs_LP6008018-DNA_C01__pv	27069	3427	2808	12161	6767	275	928
LP6008017-DNA_E03_vs_LP6008018-DNA_A01__pv	8340	2216	3598	2454	3543	866	2921
LP6008017-DNA_F01_vs_LP6008018-DNA_B01__pv	24720	1269	1729	13328	4255	783	86
LP6008017-DNA_F02_vs_LP6008018-DNA_C01__pv	27671	2435	2934	13002	6150	393	772
LP6008017-DNA_F03_vs_LP6008018-DNA_A01__pv	6278	1243	2233	1677	2157	391	3002
LP6008017-DNA_G01_vs_LP6008018-DNA_B01__pv	27250	976	2100	12361	3630	555	0
LP6008017-DNA_G02_vs_LP6008018-DNA_C01__pv	29493	3196	2783	14086	6858	613	1154
LP6008017-DNA_G03_vs_LP6008018-DNA_A01__pv	8710	2419	3933	2300	4027	784	4488
LP6008017-DNA_H01_vs_LP6008018-DNA_B01__pv	32710	441	1741	17664	3848	387	0
LP6008017-DNA_H02_vs_LP6008018-DNA_C01__pv	26339	2846	2807	12388	6491	209	825
LP6008017-DNA_H03_vs_LP6008018-DNA_A01__pv	11908	1077	4670	1651	3249	1305	7479
LP6008031-DNA_A01_vs_LP6008032-DNA_A01__pv	3554	7285	1006	2076	4303	1529	5971
LP6008031-DNA_A02_vs_LP6008032-DNA_C02__pv	4090	5036	5132	2246	8582	834	5506
LP6008031-DNA_A03_vs_LP6008032-DNA_E03__pv	1628	1698	3082	419	3549	178	1415
LP6008031-DNA_A04_vs_LP6008032-DNA_D03__pv	17396	1579	2922	5273	2437	233	1455
LP6008031-DNA_B01_vs_LP6008032-DNA_B01__pv	2824	1628	2667	2849	1336	173	1052
LP6008031-DNA_B02_vs_LP6008032-DNA_D02__pv	1122	2542	3590	905	7929	107	1102
LP6008031-DNA_B03_vs_LP6008032-DNA_F03__pv	206	2088	3568	431	2788	292	1477
LP6008031-DNA_B04_vs_LP6008032-DNA_C02__pv	293	1436	1181	211	1447	54	286
LP6008031-DNA_C01_vs_LP6008032-DNA_C01__pv	5798	3395	6482	8066	5401	909	2479
LP6008031-DNA_C02_vs_LP6008032-DNA_E02__pv	5847	3884	4785	2175	4979	59	495
LP6008031-DNA_C03_vs_LP6008032-DNA_G03__pv	0	3	138	0	33	7	0
LP6008031-DNA_D01_vs_LP6008032-DNA_D01__pv	4839	3503	1391	789	3057	225	1432
LP6008031-DNA_D02_vs_LP6008032-DNA_F02__pv	8153	2414	2676	2975	3171	1095	694
LP6008031-DNA_D03_vs_LP6008032-DNA_H03__pv	808	4956	2445	535	4311	12	2740
LP6008031-DNA_E01_vs_LP6008032-DNA_E01__pv	9185	9286	9293	261	6273	31812	130
LP6008031-DNA_E02_vs_LP6008032-DNA_G02__pv	13573	3177	3250	1455	8393	0	1436
LP6008031-DNA_E03_vs_LP6008032-DNA_A04__pv	9724	3933	13553	5386	3487	57795	1087
LP6008031-DNA_F01_vs_LP6008032-DNA_F01__pv	4411	2854	2772	2094	4171	328	799
LP6008031-DNA_F02_vs_LP6008032-DNA_H02__pv	4067	1492	1531	1031	613	140	554
LP6008031-DNA_F03_vs_LP6008032-DNA_H01__pv	12932	6266	6206	8634	4272	660	1929
LP6008031-DNA_G01_vs_LP6008032-DNA_G01__pv	6521	3428	1951	4016	2621	552	1232
LP6008031-DNA_G02_vs_LP6008032-DNA_A03__pv	1763	4991	2378	1068	3484	726	2049
LP6008031-DNA_G03_vs_LP6008032-DNA_A02__pv	9312	14870	41	1351	8082	882	3902
LP6008031-DNA_H01_vs_LP6008032-DNA_B02__pv	5660	3217	5068	3668	2981	1354	1046
LP6008031-DNA_H02_vs_LP6008032-DNA_B03__pv	62	3125	11130	2148	4370	29227	771
LP6008031-DNA_H03_vs_LP6008032-DNA_C03__pv	13958	0	14879	22056	319	26280	0
LP6008051-DNA_A01_vs_LP6008050-DNA_C02__pv	190	1776	2191	0	2052	0	2340
LP6008051-DNA_A02_vs_LP6008050-DNA_E01__pv	3391	2899	2384	1362	2271	627	886
LP6008051-DNA_A03_vs_LP6008050-DNA_G02__pv	5287	5290	426	34558	3236	1793	2592
LP6008051-DNA_B01_vs_LP6008138-DNA_B03__pv	9028	3677	1420	4910	1501	1068	1298
LP6008051-DNA_B02_vs_LP6008050-DNA_F01__pv	6109	1307	5959	2399	5662	322	2109
LP6008051-DNA_B03_vs_LP6008050-DNA_G02__pv	4669	5174	581	33512	2788	1383	2391
LP6008051-DNA_C01_vs_LP6008050-DNA_E02__pv	7434	2901	4108	3551	3335	907	1495
LP6008051-DNA_C02_vs_LP6008050-DNA_G01__pv	1759	6141	1661	6317	2097	653	1608
LP6008051-DNA_C03_vs_LP6008050-DNA_G02__pv	5107	6572	570	34648	3408	2114	2685
LP6008051-DNA_D01_vs_LP6008050-DNA_F02__pv	6344	4780	5206	3138	6599	683	1111
LP6008051-DNA_D03_vs_LP6008050-DNA_G02__pv	4539	3606	853	33558	3741	1221	2583
LP6008051-DNA_E01_vs_LP6008050-DNA_A01__pv	4009	6656	2908	2286	2975	745	829
LP6008051-DNA_E02_vs_LP6008050-DNA_A02__pv	3338	7541	2506	1249	8595	0	430
LP6008051-DNA_E03_vs_LP6008050-DNA_G02__pv	5245	4276	780	33335	2929	1460	2243
LP6008051-DNA_F01_vs_LP6008050-DNA_B01__pv	6161	3515	4606	1865	3493	174	960
LP6008051-DNA_F02_vs_LP6008050-DNA_B02__pv	1485	11567	2626	1608	5977	1097	4195
LP6008051-DNA_F03_vs_LP6008050-DNA_G02__pv	5245	3985	990	33116	2594	1449	2226
LP6008051-DNA_G01_vs_LP6008050-DNA_C01__pv	1417	3248	1088	3424	1368	1121	5122
LP6008051-DNA_G02_vs_LP6008050-DNA_B02__pv	503	852	1731	34	1538	147	367
LP6008051-DNA_G03_vs_LP6008050-DNA_G02__pv	5340	5239	508	33599	3254	2066	2476
LP6008051-DNA_H03_vs_LP6008050-DNA_G02__pv	5156	4387	706	33242	2747	1459	2320
LP6008139-DNA_A01_vs_LP6008140-DNA_A01__pv	7741	5014	1911	8266	4146	732	996
LP6008139-DNA_A02_vs_LP6008140-DNA_A01__pv	7462	4269	1502	7060	3688	619	909
LP6008139-DNA_A03_vs_LP2000102-DNA_A01__pv	5704	2894	986	3862	7111	195	5360
LP6008139-DNA_B01_vs_LP6008140-DNA_A01__pv	7798	5186	2002	8328	4442	602	936
LP6008139-DNA_B02_vs_LP6008140-DNA_A01__pv	6331	3093	1087	5386	2452	658	712
LP6008139-DNA_B03_vs_LP6005408-DNA_H03__pv	11816	5105	2122	7476	2295	1835	1068
LP6008139-DNA_C01_vs_LP6008140-DNA_A01__pv	7247	4261	1929	6488	3524	591	822
LP6008139-DNA_C02_vs_LP6008140-DNA_A01__pv	5165	4827	1404	14153	3420	1340	972
LP6008139-DNA_C03_vs_LP6005408-DNA_H03__pv	11678	4954	2182	7482	2009	1831	1047
LP6008139-DNA_D01_vs_LP6008140-DNA_A01__pv	7115	4416	2235	5530	3550	613	812
LP6008139-DNA_D02_vs_LP6008140-DNA_A01__pv	6881	4481	1582	8293	3537	1093	894
LP6008139-DNA_D03_vs_LP6008140-DNA_A01__pv	10333	1123	1621	3616	1858	322	383
LP6008139-DNA_E01_vs_LP6008140-DNA_A01__pv	5375	4882	1264	13697	3513	1749	1107
LP6008139-DNA_E02_vs_LP6008140-DNA_A01__pv	8011	4723	1940	7851	4143	907	1019
LP6008139-DNA_F01_vs_LP6008140-DNA_A01__pv	7820	5119	1836	8535	3901	1151	1042
LP6008139-DNA_F02_vs_LP6008140-DNA_A01__pv	8041	4153	2331	5269	3899	516	819
LP6008139-DNA_G01_vs_LP6008140-DNA_A01__pv	8220	5375	1940	7689	4508	991	1145
LP6008139-DNA_G02_vs_LP6008140-DNA_A01__pv	5812	300	339	2275	426	179	11
LP6008139-DNA_H01_vs_LP6008140-DNA_A01__pv	8126	4568	1721	6633	3953	958	1009
LP6008139-DNA_H02_vs_LP2000102-DNA_A01__pv	5690	3001	1099	3838	7317	195	5379
LP6008141-DNA_A01_vs_LP6008138-DNA_A01__pv	11417	2119	8046	378	5580	124	1061
LP6008141-DNA_A02_vs_LP6008138-DNA_A02__pv	68277	66	2364	6165	8262	0	0
LP6008141-DNA_A03_vs_LP6008138-DNA_F01__pv	5740	763	1155	3222	748	271	267
LP6008141-DNA_B01_vs_LP6008138-DNA_B01__pv	5932	2498	3988	5240	2356	230	2709
LP6008141-DNA_B02_vs_LP6008138-DNA_B02__pv	5548	3056	3876	7	4806	23	1278
LP6008141-DNA_B03_vs_LP6008138-DNA_H01__pv	4418	1530	3402	2590	2715	147	0
LP6008141-DNA_C01_vs_LP6008138-DNA_C01__pv	4849	1633	3254	2257	4717	518	1628
LP6008141-DNA_C02_vs_LP6008138-DNA_C02__pv	21521	3217	4230	23172	5144	878	302
LP6008141-DNA_C03_vs_LP6008032-DNA_A03__pv	1716	4715	2382	1032	3404	745	2015
LP6008141-DNA_D01_vs_LP6008138-DNA_D01__pv	0	7608	854	5382	4855	1482	13376
LP6008141-DNA_D02_vs_LP6008138-DNA_D02__pv	10912	5308	0	41413	965	1408	8867
LP6008141-DNA_E01_vs_LP6008138-DNA_E01__pv	3826	6008	3203	4369	3696	952	2089
LP6008141-DNA_E02_vs_LP6008138-DNA_E02__pv	8936	4388	2944	5580	2378	758	2439
LP6008141-DNA_F01_vs_LP6008138-DNA_F01__pv	4786	4726	1152	1851	1838	669	1637
LP6008141-DNA_F02_vs_LP6008138-DNA_F02__pv	21859	3394	1103	23222	3616	649	1688
LP6008141-DNA_G01_vs_LP6008138-DNA_G01__pv	1271	2459	3808	361	1985	544	1737
LP6008141-DNA_G02_vs_LP6008138-DNA_G02__pv	12569	1875	2729	7214	4039	676	1555
LP6008141-DNA_H01_vs_LP6008138-DNA_H01__pv	898	6167	1263	789	2704	673	1409
LP6008141-DNA_H02_vs_LP6008138-DNA_H02__pv	2801	1969	2549	426	7959	0	1843
LP6008143-DNA_A01_vs_LP6008144-DNA_A01__pv	8813	4016	5634	5206	5369	749	433
LP6008143-DNA_A02_vs_LP6008144-DNA_A01__pv	4767	2777	5271	3150	4793	400	325
LP6008143-DNA_B01_vs_LP6008144-DNA_A01__pv	8132	3809	5291	4837	5270	722	406
LP6008143-DNA_B02_vs_LP6008144-DNA_A01__pv	3514	1244	1367	1482	1728	109	52
LP6008143-DNA_C01_vs_LP6008144-DNA_A01__pv	15840	4952	5661	4547	5711	1017	346
LP6008143-DNA_C02_vs_LP6008144-DNA_A01__pv	28767	5709	5105	2980	5592	1611	31
LP6008143-DNA_D01_vs_LP6008144-DNA_A01__pv	13868	4562	5309	5836	5614	955	325
LP6008143-DNA_D02_vs_LP6008144-DNA_A01__pv	13431	4674	5387	4503	5634	986	362
LP6008143-DNA_E01_vs_LP6008144-DNA_A01__pv	12988	4414	5334	4232	5420	888	337
LP6008143-DNA_E02_vs_LP6008144-DNA_A01__pv	13042	4478	5091	4323	5441	929	364
LP6008143-DNA_F01_vs_LP6008144-DNA_A01__pv	306	147	180	249	280	0	14
LP6008143-DNA_F02_vs_LP6008144-DNA_A01__pv	15132	5196	5505	4960	5754	978	380
LP6008143-DNA_G01_vs_LP6008144-DNA_A01__pv	10227	3857	5436	4035	5261	796	403
LP6008143-DNA_G02_vs_LP6008144-DNA_A01__pv	13303	4585	5361	4436	5559	938	316
LP6008143-DNA_H01_vs_LP6008144-DNA_A01__pv	11598	4190	4454	3696	4844	656	326
LP6008143-DNA_H02_vs_LP6008144-DNA_A01__pv	17090	4868	5217	4934	5532	992	255
LP6008202-DNA_A01_vs_LP6008201-DNA_A01__pv	3346	131287	39647	2073	239	18644	7911
LP6008202-DNA_A02_vs_LP6008201-DNA_A02__pv	20320	1430	2438	19108	0	719	2830
LP6008202-DNA_A03_vs_LP6008201-DNA_A03__pv	0	1757	164	261	1426	36	2096
LP6008202-DNA_B01_vs_LP6008201-DNA_B01__pv	11690	5086	1556	12016	5042	998	3673
LP6008202-DNA_B02_vs_LP6008201-DNA_B02__pv	5498	4130	5243	1961	6742	1124	971
LP6008202-DNA_B03_vs_LP6008201-DNA_B03__pv	0	0	77	4483	20	0	169
LP6008202-DNA_C01_vs_LP6008201-DNA_C01__pv	6133	27711	9466	5910	4465	3473	3774
LP6008202-DNA_C02_vs_LP6008201-DNA_C02__pv	1996	1734	1854	514	2216	985	1208
LP6008202-DNA_C03_vs_LP6008201-DNA_C03__pv	5595	3412	3173	2959	3312	735	634
LP6008202-DNA_D01_vs_LP6008201-DNA_D01__pv	0	55471	16560	471	0	7503	3125
LP6008202-DNA_D02_vs_LP6008201-DNA_D02__pv	1123	3764	4088	1562	4351	415	1864
LP6008202-DNA_D03_vs_LP6008201-DNA_D03__pv	8173	1361	883	2177	2011	568	4299
LP6008202-DNA_E01_vs_LP6008201-DNA_E01__pv	9104	11680	1892	7183	11531	2618	2846
LP6008202-DNA_E02_vs_LP6008201-DNA_E02__pv	3414	3897	3184	1083	2045	481	746
LP6008202-DNA_E03_vs_LP6008201-DNA_D01__pv	0	45731	12659	577	1434	5827	3448
LP6008202-DNA_F02_vs_LP6008201-DNA_F02__pv	3320	3347	3755	571	2639	434	1192
LP6008202-DNA_G01_vs_LP6008201-DNA_G01__pv	647	7187	3373	521	5409	2044	945
LP6008202-DNA_G02_vs_LP6008201-DNA_G02__pv	13126	4790	1256	4153	2448	619	1840
LP6008202-DNA_H01_vs_LP6008201-DNA_H01__pv	8686	18386	7143	6253	1679	2790	1984
LP6008202-DNA_H02_vs_LP6008201-DNA_H02__pv	7134	3515	2272	1221	2037	869	2569
LP6008208-DNA_A01_vs_LP6008203-DNA_A01__pv	0	1674	1879	73	1465	279	603
LP6008208-DNA_A02_vs_LP6005979-DNA_A01__pv	33192	2719	3160	12423	3527	1155	1641
LP6008208-DNA_B01_vs_LP6008203-DNA_A01__pv	0	195	140	14	86	10	113
LP6008208-DNA_B02_vs_LP6005979-DNA_A01__pv	0	68	9	2	2	14	0
LP6008208-DNA_C01_vs_LP6008203-DNA_A01__pv	0	1613	2051	66	2265	465	689
LP6008208-DNA_C02_vs_LP6005979-DNA_A01__pv	7851	2793	5281	4972	4269	1446	2475
LP6008208-DNA_D01_vs_LP6008203-DNA_A01__pv	0	1651	2093	86	1329	443	540
LP6008208-DNA_E01_vs_LP6008203-DNA_A01__pv	0	1540	2137	68	1309	454	536
LP6008208-DNA_F01_vs_LP6008203-DNA_A01__pv	0	1695	2083	81	1256	468	601
LP6008208-DNA_G01_vs_LP6008203-DNA_A01__pv	0	1497	1841	96	1016	406	591
LP6008208-DNA_H01_vs_LP6005979-DNA_A01__pv	7592	2665	5160	4916	4203	1457	2270
LP6008221-DNA_A01_vs_LP6008220-DNA_A01__pv	22949	0	2622	8107	1965	75	811
LP6008221-DNA_A02_vs_LP6008220-DNA_A02__pv	486	5507	3125	862	8748	751	736
LP6008221-DNA_A03_vs_LP6008220-DNA_A03__pv	1773	2655	5048	695	5326	10	918
LP6008221-DNA_A04_vs_LP6008050-DNA_H01__pv	4163	9626	1750	4055	4212	933	1494
LP6008221-DNA_B01_vs_LP6008220-DNA_B01__pv	0	759	456	145	525	70	306
LP6008221-DNA_B02_vs_LP6008220-DNA_B02__pv	1730	3781	1233	3491	1803	360	2136
LP6008221-DNA_B03_vs_LP6008220-DNA_B03__pv	8272	3450	3783	2404	2865	143	1180
LP6008221-DNA_C01_vs_LP6008220-DNA_C01__pv	13247	3763	3477	10056	2896	1702	3629
LP6008221-DNA_C02_vs_LP6008220-DNA_C02__pv	222	1679	2397	218	1402	184	466
LP6008221-DNA_C03_vs_LP6008220-DNA_C03__pv	2171	3549	2151	1326	3151	237	1623
LP6008221-DNA_D01_vs_LP6008220-DNA_D01__pv	9576	7466	6289	4688	4677	404	3492
LP6008221-DNA_D02_vs_LP6008220-DNA_D02__pv	7985	1884	1948	3758	2892	386	3892
LP6008221-DNA_D03_vs_LP6008220-DNA_D03__pv	9744	5481	2370	17784	1188	1271	1788
LP6008221-DNA_E01_vs_LP6008220-DNA_E01__pv	28636	4131	1171	1927	2040	1419	272
LP6008221-DNA_E02_vs_LP6008220-DNA_E02__pv	22306	2369	1973	7782	2057	543	726
LP6008221-DNA_E03_vs_LP6008220-DNA_E03__pv	17761	5089	3963	11206	3194	801	1453
LP6008221-DNA_F01_vs_LP6008220-DNA_F01__pv	3982	5140	1370	600	2732	669	1185
LP6008221-DNA_F02_vs_LP6008220-DNA_F02__pv	3716	12649	0	0	1860	35834	4744
LP6008221-DNA_F03_vs_LP6008220-DNA_F03__pv	12034	6801	2978	7593	5003	2881	1091
LP6008221-DNA_G01_vs_LP6008220-DNA_G01__pv	0	3989	1522	187	1392	370	1469
LP6008221-DNA_G02_vs_LP6008220-DNA_G02__pv	4517	3091	2751	1902	6631	217	1201
LP6008221-DNA_G03_vs_LP6008220-DNA_H02__pv	703	927	1044	669	764	78	415
LP6008221-DNA_H01_vs_LP6008220-DNA_H01__pv	2477	1210	5181	1422	1307	627	5048
LP6008221-DNA_H02_vs_LP6008220-DNA_H02__pv	1028	8714	2108	2387	5057	377	2419
LP6008221-DNA_H03_vs_LP6008220-DNA_D03__pv	1580	673	925	1137	885	14	176
LP6008267-DNA_A01_vs_LP6008266-DNA_A01__pv	31355	1822	4378	9781	3809	395	587
LP6008267-DNA_A02_vs_LP6008266-DNA_G01__pv	1117	2675	2913	995	3687	132	633
LP6008267-DNA_B01_vs_LP6008266-DNA_B01__pv	34783	2255	2898	32419	1706	499	1121
LP6008267-DNA_B02_vs_LP6008266-DNA_H01__pv	11094	6199	3149	5007	4671	1479	1748
LP6008267-DNA_C01_vs_LP6008266-DNA_C01__pv	15015	3786	4364	814	4297	602	1536
LP6008267-DNA_C02_vs_LP6008266-DNA_H01__pv	1447	1745	3257	410	1961	120	355
LP6008267-DNA_D01_vs_LP6008201-DNA_F01__pv	2079	3973	1378	891	2123	815	1572
LP6008267-DNA_D02_vs_LP6008266-DNA_A02__pv	2591	10723	4100	246	4255	2293	7352
LP6008267-DNA_E01_vs_LP6008266-DNA_D01__pv	5901	2725	3098	2551	4149	1108	1343
LP6008267-DNA_E02_vs_LP6008266-DNA_A02__pv	2684	5442	1829	1502	5237	1409	1675
LP6008267-DNA_F01_vs_LP6008266-DNA_E01__pv	14961	3930	2570	8822	2668	564	1336
LP6008267-DNA_G01_vs_LP6008266-DNA_F01__pv	277	2876	441	1524	3392	2166	9063
LP6008267-DNA_H01_vs_LP6008266-DNA_G01__pv	1003	3300	4416	1081	3976	1344	1886
LP6008269-DNA_A02_vs_LP6008268-DNA_C02__pv	168	1435	1624	219	1198	128	318
LP6008269-DNA_A03_vs_LP6008268-DNA_C03__pv	87926	0	0	54960	0	0	0
LP6008269-DNA_A04_vs_LP6008268-DNA_C04__pv	1594	1304	1826	951	1348	128	302
LP6008269-DNA_A05_vs_LP6008268-DNA_C05__pv	2888	1103	5597	1666	4436	0	994
LP6008269-DNA_A06_vs_LP6008268-DNA_B06__pv	231	2091	2503	433	1974	643	915
LP6008269-DNA_A08_vs_LP6008268-DNA_A08__pv	9269	2506	3379	2662	3965	317	1377
LP6008269-DNA_A09_vs_LP6008268-DNA_A09__pv	2489	2442	3672	1296	4073	174	987
LP6008269-DNA_A10_vs_LP6008268-DNA_A10__pv	1131	4333	3817	1341	4537	228	1125
LP6008269-DNA_B02_vs_LP6008268-DNA_D02__pv	1819	1728	3239	751	2222	467	469
LP6008269-DNA_B03_vs_LP6008268-DNA_D03__pv	647	1796	1705	897	895	100	195
LP6008269-DNA_B05_vs_LP6008268-DNA_D05__pv	12860	3358	2459	2226	4076	587	1215
LP6008269-DNA_B06_vs_LP6008268-DNA_C06__pv	25663	3240	4687	5262	4401	2191	1637
LP6008269-DNA_B07_vs_LP6008268-DNA_B07__pv	0	3904	1883	177	1634	176	753
LP6008269-DNA_B08_vs_LP6008268-DNA_B08__pv	6796	1567	1382	1136	1576	179	449
LP6008269-DNA_B09_vs_LP6008268-DNA_B09__pv	1654	2752	5072	228	4199	87	893
LP6008269-DNA_B10_vs_LP6008268-DNA_B10__pv	3308	5077	2013	3183	8006	3370	2559
LP6008269-DNA_C04_vs_LP6008268-DNA_E04__pv	5349	680161	256879	0	0	109875	24930
LP6008269-DNA_C05_vs_LP6008268-DNA_E05__pv	13144	1161	3168	7732	3703	1032	608
LP6008269-DNA_C06_vs_LP6008268-DNA_D06__pv	1255	9200	1825	1172	4706	164	979
LP6008269-DNA_C07_vs_LP6008268-DNA_C07__pv	3619	3650	5613	458	3871	29	2201
LP6008269-DNA_C08_vs_LP6008268-DNA_C08__pv	8936	4938	2516	9525	6766	1239	1541
LP6008269-DNA_C09_vs_LP6008268-DNA_C09__pv	12012	1987	889	9635	1419	355	1345
LP6008269-DNA_C10_vs_LP6008268-DNA_C10__pv	3038	1281	4083	2445	1395	184	111
LP6008269-DNA_D02_vs_LP6008268-DNA_F02__pv	2832	4198	3671	2097	3216	1053	2119
LP6008269-DNA_D03_vs_LP6008268-DNA_F03__pv	5378	2011	7310	1391	3460	0	295
LP6008269-DNA_D04_vs_LP6008268-DNA_F04__pv	805	849	1953	193	1331	49	198
LP6008269-DNA_D05_vs_LP6008268-DNA_F05__pv	0	0	13055	4131	2623	40659	1179
LP6008269-DNA_D06_vs_LP6008268-DNA_E06__pv	2245	2627	2670	2028	2918	464	708
LP6008269-DNA_D07_vs_LP6008268-DNA_D07__pv	7174	2383	3682	5554	5291	547	980
LP6008269-DNA_D08_vs_LP6008268-DNA_D08__pv	60728	0	659	47893	2055	0	0
LP6008269-DNA_D09_vs_LP6008268-DNA_D09__pv	4905	680591	257925	0	0	114301	26215
LP6008269-DNA_D10_vs_LP6008268-DNA_D10__pv	3174	6062	3179	4564	5683	1958	2115
LP6008269-DNA_E01_vs_LP6008268-DNA_E01__pv	2657	2766	2440	845	4398	1112	854
LP6008269-DNA_E02_vs_LP6008268-DNA_G02__pv	6754	1369	2920	6262	2014	617	2374
LP6008269-DNA_E03_vs_LP6008268-DNA_G03__pv	370	2442	3679	1952	2736	255	604
LP6008269-DNA_E04_vs_LP6008268-DNA_G04__pv	26772	1221	2952	10450	5197	307	691
LP6008269-DNA_E06_vs_LP6008268-DNA_F06__pv	223	2916	1456	286	1250	577	655
LP6008269-DNA_E07_vs_LP6008268-DNA_E07__pv	10616	11517	23399	498	7689	47466	0
LP6008269-DNA_E08_vs_LP6008268-DNA_E08__pv	3478	3688	1546	3651	2573	1140	1757
LP6008269-DNA_E09_vs_LP6008268-DNA_E09__pv	288	2033	1694	297	887	390	666
LP6008269-DNA_E10_vs_LP6008268-DNA_E10__pv	8706	5488	2924	3127	4547	302	1888
LP6008269-DNA_F01_vs_LP6008268-DNA_H01__pv	814	1100	1181	270	659	114	146
LP6008269-DNA_F02_vs_LP6008268-DNA_H02__pv	3914	4028	2045	1282	3043	602	1560
LP6008269-DNA_F03_vs_LP6008268-DNA_H03__pv	4361	3215	2720	0	4568	1312	2719
LP6008269-DNA_F04_vs_LP6008268-DNA_H04__pv	1043	1571	3232	859	3244	0	1051
LP6008269-DNA_F06_vs_LP6008268-DNA_G06__pv	1804	3148	2615	849	2436	202	696
LP6008269-DNA_F07_vs_LP6008268-DNA_F07__pv	0	1043	2627	222	167	286	143
LP6008269-DNA_F08_vs_LP6008268-DNA_F08__pv	14421	4322	1719	615	2979	137	1735
LP6008269-DNA_F09_vs_LP6008268-DNA_F09__pv	1521	3324	3431	1123	2623	1014	990
LP6008269-DNA_G01_vs_LP6008268-DNA_A02__pv	3884	1268	835	8191	542	100	185
LP6008269-DNA_G02_vs_LP6008268-DNA_A03__pv	2966	2861	3076	707	2115	229	1411
LP6008269-DNA_G03_vs_LP6008268-DNA_A04__pv	20214	1287	2355	16855	3008	763	773
LP6008269-DNA_G04_vs_LP6008268-DNA_A05__pv	1068	1380	3076	737	949	607	333
LP6008269-DNA_G06_vs_LP6008268-DNA_H06__pv	16079	1421	4830	16693	2547	0	1631
LP6008269-DNA_G07_vs_LP6008268-DNA_G07__pv	9004	263	1338	8039	980	254	306
LP6008269-DNA_G08_vs_LP6008268-DNA_G08__pv	4221	3569	2728	2634	2378	918	1015
LP6008269-DNA_G09_vs_LP6008268-DNA_G09__pv	0	39	33	4	4	21	0
LP6008269-DNA_H01_vs_LP6008268-DNA_B02__pv	80	638	641	31	90	0	24
LP6008269-DNA_H02_vs_LP6008268-DNA_B03__pv	22012	2272	3713	9226	1856	983	774
LP6008269-DNA_H03_vs_LP6008268-DNA_B04__pv	841	1706	3588	2942	1552	440	1443
LP6008269-DNA_H05_vs_LP6008268-DNA_A06__pv	5629	6096	5256	1511	4977	943	3263
LP6008269-DNA_H06_vs_LP6008268-DNA_A07__pv	9199	4476	2765	1376	3735	1208	1687
LP6008269-DNA_H07_vs_LP6008268-DNA_H07__pv	4679	1115	1525	11320	1884	543	1015
LP6008269-DNA_H08_vs_LP6008268-DNA_H08__pv	889	10674	1437	2721	4794	747	5215
LP6008269-DNA_H09_vs_LP6008268-DNA_H09__pv	25668	8000	87	16166	103	2963	3623
LP6008280-DNA_A01_vs_LP6008264-DNA_A01__pv	3155	2669	2867	2304	4110	611	1392
LP6008280-DNA_A02_vs_LP6008264-DNA_A02__pv	5868	2573	1131	1473	2344	398	638
LP6008280-DNA_A03_vs_LP6008264-DNA_A03__pv	1934	2358	8221	614	3341	529	1274
LP6008280-DNA_A04_vs_LP6008264-DNA_H03__pv	1629	4646	525	6039	1399	698	2030
LP6008280-DNA_A05_vs_LP6008264-DNA_H04__pv	2519	1225	1224	295	1268	14	136
LP6008280-DNA_A07_vs_LP6008264-DNA_H06__pv	3458	1096	1343	764	921	398	290
LP6008280-DNA_B01_vs_LP6008264-DNA_B01__pv	954	0	9801	1955	5706	30123	1312
LP6008280-DNA_B02_vs_LP6008264-DNA_B02__pv	167	1484	3422	0	1568	667	338
LP6008280-DNA_B03_vs_LP6008264-DNA_B03__pv	700	1152	3132	187	2344	268	3804
LP6008280-DNA_B04_vs_LP6008264-DNA_A04__pv	22	89	16	0	0	43	5
LP6008280-DNA_B05_vs_LP6008264-DNA_A05__pv	8698	3935	3865	4941	8148	285	802
LP6008280-DNA_C01_vs_LP6008264-DNA_C01__pv	30306	2554	4372	7048	3368	28	885
LP6008280-DNA_C02_vs_LP6008264-DNA_C02__pv	13191	2721	2813	9278	1446	848	3698
LP6008280-DNA_C03_vs_LP6008264-DNA_C03__pv	2183	0	3041	1941	9091	182	17822
LP6008280-DNA_C04_vs_LP6008264-DNA_B04__pv	10	119	28	0	0	65	7
LP6008280-DNA_C05_vs_LP6008264-DNA_B05__pv	2069	2413	3369	1004	1741	607	399
LP6008280-DNA_C06_vs_LP6008264-DNA_B06__pv	5960	1039	1390	4415	1041	267	140
LP6008280-DNA_D02_vs_LP6008264-DNA_D02__pv	9614	4261	1367	2259	2185	912	1731
LP6008280-DNA_D03_vs_LP6008264-DNA_H01__pv	0	170	160	6	6	40	2
LP6008280-DNA_D05_vs_LP6008264-DNA_E04__pv	3594	1397	2095	2361	916	308	524
LP6008280-DNA_E01_vs_LP6008264-DNA_E01__pv	12539	4637	3222	0	4176	463	1097
LP6008280-DNA_E02_vs_LP6008264-DNA_E02__pv	13326	4277	3439	10367	3097	721	2853
LP6008280-DNA_E03_vs_LP6008264-DNA_D03__pv	6131	1288	1165	3230	1356	162	497
LP6008280-DNA_E04_vs_LP6008264-DNA_D04__pv	10904	1323	6858	2731	6362	0	207
LP6008280-DNA_E05_vs_LP6008264-DNA_D05__pv	3331	777	1005	6599	314	66	149
LP6008280-DNA_F01_vs_LP6008264-DNA_F01__pv	15409	10606	3226	3476	5842	1058	2501
LP6008280-DNA_F02_vs_LP6008264-DNA_F02__pv	4830	3966	6167	3826	3835	1407	509
LP6008280-DNA_F03_vs_LP6008264-DNA_E03__pv	26737	791	2186	23356	1805	445	1092
LP6008280-DNA_F05_vs_LP6008264-DNA_E05__pv	2739	1677	1959	2611	2048	512	648
LP6008280-DNA_F06_vs_LP6008264-DNA_E06__pv	5159	1327	4437	1803	2351	479	0
LP6008280-DNA_G01_vs_LP6008264-DNA_G01__pv	392	402	104	617	55	183	50
LP6008280-DNA_G02_vs_LP6008264-DNA_G02__pv	385	2192	1789	345	2433	930	956
LP6008280-DNA_G03_vs_LP6008264-DNA_F03__pv	975	2229	2871	461	2162	673	591
LP6008280-DNA_G04_vs_LP6008264-DNA_F04__pv	1988	1612	2399	594	1371	478	1511
LP6008280-DNA_G05_vs_LP6008264-DNA_F05__pv	3883	1890	4281	2465	3206	433	565
LP6008280-DNA_G06_vs_LP6008264-DNA_F06__pv	69	935	976	51	574	33	152
LP6008280-DNA_H01_vs_LP6008264-DNA_H01__pv	2069	2824	3670	1075	3883	906	762
LP6008280-DNA_H02_vs_LP6008264-DNA_H02__pv	15253	6804	1074	10274	4181	1541	3403
LP6008280-DNA_H04_vs_LP6008264-DNA_G04__pv	8966	2021	5239	1717	2897	707	553
LP6008280-DNA_H05_vs_LP6008264-DNA_G05__pv	5157	1648	1982	16	1755	435	325
LP6008280-DNA_H06_vs_LP6008264-DNA_G06__pv	13645	1528	2078	7914	5075	0	934
LP6008334-DNA_A01_vs_LP6008335-DNA_A01__pv	105351	4179	0	24969	0	4338	0
LP6008334-DNA_A03_vs_LP6008335-DNA_E02__pv	5357	2208	3609	4645	4991	1405	8637
LP6008334-DNA_A04_vs_LP6008335-DNA_E03__pv	2294	4282	5109	1720	6180	1337	1149
LP6008334-DNA_B01_vs_LP6008335-DNA_B01__pv	5738	3474	3827	2910	3278	100	1015
LP6008334-DNA_B02_vs_LP6008335-DNA_F01__pv	4613	3561	1448	2036	4107	74	1149
LP6008334-DNA_B03_vs_LP6008335-DNA_F02__pv	35894	3117	37697	35911	8584	93196	0
LP6008334-DNA_C01_vs_LP6008335-DNA_C01__pv	4297	3803	4010	1722	4349	456	1342
LP6008334-DNA_C02_vs_LP6008335-DNA_G01__pv	3419	3328	4057	3504	7203	0	5866
LP6008334-DNA_C03_vs_LP6008335-DNA_G02__pv	2099	6526	4539	5415	3057	2050	1859
LP6008334-DNA_D01_vs_LP6008335-DNA_D01__pv	5182	2388	2603	850	2884	382	1585
LP6008334-DNA_D02_vs_LP6008335-DNA_H01__pv	6662	7184	1458	8678	4561	1829	2722
LP6008334-DNA_D03_vs_LP6008335-DNA_H02__pv	15343	7271	1557	5640	16937	710	2453
LP6008334-DNA_E01_vs_LP6008335-DNA_A01__pv	2954	667	902	2947	529	135	1374
LP6008334-DNA_E02_vs_LP6008335-DNA_A02__pv	5474	3813	2299	2033	4213	594	1211
LP6008334-DNA_E03_vs_LP6008335-DNA_A03__pv	3894	7374	4087	3314	5986	1804	2073
LP6008334-DNA_F01_vs_LP6008335-DNA_B01__pv	485	1843	6089	672	6577	188	164
LP6008334-DNA_F02_vs_LP6008335-DNA_B02__pv	7999	1769	2172	2153	3043	49	575
LP6008334-DNA_F03_vs_LP6008335-DNA_B03__pv	756	2527	4470	411	3503	343	540
LP6008334-DNA_G01_vs_LP6008335-DNA_C01__pv	1669	1026	1152	604	1399	278	234
LP6008334-DNA_G02_vs_LP6008335-DNA_C02__pv	4908	3787	1982	2553	2922	525	1553
LP6008334-DNA_G03_vs_LP6008335-DNA_C03__pv	0	2168	2774	50	1637	485	1585
LP6008334-DNA_H01_vs_LP6008335-DNA_D01__pv	2534	3008	2234	760	3063	908	845
LP6008334-DNA_H02_vs_LP6008335-DNA_D02__pv	1611	6646	3782	1827	4016	676	1279
LP6008334-DNA_H03_vs_LP6008335-DNA_D03__pv	7409	4045	3873	8193	3023	910	3768
LP6008336-DNA_A01_vs_LP6008333-DNA_A01__pv	0	4381	2275	340	4007	779	929
LP6008336-DNA_A02_vs_LP6008333-DNA_A02__pv	0	1886	2330	85	1179	376	600
LP6008336-DNA_A03_vs_LP6008333-DNA_A03__pv	42	1615	946	86	1374	32	522
LP6008336-DNA_B01_vs_LP6008333-DNA_B01__pv	509	2296	2233	438	1898	131	1113
LP6008336-DNA_B02_vs_LP6008333-DNA_B02__pv	1900	1310	3345	2526	724	445	1062
LP6008336-DNA_B03_vs_LP6008333-DNA_B03__pv	62	734	754	34	130	67	39
LP6008336-DNA_C01_vs_LP6008333-DNA_C01__pv	239	3677	1637	633	6779	991	2244
LP6008336-DNA_C02_vs_LP6008333-DNA_C02__pv	3274	924	886	969	1601	183	194
LP6008336-DNA_C03_vs_LP6008333-DNA_C03__pv	511	3004	2604	863	2914	913	1971
LP6008336-DNA_D01_vs_LP6008333-DNA_D01__pv	4584	9593	16047	0	2594	36213	1290
LP6008336-DNA_D02_vs_LP6008333-DNA_D02__pv	0	118	40	2	0	11	0
LP6008336-DNA_D03_vs_LP6008333-DNA_D03__pv	12809	6344	2306	8223	6021	242	2111
LP6008336-DNA_E01_vs_LP6008333-DNA_E01__pv	14381	4436	1736	0	3646	407	1572
LP6008336-DNA_E02_vs_LP6008333-DNA_E02__pv	21220	1229	3386	19453	2291	268	542
LP6008336-DNA_E03_vs_LP6008333-DNA_E03__pv	408	1767	1356	429	596	275	394
LP6008336-DNA_F02_vs_LP6008333-DNA_F02__pv	1608	2806	1292	732	2699	724	2579
LP6008336-DNA_F03_vs_LP6008333-DNA_F03__pv	1991	5389	6091	534	3920	235	9579
LP6008336-DNA_G01_vs_LP6008333-DNA_G01__pv	2809	3119	2643	136	2519	164	580
LP6008336-DNA_G02_vs_LP6008333-DNA_G02__pv	2932	5407	655	3514	1382	929	1419
LP6008336-DNA_G03_vs_LP6008333-DNA_G03__pv	4098	6137	1776	1373	7305	594	2037
LP6008336-DNA_H01_vs_LP6008333-DNA_H01__pv	3949	4734	3292	1879	7128	651	1840
LP6008336-DNA_H02_vs_LP6008333-DNA_H02__pv	0	47	47	1	0	36	0
LP6008336-DNA_H03_vs_LP6008333-DNA_H03__pv	60	1380	1905	951	9500	0	1124
LP6008337-DNA_A01_vs_LP6008338-DNA_A01__pv	1917	1256	887	579	940	166	401
LP6008337-DNA_A02_vs_LP6008338-DNA_A02__pv	2057	1786	1567	663	1835	399	859
LP6008337-DNA_A03_vs_LP6008338-DNA_A03__pv	4434	3387	1766	3011	2632	649	2047
LP6008337-DNA_A04_vs_LP6008338-DNA_A04__pv	1808	953	1078	865	947	20	168
LP6008337-DNA_A06_vs_LP6008338-DNA_G05__pv	5806	3392	2823	2084	5088	1137	1843
LP6008337-DNA_A07_vs_LP6008338-DNA_E06__pv	0	0	986	26	377	640	10826
LP6008337-DNA_B02_vs_LP6008338-DNA_B02__pv	301	1415	1415	409	796	153	323
LP6008337-DNA_B03_vs_LP6008338-DNA_B03__pv	2062	1475	1682	1050	1492	221	420
LP6008337-DNA_B04_vs_LP6008338-DNA_B04__pv	6197	701343	264710	0	0	115736	24814
LP6008337-DNA_B05_vs_LP6008338-DNA_A05__pv	4054	1429	1509	1709	1358	20	296
LP6008337-DNA_B07_vs_LP6008338-DNA_F06__pv	3101	4813	2975	1165	6481	1356	1348
LP6008337-DNA_C01_vs_LP6008338-DNA_C01__pv	6412	2824	4115	3202	2783	176	1207
LP6008337-DNA_C02_vs_LP6008338-DNA_C02__pv	0	1468	2419	259	2477	394	577
LP6008337-DNA_C03_vs_LP6008338-DNA_C03__pv	7422	1013	4366	1540	3560	581	764
LP6008337-DNA_C04_vs_LP6008338-DNA_C04__pv	3428	1419	1177	5853	1074	220	541
LP6008337-DNA_C05_vs_LP6008338-DNA_B05__pv	4331	1854	1870	2053	3609	104	420
LP6008337-DNA_D01_vs_LP6008338-DNA_D01__pv	924	1139	1902	0	1146	463	205
LP6008337-DNA_D02_vs_LP6008338-DNA_D02__pv	506	789	739	285	462	163	116
LP6008337-DNA_D03_vs_LP6008338-DNA_D03__pv	1747	2694	3579	692	2563	245	488
LP6008337-DNA_D04_vs_LP6008338-DNA_D04__pv	905	1033	531	291	929	186	175
LP6008337-DNA_D05_vs_LP6008338-DNA_C05__pv	368	888	1945	0	1467	152	139
LP6008337-DNA_D06_vs_LP6008338-DNA_A06__pv	32482	5743	3116	16372	11540	920	1655
LP6008337-DNA_E01_vs_LP6008338-DNA_E01__pv	7256	917	1873	2743	2013	159	138
LP6008337-DNA_E03_vs_LP6008338-DNA_E03__pv	4379	2011	1841	1570	1780	659	729
LP6008337-DNA_E04_vs_LP6008338-DNA_E04__pv	6370	1726	2421	3835	5356	241	460
LP6008337-DNA_E05_vs_LP6008338-DNA_D05__pv	3371	1012	1904	2099	1131	295	164
LP6008337-DNA_F01_vs_LP6008338-DNA_F01__pv	342	728	647	96	528	52	183
LP6008337-DNA_F02_vs_LP6008338-DNA_F02__pv	3749	3112	3150	2191	3306	566	1063
LP6008337-DNA_F03_vs_LP6008338-DNA_F03__pv	3765	1753	1857	1919	2522	0	342
LP6008337-DNA_F04_vs_LP6008338-DNA_F04__pv	11419	2795	5844	4888	3791	429	0
LP6008337-DNA_F05_vs_LP6008338-DNA_E05__pv	5305	4257	6298	3586	8209	636	2066
LP6008337-DNA_F06_vs_LP6008338-DNA_C06__pv	19774	991	2030	8137	2333	233	503
LP6008337-DNA_G01_vs_LP6008338-DNA_G01__pv	3336	2603	4570	1822	4046	267	753
LP6008337-DNA_G02_vs_LP6008338-DNA_G02__pv	6509	1808	1620	1287	2224	160	341
LP6008337-DNA_G03_vs_LP6008338-DNA_G03__pv	8263	2055	3023	3986	4379	259	638
LP6008337-DNA_G04_vs_LP6008338-DNA_G04__pv	5804	1237	3287	0	1548	242	31
LP6008337-DNA_G05_vs_LP6008338-DNA_F05__pv	3919	1909	1240	406	1812	371	670
LP6008337-DNA_G06_vs_LP6008338-DNA_C06__pv	21293	1506	4270	5694	3486	311	212
LP6008337-DNA_H01_vs_LP6008338-DNA_H01__pv	679	870	1983	472	1079	101	73
LP6008337-DNA_H02_vs_LP6008338-DNA_H02__pv	56217	356	2606	33656	4632	214	340
LP6008337-DNA_H03_vs_LP6008338-DNA_H03__pv	2311	2500	2008	936	1397	304	179
LP6008337-DNA_H04_vs_LP6008338-DNA_H04__pv	4878	1311	1525	4839	1471	334	507
LP6008337-DNA_H06_vs_LP6008338-DNA_D06__pv	14876	3875	1723	15920	4451	1199	1958
LP6008341-DNA_A01_vs_LP6008340-DNA_A01__pv	4463	1195	4017	3292	3296	0	176
LP6008341-DNA_A03_vs_LP6008340-DNA_F02__pv	12540	699752	265256	1530	0	114344	25362
LP6008341-DNA_B01_vs_LP6008340-DNA_B01__pv	10747	3664	1186	13256	2359	561	2541
LP6008341-DNA_B03_vs_LP6008340-DNA_G02__pv	1280	1131	1842	464	885	307	302
LP6008341-DNA_C01_vs_LP6008340-DNA_C01__pv	8894	1380	2627	2346	1937	371	1207
LP6008341-DNA_D01_vs_LP6008340-DNA_D01__pv	18070	4799	5101	8294	5062	821	2608
LP6008341-DNA_D02_vs_LP6008340-DNA_A02__pv	0	97	68	9	7	35	12
LP6008341-DNA_E01_vs_LP6008340-DNA_E01__pv	3856	1064	922	4304	1340	189	954
LP6008341-DNA_E02_vs_LP6008340-DNA_B02__pv	11969	1605	1476	4412	3263	290	504
LP6008341-DNA_F01_vs_LP6008340-DNA_F01__pv	2964	1546	1901	2529	2654	197	296
LP6008341-DNA_F02_vs_LP6008340-DNA_C02__pv	2738	4101	2833	2110	2385	148	1403
LP6008341-DNA_G01_vs_LP6008340-DNA_G01__pv	4353	2938	3835	3011	3216	1056	859
LP6008341-DNA_G02_vs_LP6008340-DNA_D02__pv	1013	1445	1934	720	1090	173	402
LP6008341-DNA_H01_vs_LP6008340-DNA_H01__pv	11447	5111	4011	11192	6624	2220	3757
LP6008341-DNA_H02_vs_LP6008340-DNA_E02__pv	3102	980	1753	4753	1408	203	334
LP6008460-DNA_A01_vs_LP6008340-DNA_A02__pv	4027	3057	5480	2128	1268	0	1121
LP6008460-DNA_A02_vs_LP6008340-DNA_C04__pv	8585	1827	4057	4281	2782	725	1378
LP6008460-DNA_A03_vs_LP6008340-DNA_G04__pv	4477	3260	1829	2905	4105	965	2857
LP6008460-DNA_A04_vs_LP6008340-DNA_D05__pv	2178	4030	4932	1449	3422	1229	1299
LP6008460-DNA_B01_vs_LP6008340-DNA_A03__pv	1263	1105	6870	753	2082	487	1409
LP6008460-DNA_B02_vs_LP6008340-DNA_D02__pv	6645	8069	4452	1986	5198	1282	2281
LP6008460-DNA_B03_vs_LP6008340-DNA_H03__pv	1312	2476	3599	370	2383	0	1597
LP6008460-DNA_B04_vs_LP6008340-DNA_F02__pv	8193	626736	226161	4182	0	96083	24042
LP6008460-DNA_C01_vs_LP6008340-DNA_B03__pv	2385	6293	2768	1513	5392	1207	6814
LP6008460-DNA_C02_vs_LP6008340-DNA_D03__pv	174	1850	1449	195	1832	617	1364
LP6008460-DNA_C03_vs_LP6008340-DNA_H05__pv	3936	2373	2421	1767	1330	596	738
LP6008460-DNA_C04_vs_LP6008340-DNA_F03__pv	5254	16372	20984	0	1456	66998	0
LP6008460-DNA_D01_vs_LP6008340-DNA_E02__pv	0	2544	1567	21414	1908	719	3264
LP6008460-DNA_D02_vs_LP6008340-DNA_E03__pv	663	4277	419	172	3375	681	1336
LP6008460-DNA_D03_vs_LP6008340-DNA_A05__pv	2362	2706	3201	1368	1502	538	1587
LP6008460-DNA_E01_vs_LP6008340-DNA_F04__pv	1057	2932	2173	1399	2527	101	1030
LP6008460-DNA_E02_vs_LP6008340-DNA_E04__pv	563	5812	2635	242	6653	354	2803
LP6008460-DNA_E03_vs_LP6008340-DNA_B06__pv	2380	5998	5263	1354	9723	557	2207
LP6008460-DNA_E04_vs_LP6008340-DNA_H02__pv	4280	3574	3542	1724	4186	718	1847
LP6008460-DNA_F01_vs_LP6008340-DNA_B02__pv	13192	3072	2996	4646	3685	673	869
LP6008460-DNA_F02_vs_LP6008340-DNA_E05__pv	4102	3635	4455	4392	13963	2716	2163
LP6008460-DNA_F03_vs_LP6008340-DNA_C03__pv	42984	718	1929	16963	2291	413	26
LP6008460-DNA_F04_vs_LP6008340-DNA_H04__pv	4018	8289	3820	2292	5921	509	1900
LP6008460-DNA_G01_vs_LP6008340-DNA_B04__pv	6968	9201	16790	5288	0	61955	674
LP6008460-DNA_G02_vs_LP6008340-DNA_G02__pv	3878	3580	3016	2125	4130	1042	1574
LP6008460-DNA_G03_vs_LP6008340-DNA_C05__pv	10300	4198	2577	8851	3352	1465	1846
LP6008460-DNA_H01_vs_LP6008340-DNA_C02__pv	3238	3452	3241	2570	2263	79	1590
LP6008460-DNA_H02_vs_LP6008340-DNA_G03__pv	5966	1562	1755	2060	1353	278	421
LP6008460-DNA_H03_vs_LP6008340-DNA_D04__pv	10180	2870	2743	6319	3041	269	1173
PD44724a_vs_PD44724b__pv	11082	2362	5381	5812	3641	943	2846
PD44725a_vs_PD44725b__pv	3474	2349	3090	2836	2146	909	658
PD44726a_vs_PD44726b__pv	2838	910	1650	513	1828	34	534
PD44727a_vs_PD44727b__pv	12182	5083	3626	3683	1898	102	1363
PD44728a_vs_PD44728b__pv	2095	4496	3173	540	3725	1164	2661
PD44729a_vs_PD44729b__pv	590	2771	4717	272	3652	371	839
PD44730a_vs_PD44730b__pv	5638	3762	3048	2816	2816	375	1377
PD44731a_vs_PD44731b__pv	763	1653	4874	814	1821	575	932
PD44732a_vs_PD44732b__pv	455	1731	2990	34	1447	199	1087
PD44733a_vs_PD44733b__pv	0	7945	15924	1443	805	63628	959
PD44734a_vs_PD44734b__pv	8126	5245	3313	2549	4052	608	2128
PD44735a_vs_PD44735b__pv	4813	2739	6060	1888	4762	861	1374
PD44736a_vs_PD44736b__pv	1946	4554	3459	3606	4236	1515	1421
PD44737a_vs_PD44737b__pv	3294	3886	4586	2237	5310	378	1641
PD44738a_vs_PD44738b__pv	12238	8151	4460	8830	5059	563	1829
PD44739a_vs_PD44739b__pv	6448	3497	2785	2462	3873	506	839
PD44740a_vs_PD44740b__pv	50473	5903	3254	14921	3395	966	1770
PD44741a_vs_PD44741b__pv	1154	4194	3100	499	1846	551	1950
PD44742a_vs_PD44742b__pv	2348	5459	1484	6850	4276	2959	5149
PD44743a_vs_PD44743b__pv	3067	3269	3355	454	3555	338	1077
PD44744a_vs_PD44744b__pv	20866	245	4330	8817	1654	591	5430
PD44745a_vs_PD44745b__pv	22694	6327	5620	7007	5098	690	4315
PD44746a_vs_PD44746b__pv	230	1581	1554	265	1887	636	742
PD44747a_vs_PD44747b__pv	4356	2105	2291	3222	2515	372	837
PD44749a_vs_PD44749b__pv	3129	2002	939	2851	902	296	1348
PD44751a_vs_PD44751b__pv	1418	328	1063	628	773	263	84
PD44752a_vs_PD44752b__pv	3041	1785	3512	307	6534	0	1051
PD44753a_vs_PD44753b__pv	750	4167	2360	549	1831	690	1342
PD44758a_vs_PD44758b__pv	7711	1926	1763	2941	1304	713	633
PD44759a_vs_PD44759b__pv	3265	3529	2406	2024	3850	691	1037
PD44760a_vs_PD44760b__pv	1925	3617	2565	3456	2065	510	1003
PD44761a_vs_PD44761b__pv	736	4368	5346	801	3186	340	640
PD44762a_vs_PD44762b__pv	155	2098	2266	229	927	460	919
PD44763a_vs_PD44763b__pv	4265	3052	3416	1922	3678	843	1418
PD44764a_vs_PD44764b__pv	546	3175	2231	1361	1571	785	3275
PD44765a_vs_PD44765b__pv	18637	2856	3957	28312	3020	844	2726
PD44766a_vs_PD44766b__pv	2689	0	29706	897	0	58455	0
PD44767a_vs_PD44767b__pv	7213	4497	2073	16651	2061	2149	1969
PD44769a_vs_PD44769b__pv	363	2935	2431	31	2206	270	947
PD44770a_vs_PD44770b__pv	1635	0	9845	5334	1011	24647	347
PD44772a_vs_PD44772b__pv	4520	6152	3206	1197	6195	760	4139
PD44773a_vs_PD44773b__pv	6340	3372	9658	1974	1901	118	153
PD44774a_vs_PD44774b__pv	134	2000	3914	369	422	133	1126
PD44775a_vs_PD44775b__pv	0	0	57396	802	0	48752	0
PD44776a_vs_PD44776b__pv	11157	5721	1022	17947	1969	1123	2825
PD44777a_vs_PD44777b__pv	1295	2667	3763	336	4669	914	656
PD44778a_vs_PD44778b__pv	1539	5870	3851	6920	1702	948	1903
PD44780a_vs_PD44780b__pv	96	1279	1774	89	2212	0	431
PD44781a_vs_PD44781b__pv	22110	3497	3638	5658	2457	1946	2897
PD44782a_vs_PD44782b__pv	22853	1611	2510	16604	2932	767	3971
PD44783a_vs_PD44783b__pv	3726	8628	499	2075	3867	1205	1120
PD44784a_vs_PD44784b__pv	728	5216	4466	798	6831	538	1198
PD44785a_vs_PD44785b__pv	15855	4181	1886	5143	2210	1163	1277
PD44786a_vs_PD44786b__pv	1417	1266	1652	213	742	398	632
PD44787a_vs_PD44787b__pv	889	2656	3723	1461	5479	123	1017
PD44788a_vs_PD44788b__pv	3677	3997	2593	1593	6828	734	2888
PD44789a_vs_PD44789b__pv	6085	5777	3903	3832	4212	908	3355
PD44790a_vs_PD44790b__pv	5952	2725	1620	6412	3181	623	1326
PD44791a_vs_PD44791b__pv	4785	555	1215	2019	1017	215	0
PD44792a_vs_PD44792b__pv	13440	2773	933	12509	3088	856	2093
PD44793a_vs_PD44793b__pv	585	1874	3203	351	2154	483	814
PD44794a_vs_PD44794b__pv	462	4743	2036	247	3427	188	2487
PD44795a_vs_PD44795b__pv	16589	639	1099	13163	2283	816	599
PD44796a_vs_PD44796b__pv	2987	7993	4099	2329	4406	1433	2169
PD44797a_vs_PD44797b__pv	5888	5262	4876	2472	8137	1838	2511
PD44798a_vs_PD44798b__pv	1908	1983	2661	556	2666	291	656
PD44799a_vs_PD44799b__pv	2234	2664	3696	617	3262	584	847
PD44800a_vs_PD44800b__pv	4618	2981	3502	1733	4542	636	1759
PD44801a_vs_PD44801b__pv	6181	1148	4203	2497	4059	467	331
PD44802a_vs_PD44802b__pv	135	1463	1465	310	883	276	343
PD44803a_vs_PD44803b__pv	6621	5625	5221	4611	8120	717	1311
PD44804a_vs_PD44804b__pv	1532	1379	1194	752	1112	291	281
PD44805a_vs_PD44805b__pv	15428	965	3426	22880	1444	725	3830
PD44807a_vs_PD44807b__pv	401	2554	1765	225	867	244	1397
PD44808a_vs_PD44808b__pv	565	4272	2332	866	2499	760	3641
PD44809a_vs_PD44809b__pv	1710	4548	3442	1721	3330	288	1409
PD44810a_vs_PD44810b__pv	9492	4177	5111	4345	1746	1929	4431
PD44811a_vs_PD44811b__pv	4053	2115	1702	1563	2599	1164	1242
PD44813a_vs_PD44813b__pv	3367	2930	2677	3999	1666	976	1140
PD44814a_vs_PD44814b__pv	682	5821	3223	1033	4173	634	1257
PD44815a_vs_PD44815b__pv	2655	3351	1225	1741	2001	863	2160
PD44816a_vs_PD44816b__pv	2196	2464	5419	904	3571	631	770
PD44817a_vs_PD44817b__pv	122	3989	1361	0	5025	295	1791
PD44818a_vs_PD44818b__pv	7610	2479	2234	6774	2271	402	904
PD44819a_vs_PD44819b__pv	23823	4875	3826	13728	4925	573	1697
PD44820a_vs_PD44820b__pv	1848	1973	2963	1422	2742	695	982
PD44821a_vs_PD44821b__pv	6512	3007	3537	3716	3404	448	1419
PD44823a_vs_PD44823b__pv	1399	2386	1930	393	1552	574	1172
PD44824a_vs_PD44824b__pv	3925	2596	5479	4314	3771	912	2624
PD44825a_vs_PD44825b__pv	1114	6204	30028	10982	4014	65212	3478
PD44826a_vs_PD44826b__pv	3075	3327	3996	1729	3957	900	1482
PD44827a_vs_PD44827b__pv	1579	2445	1485	1180	2692	1417	1071
PD44828a_vs_PD44828b__pv	13769	1525	4170	6415	3918	763	753
PD44829a_vs_PD44829b__pv	5337	8085	7830	1326	10538	1050	2275
PD44830a_vs_PD44830b__pv	4765	1736	4662	1781	7918	149	949
PD44831a_vs_PD44831b__pv	32860	4404	3070	8624	318	2625	2617
PD44832a_vs_PD44832b__pv	0	0	20329	5152	4737	45825	1660
PD44833a_vs_PD44833b__pv	20722	3462	1865	10235	3529	781	940
PD44834a_vs_PD44834b__pv	2482	4546	2494	1979	1613	773	1951
PD44835a_vs_PD44835b__pv	2973	2599	1425	1015	5339	336	2110
PD44836a_vs_PD44836b__pv	2476	6857	6879	3659	4169	2070	2006
PD44837a_vs_PD44837b__pv	1199	1038	1211	359	1147	0	319
PD44838a_vs_PD44838b__pv	1019	7490	5540	567	5608	26	3071
PD44839a_vs_PD44839b__pv	124	2641	3361	2035	1894	871	2980
PD44840a_vs_PD44840b__pv	5156	2977	2679	3453	2390	705	776
PD44841a_vs_PD44841b__pv	9715	6701	19431	6230	1502	51315	1224
PD44842a_vs_PD44842b__pv	542	1640	2449	551	2082	512	1061
PD44843a_vs_PD44843b__pv	5434	5198	5087	11296	4697	727	2395
PD44844a_vs_PD44844b__pv	135	1917	2638	447	3204	244	806
PD44845a_vs_PD44845b__pv	4580	2865	4057	271	3866	0	1546
PD44846a_vs_PD44846b__pv	10526	2485	1805	0	2894	960	530
PD44847a_vs_PD44847b__pv	2931	2245	4194	2568	2167	383	685
PD44848a_vs_PD44848b__pv	9258	10775	3011	15557	4465	2783	5238
PD44849a_vs_PD44849b__pv	919	4603	4017	348	6222	1019	2320
PD44850a_vs_PD44850b__pv	5208	3314	5457	8090	2138	916	1288
PD44851a_vs_PD44851b__pv	3482	1818	3757	1639	2184	873	2690
PD44852a_vs_PD44852b__pv	2943	6397	4089	3814	3790	865	1026
PD44853a_vs_PD44853b__pv	2841	879	3513	1907	4383	428	529
PD44854a_vs_PD44854b__pv	3305	3366	3423	2026	3072	599	1894
PD44855a_vs_PD44855b__pv	6174	2948	2806	1203	3916	459	1128
PD44856a_vs_PD44856b__pv	18707	2614	4596	5172	2463	180	785
PD44857a_vs_PD44857b__pv	17457	1747	2350	12492	2015	849	625
PD44859a_vs_PD44859b__pv	6973	2875	6526	7735	1480	28515	2531
PD44861a_vs_PD44861b__pv	5207	5050	2820	2034	4230	1267	2018
PD44862a_vs_PD44862b__pv	1313	4039	1572	2144	313	826	6923
PD44863a_vs_PD44863b__pv	5672	667	3544	5019	4470	0	2539
PD44864a_vs_PD44864b__pv	9141	2977	2497	5792	2373	265	1822
PD44904a_vs_PD44904b__pv	17061	11837	3288	5861	4909	1519	1497
PD44905a_vs_PD44905b__pv	1411	6810	2451	956	2064	967	3411
PD44906a_vs_PD44906b__pv	2925	4302	1544	1806	1964	640	1004
PD44908a_vs_PD44908b__pv	6696	3008	3139	7833	1699	830	1057
PD44909a_vs_PD44909b__pv	509	1272	3819	155	2575	0	39
PD44910a_vs_PD44910b__pv	7189	2214	4109	1997	4704	895	1388
PD44912a_vs_PD44912b__pv	31944	3260	3334	9567	5087	188	2588
PD44913a_vs_PD44913b__pv	1057	4924	2245	1571	2815	629	1113
PD44914a_vs_PD44914b__pv	508	7844	2447	3169	2870	1041	2856
PD44915a_vs_PD44915b__pv	2971	2103	1530	3489	3766	259	987
PD44916a_vs_PD44916b__pv	732	2951	2748	925	1790	202	1511
PD44917a_vs_PD44917b__pv	0	1271	767	107	633	67	665
PD44918a_vs_PD44918b__pv	4928	1302	2918	3013	2391	270	1492
PD44919a_vs_PD44919b__pv	9036	2027	3179	0	1981	340	709
PD44920a_vs_PD44920b__pv	11502	2499	1834	3952	1714	799	782
PD44921a_vs_PD44921b__pv	1386	1426	1044	1310	607	265	339
PD44922a_vs_PD44922b__pv	41895	7783	1746	12802	3584	768	4322
PD44923a_vs_PD44923b__pv	3459	11885	5744	1589	6240	916	4280
PD44924a_vs_PD44924b__pv	743	2434	5736	929	2515	210	838
PD44925a_vs_PD44925b__pv	4297	5509	2343	2197	7590	818	2557
PD44926a_vs_PD44926b__pv	1197	1931	4470	754	3052	318	583
PD44927a_vs_PD44927b__pv	11025	1390	3335	3216	2545	762	1020
PD44928a_vs_PD44928b__pv	5759	2423	4656	623	5279	707	457
PD44929a_vs_PD44929b__pv	9581	2851	3571	2306	2162	803	1161
PD44930a_vs_PD44930b__pv	3161	6916	1989	12498	4153	1134	5425
PD44931a_vs_PD44931b__pv	9788	0	13723	14829	2235	56640	900
PD44932a_vs_PD44932b__pv	12911	2105	2436	239	3120	363	419
PD44933a_vs_PD44933b__pv	58	1602	1886	92	70	354	5156
PD44934a_vs_PD44934b__pv	58685	1530	2618	1172	3637	1066	1205
PD44935a_vs_PD44935b__pv	1817	4757	1896	1029	4442	894	1317
PD44936a_vs_PD44936b__pv	1160	1551	2013	1093	894	533	471
PD44937a_vs_PD44937b__pv	4638	5993	4149	4512	3604	495	3671
PD44938a_vs_PD44938b__pv	7250	4762	2104	2551	3313	1541	1008
PD44939a_vs_PD44939b__pv	2195	3306	4071	763	3695	586	1659
PD44941a_vs_PD44941b__pv	1304	4416	3015	737	3747	217	1051
PD44942a_vs_PD44942b__pv	6494	1762	4064	1964	2780	249	506
PD44943a_vs_PD44943b__pv	338	2352	1911	379	2441	598	353
PD44944a_vs_PD44944b__pv	5547	3297	2886	1360	3625	1047	770
PD44945a_vs_PD44945b__pv	21061	2453	1401	13172	4197	357	1756
PD44946a_vs_PD44946b__pv	3086	3074	3398	2812	2900	134	954
PD44947a_vs_PD44947b__pv	712	981	779	220	979	95	378
PD44948a_vs_PD44948b__pv	8422	2177	2718	7565	1630	438	5116
PD44949a_vs_PD44949b__pv	4510	936	3705	1035	1524	267	3158
PD44950a_vs_PD44950b__pv	996	805	1026	291	1745	149	443
PD46225a_vs_PD46225b__pv	2881	2566	4405	3054	5726	359	2570
PD46226a_vs_PD46226b__pv	2533	3538	6625	185	3700	866	2106
PD46227a_vs_PD46227b__pv	1450	15009	0	24407	3559	2233	3252
PD46228a_vs_PD46228b__pv	11114	0	3167	3720	5238	0	599
PD46229a_vs_PD46229b__pv	12807	3028	3129	11613	4209	872	1803
PD46230a_vs_PD46230b__pv	3316	2113	2467	1364	3739	1044	7519
PD46231a_vs_PD46231b__pv	292	1469	1445	38	1345	209	1497
PD46232a_vs_PD46232b__pv	3316	3017	2566	1345	2817	0	1045
PD46233a_vs_PD46233b__pv	2923	10239	2838	7464	3345	1674	3207
PD46234a_vs_PD46234b__pv	126	2919	1433	135	1967	744	941
PD46235a_vs_PD46235b__pv	5992	1902	6654	1722	3586	410	1381
PD46236a_vs_PD46236b__pv	2530	2857	4727	1147	5174	391	652
PD46237a_vs_PD46237b__pv	20579	7438	4423	0	4495	1019	1540
PD46238a_vs_PD46238b__pv	1516	7982	59	1039	3169	741	1662
PD46239a_vs_PD46239b__pv	3624	2025	2936	1967	2062	649	809
PD46240a_vs_PD46240b__pv	735	3036	2176	723	1501	659	502
PD46241a_vs_PD46241b__pv	21657	4714	6454	4927	5899	515	1093
PD46242a_vs_PD46242b__pv	6351	474	695	79698	2208	1646	5613
PD46243a_vs_PD46243b__pv	1478	4108	4614	741	2464	1199	3202
PD46244a_vs_PD46244b__pv	370	1314	4633	0	2950	91	408
PD46245a_vs_PD46245b__pv	0	6585	1474	360	5138	168	2908
PD46246a_vs_PD46246b__pv	2965	9320	4360	6127	3817	1651	3117
PD46247a_vs_PD46247b__pv	2787	3632	8241	4195	2705	797	1475
PD46248a_vs_PD46248b__pv	27113	1845	3142	6371	1890	1374	827
PD46249a_vs_PD46249b__pv	18397	2515	4988	4966	5408	1078	391
PD46250a_vs_PD46250b__pv	0	3664	806	271	1065	618	4409
PD46251a_vs_PD46251b__pv	162	0	11834	916	1581	28953	41
PD46252a_vs_PD46252b__pv	0	0	0	3051	29769	0	1282
PD46253a_vs_PD46253b__pv	7104	3695	6039	7687	3128	408	2440
PD46254a_vs_PD46254b__pv	7978	2527	3555	3545	2897	205	1109
PD46255a_vs_PD46255b__pv	1852	2315	4641	71	3014	168	1317
PD46256a_vs_PD46256b__pv	1100	2046	3941	4508	1703	859	442
PD46257a_vs_PD46257b__pv	161	939	4990	130	2891	489	467
PD46258a_vs_PD46258b__pv	5641	3980	2248	2464	3443	407	1726
PD46259a_vs_PD46259b__pv	3128	5072	1945	2207	2358	573	2439
PD46260a_vs_PD46260b__pv	300	1707	1943	392	1891	713	4246
PD46261a_vs_PD46261b__pv	592	1977	1847	384	1488	527	698
PD46262a_vs_PD46262b__pv	773	1301	1538	793	948	117	1036
PD46263a_vs_PD46263b__pv	7830	1254	1590	652	4209	0	341
PD46264a_vs_PD46264b__pv	4332	3520	1250	2225	2984	290	1815
PD46265a_vs_PD46265b__pv	8825	2401	3741	4562	2998	588	1401
PD46267a_vs_PD46267b__pv	0	280	87	31	76	52	76
PD46268a_vs_PD46268b__pv	2386	2560	2659	0	2781	731	1146
SLX-16751	2538	823	1685	1215	1189	124	237
SLX-16752	8902	1623	1445	9601	1165	375	221
SLX-18929	205137	144768	105994	124584	131978	31242	60077
SLX-18949	24237	2192	3536	11818	3246	821	574
SLX-18950	773	1039	772	112	584	228	116
SM-4AX82_vs_SM-4AWN8__pv	3020	3990	3662	1455	5278	94	601
SM-4AX83_vs_SM-4AWN9__pv	2138	1834	760	250	1213	224	878
SM-4AX84_vs_SM-4AWNA__pv	12766	1599	2917	5181	4522	439	626
SM-4AX85_vs_SM-4AWNB__pv	407	4593	3610	425	3604	1199	1542
SM-4AX86_vs_SM-4AWNC__pv	5915	3209	2211	3766	2787	70	2190
SM-4AX87_vs_SM-4AWND__pv	76	1078	1154	198	2210	0	254
SM-4B295_vs_SM-4AWNE__pv	9939	6260	2842	5142	3441	201	2135
SM-4B296_vs_SM-4AWNF__pv	10091	12786	1530	7616	4187	1739	9579
SM-4JPP6_vs_SM-4JPUS__pv	1741	6041	2330	1259	7124	384	1515
SM-4JPP7_vs_SM-4JPUT__pv	1480	2585	2237	1124	1455	633	1378
SM-4JPP9_vs_SM-4JPUT__pv	1733	2474	2138	1065	1375	564	1290
SM-4JPPA_vs_LP6005333-DNA_B01__pv	4295	5302	8250	1084	7954	302	2535
SM-4JPPB_vs_LP6005333-DNA_B01__pv	3580	5155	8191	1233	7871	292	2550
SM-4JPPC_vs_LP6005333-DNA_B01__pv	4572	5177	8301	952	7928	314	2548
SM-4JPUV_vs_SM-4JPUS__pv	120	1678	1156	272	1209	277	401
SM-4JPUW_vs_SM-4JPUS__pv	7	83	13	0	17	21	9
SM-4JPUX_vs_SM-4JPUT__pv	819	3031	1910	527	1209	206	989
SM-4JPUY_vs_LP6005333-DNA_B01__pv	6443	5371	8272	1460	8145	392	2548
SM-4JPUZ_vs_LP6005333-DNA_B01__pv	6345	5482	7622	1352	7913	271	2523
SM-4JPV1_vs_SM-4JPUS__pv	1370	5294	2120	1271	5992	260	1285
SM-4JPV2_vs_SM-4JPUS__pv	2165	5793	2389	1730	7137	297	1465
SS6003109_vs_SS6003108__pv	7812	3537	1795	2767	2871	240	4392
SS6003111_vs_SS6003110__pv	4238	5388	4549	2548	5433	542	1670
SS6003113_vs_SS6003112__pv	4286	426	2033	7694	2636	0	390
SS6003115_vs_SS6003114__pv	15491	2460	2418	6176	3295	238	1187
SS6003117_vs_SS6003116__pv	179	0	2842	0	655	0	7160
SS6003119_vs_SS6003118__pv	197	2371	1537	287	1376	313	500
SS6003121_vs_SS6003120__pv	4330	2760	2680	33633	1993	1159	2293
SS6003125_vs_SS6003124__pv	7126	1801	1996	4699	3115	0	743
SS6003129_vs_SS6003128__pv	10840	4615	5430	4976	5084	336	1944
SS6003131_vs_SS6003130__pv	603	1635	2380	93	2107	108	562
SS6003133_vs_SS6003132__pv	658	0	1719	0	8569	0	4249
SS6003135_vs_SS6003134__pv	24062	761	1905	5540	2008	287	1201
SS6003137_vs_SS6003136__pv	2172	2587	3134	1141	4506	492	373
SS6003149_vs_SS6003148__pv	41688	5149	3080	12143	1652	1806	5261
SS6003302_vs_SS6003301__pv	4075	3399	2407	3164	3480	576	1399
SS6003303_vs_SS6003301__pv	2686	2213	1742	2332	2583	191	1035
SS6003305_vs_SS6003304__pv	0	5544	1878	511	2472	245	2438
SS6003306_vs_SS6003304__pv	94	3331	1689	525	1477	257	1354
SS6003308_vs_SS6003307__pv	1324	1948	2434	304	1456	13	1289
SS6003309_vs_SS6003307__pv	1528	2696	2912	250	2064	0	1861
SS6003311_vs_SS6003310__pv	176	1604	2470	114	15732	386	752
SS6003312_vs_SS6003310__pv	0	744	2019	90	15194	639	647
SS6003314_vs_SS6003313__pv	9196	1972	1695	3209	1662	556	1959
SS6003315_vs_SS6003313__pv	9236	1920	1691	3262	1635	601	1975
SS6003317_vs_SS6003316__pv	24360	1584	2951	5303	2994	5	758
SS6003318_vs_SS6003316__pv	24270	1819	3009	5423	3037	12	814
SS6003320_vs_SS6003319__pv	8396	2565	4266	5876	2790	919	1459
SS6003321_vs_SS6003319__pv	8137	2466	3858	5633	2757	871	1213
SS6003323_vs_SS6003322__pv	7988	3205	3900	0	2453	778	1279
SS6003324_vs_SS6003322__pv	5881	3173	3516	0	2143	359	1171
