Samples	SBS96A	SBS96B	SBS96C	SBS96D	SBS96E	SBS96F	SBS96G	SBS96H
LP2000104-DNA_A01_vs_LP2000101-DNA_A01__pv	23112	3507	9567	1481	2188	1550	710	2334
LP2000105-DNA_A01_vs_LP2000102-DNA_A01__pv	5314	5046	5190	1420	1862	6777	319	2584
LP2000106-DNA_A01_vs_LP2000102-DNA_A01__pv	4246	1434	2859	1240	1462	4901	0	3345
LP2000107-DNA_A01_vs_LP2000102-DNA_A01__pv	4936	3128	4106	1158	1899	5388	68	1484
LP2000108-DNA_A01_vs_LP2000103-DNA_A01__pv	221	2314	287	1073	625	1408	485	1718
LP2000109-DNA_A01_vs_LP2000103-DNA_A01__pv	221	1915	258	954	607	1282	421	1541
LP2000110-DNA_A01_vs_LP2000101-DNA_A01__pv	18079	971	8209	1431	1236	1494	503	548
LP2000111-DNA_A01_vs_LP2000102-DNA_A01__pv	1027	649	725	213	226	1082	0	680
LP2000112-DNA_A01_vs_LP2000102-DNA_A01__pv	1958	1111	1576	502	689	2389	0	1349
LP2000113-DNA_A01_vs_LP2000103-DNA_A01__pv	250	2043	257	959	623	1379	415	1706
LP2000114-DNA_A01_vs_LP2000103-DNA_A01__pv	332	1618	266	1175	219	1289	423	2838
LP2000325-DNA_A01_vs_LP2000317-DNA_A01__pv	5478	4122	5606	2926	1960	3435	1193	945
LP2000327-DNA_A01_vs_LP2000319-DNA_A01__pv	5254	1304	5377	911	3315	1348	310	771
LP2000328-DNA_A01_vs_LP2000320-DNA_A01__pv	2243	2192	1529	2990	2830	1207	1357	1886
LP2000329-DNA_A01_vs_LP2000321-DNA_A01__pv	6656	2660	3364	4317	509	2581	722	3063
LP2000330-DNA_A01_vs_LP2000316-DNA_A01__pv	2653	4307	890	1559	1641	3124	871	1014
LP2000331-DNA_A01_vs_LP2000322-DNA_A01__pv	1190	1751	1364	3495	1154	2071	452	1022
LP2000332-DNA_A01_vs_LP2000323-DNA_A01__pv	9202	2578	6631	4773	1710	4584	933	907
LP2000333-DNA_A01_vs_LP2000324-DNA_A01__pv	2549	1647	2806	1623	518	2129	537	1030
LP2000334-DNA_A01_vs_LP2000324-DNA_A01__pv	3361	1206	486	1713	984	1951	56	317
LP2000335-DNA_A01_vs_LP2000317-DNA_A01__pv	3978	2828	3540	1790	1282	1821	668	425
LP2000336-DNA_A01_vs_LP2000316-DNA_A01__pv	724	1122	276	1803	468	1047	309	254
LP2000346-DNA_A01_vs_SM-4JPUU__pv	871	2373	741	3021	2123	5753	817	2367
LP2000350-DNA_A01_vs_SM-4JPUU__pv	720	1705	553	3671	1770	4049	576	1953
LP2000352-DNA_A01_vs_LP2000359-DNA_A01__pv	5588	2362	2653	1507	4994	2424	0	203
LP2000353-DNA_A01_vs_LP2000359-DNA_A01__pv	12161	0	12203	192	15067	2793	0	0
LP2000355-DNA_A01_vs_LP2000359-DNA_A01__pv	5609	2650	2965	1507	5350	2529	0	318
LP2000356-DNA_A01_vs_LP2000359-DNA_A01__pv	7038	3604	2734	1567	5275	2740	0	317
LP2000357-DNA_A01_vs_LP2000359-DNA_A01__pv	5485	2120	3029	1612	5799	2440	0	183
LP2000366-DNA_A01_vs_SM-4JPUU__pv	1614	2321	827	3045	1529	5331	847	2280
LP2000367-DNA_A01_vs_SM-4JPUU__pv	823	2406	829	3126	1850	5630	877	2415
LP2000368-DNA_A01_vs_SM-4JPUU__pv	802	2253	828	2657	1696	5091	706	2153
LP2000369-DNA_A01_vs_SM-4JPUU__pv	732	1990	672	2607	1656	4824	560	2023
LP2000370-DNA_A01_vs_SM-4JPUU__pv	846	2593	861	3310	2057	6028	898	2519
LP2000371-DNA_A01_vs_SM-4JPUU__pv	665	1702	635	3667	1833	4062	515	1955
LP2000372-DNA_A01_vs_LP2000359-DNA_A01__pv	6652	3840	2696	1451	5682	3096	0	481
LP2000373-DNA_A01_vs_LP2000359-DNA_A01__pv	4310	1334	2505	1632	4503	1771	0	54
LP2101132-DNA_A01_vs_LP2101131-DNA_A01__pv	10713	3209	2766	2890	2966	4675	359	727
LP2101136-DNA_A01_vs_LP2101133-DNA_A01__pv	802	9449	553	3428	264	3243	1041	2925
LP2101137-DNA_A01_vs_LP2101134-DNA_A01__pv	522	1347	637	1375	182	528	299	321
LP2101140-DNA_A01_vs_LP2101155-DNA_A01__pv	3652	10414	2237	5253	1104	12309	1099	2042
LP2101141-DNA_A01_vs_LP2101139-DNA_A01__pv	197	4168	768	1825	1774	1349	1097	2660
LP2101142-DNA_A01_vs_LP2101143-DNA_A01__pv	1677	1130	0	21958	1536	1072	20450	0
LP2101144-DNA_A01_vs_LP2101145-DNA_A01__pv	595	3328	325	1650	623	1837	1193	960
LP2101146-DNA_A01_vs_LP2101147-DNA_A01__pv	501	2796	583	2479	2480	4367	2162	1330
LP2101148-DNA_A01_vs_LP2101149-DNA_A01__pv	646	9251	219	1113	628	1861	1086	2219
LP2101151-DNA_A01_vs_LP2101152-DNA_A01__pv	2598	6211	2214	1692	663	5497	1657	3027
LP2101153-DNA_A01_vs_LP2101154-DNA_A01__pv	19513	10895	10971	4900	5613	3450	3299	2239
LP2101156-DNA_A01_vs_LP2101157-DNA_A01__pv	458	787	1110	19625	3179	2391	49023	118
LP2101158-DNA_A01_vs_LP2101159-DNA_A01__pv	9996	3847	6213	8655	2566	7848	1167	1249
LP2101160-DNA_A01_vs_LP2101161-DNA_A01__pv	4244	2834	537	3042	2298	2080	967	1758
LP2101162-DNA_B01_vs_LP2101163-DNA_B01__pv	215	423	252	412	263	665	104	210
LP2101164-DNA_A01_vs_LP2101165-DNA_A01__pv	234	2891	245	1967	679	3315	472	822
LP2101166-DNA_A01_vs_LP2101167-DNA_A01__pv	1663	1959	616	2178	1475	4280	822	1220
LP2101168-DNA_A01_vs_LP2101169-DNA_A01__pv	157	4393	322	2422	167	1163	632	1318
LP2101170-DNA_A01_vs_LP2101511-DNA_A01__pv	141	2659	347	494	524	1198	612	531
LP2101512-DNA_A01_vs_LP2101513-DNA_A01__pv	8295	3826	7289	2150	854	2828	1208	1095
LP6005334-DNA_A02_vs_LP6005333-DNA_A02__pv	1464	2955	2255	3635	695	3950	729	1140
LP6005334-DNA_A03_vs_LP6005333-DNA_A03__pv	6428	3189	1618	3923	786	4467	694	1365
LP6005334-DNA_A04_vs_LP6005333-DNA_A04__pv	2670	3095	2114	2445	20	1976	440	2159
LP6005334-DNA_B01_vs_SM-4JPUU__pv	550	732	555	2934	1591	3588	309	1642
LP6005334-DNA_B02_vs_LP6005333-DNA_B02__pv	3412	2418	3521	5712	2291	5745	175	878
LP6005334-DNA_C01_vs_LP6005333-DNA_C01__pv	367	7402	683	885	513	2509	883	2618
LP6005334-DNA_C02_vs_LP6005333-DNA_C02__pv	636	3151	246	1056	601	1416	451	1050
LP6005334-DNA_C03_vs_LP6005333-DNA_C03__pv	1384	3456	1302	5792	628	2005	1303	1323
LP6005334-DNA_D01_vs_LP6005333-DNA_D01__pv	0	271	0	119	16	8	23	241
LP6005334-DNA_D02_vs_LP6005333-DNA_D02__pv	5783	3185	12865	877	957	2080	496	3585
LP6005334-DNA_D03_vs_LP6005333-DNA_D03__pv	124	2301	275	1115	0	3192	0	3075
LP6005334-DNA_E01_vs_LP6005333-DNA_E01__pv	1073	5642	1163	3665	0	3588	1441	1999
LP6005334-DNA_E02_vs_LP6005333-DNA_E02__pv	1172	814	1593	688	441	430	22	473
LP6005334-DNA_E03_vs_LP6005333-DNA_E03__pv	1928	10245	1368	1188	556	2424	1096	2805
LP6005334-DNA_F01_vs_LP6005333-DNA_F01__pv	2498	4584	1972	4065	1200	9077	845	2235
LP6005334-DNA_F02_vs_LP6005333-DNA_F02__pv	8709	1584	9902	295	10874	5254	1816	669
LP6005334-DNA_F03_vs_LP6005333-DNA_F03__pv	258	897	204	453	312	500	185	86
LP6005334-DNA_G01_vs_LP6005333-DNA_G01__pv	5317	0	3457	4571	3476	5594	383	9931
LP6005334-DNA_G02_vs_LP6005333-DNA_G02__pv	9927	4577	6204	3204	2734	5018	621	2192
LP6005334-DNA_G03_vs_LP6005333-DNA_G03__pv	3503	1711	853	1615	1313	2294	166	1200
LP6005334-DNA_H01_vs_LP6005333-DNA_H01__pv	7836	1548	1947	3117	6138	5355	740	3656
LP6005334-DNA_H02_vs_LP6005333-DNA_H02__pv	21085	1526	10197	1595	8681	6069	182	1296
LP6005334-DNA_H03_vs_LP6005333-DNA_H03__pv	9071	1924	21014	2978	2833	4829	1168	1215
LP6005335-DNA_A01_vs_LP6005333-DNA_A03__pv	7642	1770	2606	2604	633	3582	542	760
LP6005409-DNA_A01_vs_LP6005408-DNA_A01__pv	64	481	0	1494	1151	1599	654	2435
LP6005409-DNA_A02_vs_LP6005408-DNA_A02__pv	1315	3573	609	993	284	2477	499	1078
LP6005409-DNA_A03_vs_LP6005408-DNA_A03__pv	16689	0	8980	15443	7069	1961	0	0
LP6005409-DNA_A04_vs_LP6005408-DNA_A04__pv	4636	1437	4250	1408	2373	2417	553	2357
LP6005409-DNA_B01_vs_LP6005408-DNA_B01__pv	29210	0	21327	0	12919	7162	0	2
LP6005409-DNA_B02_vs_LP6005408-DNA_B02__pv	771	2930	963	4430	1102	3585	316	1159
LP6005409-DNA_B04_vs_LP6005408-DNA_B04__pv	0	4788	1002	1375	0	192	104	3937
LP6005409-DNA_C01_vs_LP6005408-DNA_C01__pv	1172	1325	596	3146	654	1131	327	1276
LP6005409-DNA_C02_vs_LP6005408-DNA_C02__pv	1163	769	450	1177	339	1924	0	205
LP6005409-DNA_C04_vs_LP6005408-DNA_C04__pv	409	5153	268	1164	645	1680	643	1083
LP6005409-DNA_D01_vs_LP6005408-DNA_D01__pv	10939	4805	13008	3573	3309	2841	251	1643
LP6005409-DNA_D02_vs_LP6005408-DNA_D02__pv	8205	7422	9086	5236	1330	3263	954	3102
LP6005409-DNA_D03_vs_LP6005408-DNA_D03__pv	14086	1750	21060	2281	4600	2594	362	1825
LP6005409-DNA_E01_vs_LP6005408-DNA_E01__pv	136	2833	483	2454	893	1818	356	1408
LP6005409-DNA_E02_vs_LP6005408-DNA_E02__pv	1314	1628	759	2205	870	1813	612	1057
LP6005409-DNA_E03_vs_LP6005408-DNA_E03__pv	5212	7375	10262	3267	2387	3453	883	1239
LP6005409-DNA_F01_vs_LP6005408-DNA_F01__pv	12092	1225	3437	2278	1462	3181	597	0
LP6005409-DNA_F02_vs_LP6005408-DNA_F02__pv	4089	811	1321	2486	1281	3566	347	1806
LP6005409-DNA_F03_vs_LP6005408-DNA_F03__pv	135	1699	132	1556	420	962	191	803
LP6005409-DNA_G02_vs_LP6005408-DNA_G02__pv	7899	1955	3680	1043	3702	1589	146	768
LP6005409-DNA_G03_vs_LP6005408-DNA_G03__pv	9042	2118	9309	2719	0	2338	797	942
LP6005409-DNA_H01_vs_LP6005408-DNA_H01__pv	0	3035	317	4295	421	1286	1647	584
LP6005409-DNA_H02_vs_LP6005408-DNA_H02__pv	5627	2790	2890	2264	1726	3382	737	707
LP6005409-DNA_H03_vs_LP6005408-DNA_H03__pv	3391	876	3018	686	2745	821	240	247
LP6005496-DNA_A01_vs_LP6005408-DNA_B03__pv	5599	6049	3543	0	6292	2849	19913	1615
LP6005496-DNA_B01_vs_LP6005408-DNA_C03__pv	7432	0	1184	2703	3083	2511	546	2514
LP6005500-DNA_A01_vs_LP6005499-DNA_A01__pv	1472	3371	969	2223	943	2690	872	1861
LP6005500-DNA_A02_vs_LP6005499-DNA_A02__pv	2889	6747	4074	5444	3495	3210	542	928
LP6005500-DNA_A03_vs_LP6005499-DNA_A03__pv	2295	3590	2169	1117	1577	2914	886	1582
LP6005500-DNA_B01_vs_LP6005499-DNA_B01__pv	3528	3403	2906	2288	1139	1991	802	1339
LP6005500-DNA_B02_vs_LP6005499-DNA_B02__pv	11267	4826	3547	2983	5584	4076	1042	1774
LP6005500-DNA_B03_vs_LP6005499-DNA_B03__pv	4652	6799	3441	663	1155	1702	1038	747
LP6005500-DNA_C01_vs_LP6005499-DNA_C01__pv	2051	2090	1112	1395	846	3541	445	736
LP6005500-DNA_C02_vs_LP6005499-DNA_C02__pv	2383	2752	1564	6252	1476	3294	5350	1149
LP6005500-DNA_C03_vs_LP6005499-DNA_C03__pv	10474	1155	3721	3347	3385	2080	377	863
LP6005500-DNA_D01_vs_LP6005499-DNA_D01__pv	3454	1973	1450	1779	2787	2823	466	753
LP6005500-DNA_D02_vs_LP6005499-DNA_D02__pv	6989	843	3199	3488	2342	8561	497	583
LP6005500-DNA_D03_vs_LP6005499-DNA_D03__pv	3728	1601	2735	2179	3829	2366	859	1071
LP6005500-DNA_E02_vs_LP6005499-DNA_E02__pv	16302	1018	14080	947	4968	2315	190	753
LP6005500-DNA_E03_vs_LP6005499-DNA_E03__pv	19390	0	37120	0	20793	3439	0	151
LP6005500-DNA_F01_vs_LP6005499-DNA_F01__pv	5716	3213	2338	1213	3365	3209	467	2335
LP6005500-DNA_F02_vs_LP6005499-DNA_F02__pv	4588	4724	487	6253	1770	4476	517	8106
LP6005500-DNA_F03_vs_LP6005499-DNA_F03__pv	464	4551	3063	7972	306	5591	4113	1243
LP6005500-DNA_G01_vs_LP6005499-DNA_G01__pv	18574	0	20865	2531	2004	1776	608	732
LP6005500-DNA_G02_vs_LP6005499-DNA_G02__pv	17	963	0	2403	0	101	0	505
LP6005500-DNA_G03_vs_LP6005499-DNA_G03__pv	16815	1799	193	3164	379	1958	650	333
LP6005500-DNA_H01_vs_LP6005499-DNA_H01__pv	2555	3283	4523	4159	1387	2766	750	2223
LP6005500-DNA_H02_vs_LP6005499-DNA_H02__pv	1644	3699	4629	3874	0	810	412	3162
LP6005500-DNA_H03_vs_LP6005499-DNA_H03__pv	2745	4380	5679	1808	1898	2580	2404	1609
LP6005501-DNA_A01_vs_LP6005499-DNA_A01__pv	380	894	64	803	352	967	60	199
LP6005501-DNA_B01_vs_LP6005499-DNA_B01__pv	3268	3753	2596	2192	1294	2047	840	1342
LP6005501-DNA_C01_vs_LP6005499-DNA_C01__pv	2095	2568	1275	4984	1925	5741	950	779
LP6005501-DNA_D01_vs_LP6005499-DNA_D01__pv	2470	2467	1272	3579	1911	3682	719	1523
LP6005501-DNA_E01_vs_LP6005499-DNA_E01__pv	719	541	236	701	643	458	4	244
LP6005501-DNA_F01_vs_LP6005499-DNA_F01__pv	11111	882	2738	1033	6261	3114	24	1943
LP6005690-DNA_A02_vs_LP6005689-DNA_A02__pv	499	2030	384	2370	1261	4977	767	777
LP6005690-DNA_B01_vs_LP6005689-DNA_B01__pv	4353	2299	3798	1788	865	2958	430	833
LP6005690-DNA_B03_vs_LP6005777-DNA_A01__pv	11734	683	5309	1694	6911	2416	536	700
LP6005690-DNA_C02_vs_LP6005689-DNA_C02__pv	475	3443	87	4752	574	4591	668	1238
LP6005690-DNA_C03_vs_LP6005689-DNA_C03__pv	12923	1172	4542	2310	4472	6025	1204	1572
LP6005690-DNA_D02_vs_LP6005689-DNA_D02__pv	13658	866	11199	2280	6110	2316	836	2279
LP6005690-DNA_D03_vs_LP6005689-DNA_D03__pv	11545	2625	10254	1151	1021	2038	1047	2016
LP6005690-DNA_E01_vs_LP6005689-DNA_E01__pv	8266	3017	5255	2795	2802	8588	1212	2173
LP6005690-DNA_E02_vs_LP6005689-DNA_E02__pv	2	8	0	23	6	0	0	5
LP6005690-DNA_E03_vs_LP6005689-DNA_E03__pv	2082	1629	671	2935	1916	3498	428	455
LP6005690-DNA_F01_vs_LP6005689-DNA_F01__pv	9385	3810	5888	3207	2327	3273	614	1381
LP6005690-DNA_F02_vs_LP6005689-DNA_F02__pv	20827	0	5821	685	10724	1802	0	937
LP6005690-DNA_F03_vs_LP6005689-DNA_F03__pv	2637	1966	886	3175	2708	3315	346	1906
LP6005690-DNA_G02_vs_LP6005689-DNA_G02__pv	10271	1340	3428	2579	2957	3889	503	1211
LP6005690-DNA_H02_vs_LP6005689-DNA_H02__pv	32121	254	14059	2993	655	2732	942	1282
LP6005691-DNA_A01_vs_LP6005689-DNA_C01__pv	1502	932	668	3039	1054	3401	183	177
LP6005691-DNA_A02_vs_LP6005689-DNA_F03__pv	866	912	303	1437	500	1057	168	449
LP6005691-DNA_B01_vs_LP6005689-DNA_E01__pv	9404	3118	5298	3079	3463	8689	470	1731
LP6005691-DNA_C01_vs_LP6005689-DNA_A02__pv	313	678	210	3010	1416	3926	0	677
LP6005691-DNA_D01_vs_LP6005689-DNA_B02__pv	34074	0	23635	166	10677	1559	0	0
LP6005691-DNA_E01_vs_LP6005689-DNA_D01__pv	1831	2006	627	1022	1064	549	0	45
LP6005691-DNA_F01_vs_LP6005689-DNA_F01__pv	9564	2195	5615	2120	578	1982	273	524
LP6005691-DNA_G01_vs_LP6005689-DNA_G01__pv	0	85	0	119	34	20	8	7
LP6005691-DNA_H01_vs_LP6005689-DNA_H01__pv	2038	356	1291	631	835	974	0	250
LP6005935-DNA_A01_vs_LP6005979-DNA_A01__pv	14760	1847	6669	5311	7857	7530	1162	1799
LP6005935-DNA_A02_vs_LP6005934-DNA_A02__pv	4242	1837	13331	1907	2555	1653	1452	1960
LP6005935-DNA_A03_vs_LP6005934-DNA_A03__pv	235	1972	239	3394	290	3098	1368	551
LP6005935-DNA_B01_vs_LP6005934-DNA_B01__pv	656	5295	750	801	1257	2664	1029	992
LP6005935-DNA_B02_vs_LP6005934-DNA_B02__pv	8460	8613	6664	1202	1552	3461	444	2354
LP6005935-DNA_B03_vs_LP6005934-DNA_B03__pv	13772	5511	20175	1652	0	4935	203	2829
LP6005935-DNA_B04_vs_LP6005934-DNA_B04__pv	1033	2484	798	5577	1165	5209	402	767
LP6005935-DNA_C01_vs_LP6005934-DNA_C01__pv	0	0	11326	6692	14168	8280	133772	9106
LP6005935-DNA_C02_vs_LP6005979-DNA_B01__pv	9653	4270	5147	4330	2752	3935	741	2106
LP6005935-DNA_C03_vs_LP6005934-DNA_C03__pv	448	1151	282	1492	579	1137	188	330
LP6005935-DNA_C04_vs_LP6005934-DNA_C04__pv	19236	77	10720	3372	14291	6101	344	2787
LP6005935-DNA_D01_vs_LP6005934-DNA_D01__pv	15167	1862	5535	3503	3567	6463	420	1115
LP6005935-DNA_D02_vs_LP6005934-DNA_D02__pv	11373	3130	3378	917	4194	2216	561	1082
LP6005935-DNA_D04_vs_LP6005934-DNA_C03__pv	1314	567	781	1214	1095	2244	343	360
LP6005935-DNA_E01_vs_LP6005934-DNA_E01__pv	13616	863	11902	3403	10206	3500	75	203
LP6005935-DNA_E02_vs_LP6005934-DNA_E02__pv	6115	4613	2799	2256	3491	2344	143	621
LP6005935-DNA_E03_vs_LP6005934-DNA_E03__pv	4430	2223	2605	3225	2280	3340	32	2099
LP6005935-DNA_E04_vs_LP6005934-DNA_E02__pv	3050	994	1434	1392	1116	1689	151	40
LP6005935-DNA_F01_vs_LP6005934-DNA_F01__pv	113	4251	135	675	121	775	554	2153
LP6005935-DNA_F02_vs_LP6005934-DNA_F02__pv	37136	0	21527	0	44461	64	0	0
LP6005935-DNA_F03_vs_LP6005934-DNA_F03__pv	0	665	1096	25359	2918	847	30518	184
LP6005935-DNA_F04_vs_LP6007426-DNA_A01__pv	29957	1333	16435	0	3420	1720	565	7646
LP6005935-DNA_G01_vs_LP6005934-DNA_G01__pv	5771	0	11114	3758	9488	1255	70	1216
LP6005935-DNA_G02_vs_LP6005979-DNA_C01__pv	823	3924	517	3013	994	8824	1035	1851
LP6005935-DNA_G03_vs_LP6005934-DNA_G03__pv	1174	2785	323	1222	41	2625	633	1329
LP6005935-DNA_H01_vs_LP6005934-DNA_H01__pv	8331	5515	3824	3046	3075	6365	480	1617
LP6005935-DNA_H02_vs_LP6005934-DNA_H02__pv	3212	7743	3111	3438	15	3526	1017	2458
LP6005935-DNA_H03_vs_LP6005934-DNA_H03__pv	1214	3149	0	18931	3669	2522	36182	0
LP6007358-DNA_A01_vs_LP6007553-DNA_A01__pv	2763	2280	1319	1928	1698	4422	592	1028
LP6007394-DNA_A01_vs_LP6007393-DNA_A01__pv	3712	2117	1936	2484	1741	1196	0	159
LP6007396-DNA_A01_vs_LP6007395-DNA_A01__pv	4116	3491	2486	3704	1943	2889	463	1514
LP6007398-DNA_A01_vs_LP6007397-DNA_A01__pv	2172	1896	648	2844	2601	1996	852	1655
LP6007399-DNA_A01_vs_LP6007397-DNA_A01__pv	2208	1887	681	2783	2320	1951	874	1586
LP6007401-DNA_A01_vs_LP6007400-DNA_A01__pv	10804	9785	9534	2185	490	3161	1669	1709
LP6007402-DNA_A01_vs_LP6007400-DNA_A01__pv	6446	642	4726	1232	2106	1618	225	312
LP6007404-DNA_A01_vs_LP6007403-DNA_A01__pv	487	2719	864	2876	838	3487	730	527
LP6007405-DNA_A01_vs_LP6007403-DNA_A01__pv	1570	751	928	795	521	1181	94	39
LP6007407-DNA_A01_vs_LP6007406-DNA_A01__pv	8608	847	5181	3849	8802	4669	350	1905
LP6007409-DNA_A01_vs_LP6007408-DNA_A01__pv	1614	3808	737	4293	129	2294	649	563
LP6007410-DNA_A01_vs_LP6007408-DNA_A01__pv	5442	2379	2922	3233	2065	3516	251	334
LP6007414-DNA_A02_vs_LP6007413-DNA_A02__pv	261	2301	331	2528	557	3318	813	889
LP6007416-DNA_A01_vs_LP6007415-DNA_A01__pv	1754	3097	867	3908	2248	4109	814	1933
LP6007418-DNA_A02_vs_LP6007417-DNA_A02__pv	6033	8287	2746	1549	1240	2109	2705	1237
LP6007420-DNA_A01_vs_LP6007419-DNA_A01__pv	21353	2188	9575	835	4865	1548	238	5616
LP6007422-DNA_A01_vs_LP6007421-DNA_A01__pv	1395	2890	1033	2255	1986	2424	806	488
LP6007424-DNA_A01_vs_LP6007423-DNA_A01__pv	6649	7297	1154	1668	3359	2785	791	1841
LP6007425-DNA_A01_vs_LP6007423-DNA_A01__pv	6871	7482	1219	1648	2769	2733	849	1771
LP6007427-DNA_A01_vs_LP6007426-DNA_A01__pv	38468	3328	20738	0	3735	1759	578	10037
LP6007428-DNA_A01_vs_LP6007426-DNA_A01__pv	250	1258	120	669	516	332	133	77
LP6007430-DNA_A01_vs_LP6007429-DNA_A01__pv	4299	2424	1153	4730	1085	5468	1023	1100
LP6007432-DNA_A01_vs_LP6007431-DNA_A01__pv	21827	3690	14042	299	3093	936	194	2043
LP6007434-DNA_A01_vs_LP6007433-DNA_A01__pv	5994	3636	4391	1976	3098	4134	820	1030
LP6007436-DNA_A01_vs_LP6007435-DNA_A01__pv	14088	622	8810	2598	6384	3013	240	1560
LP6007438-DNA_A01_vs_LP6007437-DNA_A01__pv	28	4007	332	1109	470	770	722	1496
LP6007440-DNA_A01_vs_LP6007439-DNA_A01__pv	19403	2045	19794	2943	9978	4918	1275	2839
LP6007442-DNA_A01_vs_LP6007441-DNA_A01__pv	13798	12229	69021	929	7935	12765	2130	1420
LP6007504-DNA_A01_vs_LP6007566-DNA_A01__pv	2815	1341	1295	1012	1220	1231	161	644
LP6007506-DNA_A01_vs_LP6007505-DNA_A01__pv	2298	2005	1271	3226	1635	3379	312	2203
LP6007508-DNA_A01_vs_LP6007507-DNA_A01__pv	1946	2505	739	1961	1794	1486	359	1427
LP6007512-DNA_A01_vs_LP6007511-DNA_A01__pv	6497	3085	3951	5015	2234	2474	721	1794
LP6007514-DNA_A01_vs_LP6007513-DNA_A01__pv	1385	3355	383	2876	748	2757	434	517
LP6007516-DNA_A01_vs_LP6007515-DNA_A01__pv	1231	6844	1097	2615	495	2621	946	1694
LP6007518-DNA_A01_vs_LP6007517-DNA_A01__pv	13452	5141	9698	498	8117	4178	356	2048
LP6007520-DNA_A01_vs_LP6007519-DNA_A01__pv	1042	2643	390	2297	535	3310	630	600
LP6007521-DNA_A01_vs_LP6007519-DNA_A01__pv	139	1109	147	1253	396	1122	184	221
LP6007523-DNA_A01_vs_LP6007522-DNA_A01__pv	431	2916	617	3120	1092	4917	415	743
LP6007529-DNA_A01_vs_LP6007528-DNA_A01__pv	5945	400	4403	2829	4263	4792	178	3107
LP6007531-DNA_A01_vs_LP6007530-DNA_A01__pv	7972	5929	11659	2529	2253	1919	815	1785
LP6007533-DNA_A01_vs_LP6007532-DNA_A01__pv	943	1930	272	1825	673	2018	483	1512
LP6007535-DNA_A01_vs_LP6007534-DNA_A01__pv	1461	1366	18	1237	834	1248	421	1487
LP6007536-DNA_A01_vs_LP6007534-DNA_A01__pv	921	2194	155	947	10	1013	431	3221
LP6007538-DNA_A01_vs_LP6007537-DNA_A01__pv	11593	1610	3999	1873	2559	3349	740	1390
LP6007540-DNA_A01_vs_LP6007539-DNA_A01__pv	3921	1870	3724	3672	537	3856	455	510
LP6007542-DNA_A01_vs_LP6007541-DNA_A01__pv	4492	10357	2402	3498	493	4498	1319	3680
LP6007544-DNA_A01_vs_LP6007569-DNA_A01__pv	1975	2949	2397	3458	1564	5149	545	1075
LP6007546-DNA_A01_vs_LP6007568-DNA_A01__pv	846	536	1731	3302	1084	2167	226	1776
LP6007548-DNA_A01_vs_LP6007547-DNA_A01__pv	1186	384	581	814	975	1201	305	1023
LP6007550-DNA_A01_vs_LP6007549-DNA_A01__pv	10642	1650	9551	2904	0	3412	891	2497
LP6007552-DNA_A01_vs_LP6007551-DNA_A01__pv	3399	4120	3361	1628	1340	2539	525	3344
LP6007567-DNA_A01_vs_LP6007524-DNA_A01__pv	3921	3767	3202	3109	0	2514	614	999
LP6007591_vs_LP6007590__pv	9920	0	24282	6255	8154	4171	372	5157
LP6007592_vs_LP6007590__pv	1866	1871	1018	3216	415	2175	237	555
LP6007594_vs_LP6007593__pv	497	3816	563	4816	1170	4471	1596	386
LP6007595_vs_LP6007593__pv	2855	1511	1522	2020	1124	2753	533	0
LP6007597_vs_LP6007596__pv	16867	1295	0	2372	12584	4741	78	0
LP6007598_vs_LP6007596__pv	5797	750	0	1077	2335	1938	285	105
LP6007600_vs_LP6007599__pv	99	1830	0	1597	799	1033	344	265
LP6007602_vs_LP6007601__pv	19718	4218	37978	0	0	442	1236	1371
LP6008017-DNA_A01_vs_LP6008018-DNA_B01__pv	19844	1618	12118	1674	2333	3272	1078	208
LP6008017-DNA_A02_vs_LP6008018-DNA_B01__pv	38917	754	12298	1553	1914	3425	1151	106
LP6008017-DNA_A03_vs_LP6008018-DNA_C01__pv	20489	0	13620	2279	7813	5677	0	402
LP6008017-DNA_A04_vs_LP6008018-DNA_A01__pv	7165	75	2909	3889	3848	3602	1209	7045
LP6008017-DNA_B01_vs_LP6008018-DNA_B01__pv	27935	519	15199	1531	3202	3207	807	91
LP6008017-DNA_B02_vs_LP6008018-DNA_B01__pv	19863	1386	11598	1375	2050	3024	933	251
LP6008017-DNA_B03_vs_LP6008018-DNA_C01__pv	20967	0	13817	2510	7790	5955	87	456
LP6008017-DNA_B04_vs_LP6008018-DNA_A01__pv	3525	768	1491	1451	1547	1867	414	1164
LP6008017-DNA_C01_vs_LP6008018-DNA_B01__pv	37958	1467	20091	1463	0	3477	1368	457
LP6008017-DNA_C02_vs_LP6008018-DNA_C01__pv	20193	0	13286	2094	7448	5634	0	326
LP6008017-DNA_C03_vs_LP6008018-DNA_C01__pv	20472	0	13830	2241	7916	5659	0	359
LP6008017-DNA_C04_vs_LP6008018-DNA_C01__pv	1	31	4	31	15	7	27	19
LP6008017-DNA_D01_vs_LP6008018-DNA_B01__pv	28434	810	16998	1488	3214	3486	812	58
LP6008017-DNA_D02_vs_LP6008018-DNA_C01__pv	20898	172	13597	2261	8570	6207	0	419
LP6008017-DNA_D03_vs_LP6008018-DNA_A01__pv	6695	2070	3086	3833	2599	3536	909	3536
LP6008017-DNA_E01_vs_LP6008018-DNA_B01__pv	36060	1856	18919	1372	0	3500	1679	473
LP6008017-DNA_E02_vs_LP6008018-DNA_C01__pv	20960	447	13537	2081	9164	6739	0	507
LP6008017-DNA_E03_vs_LP6008018-DNA_A01__pv	6505	1554	2951	3144	2733	3512	871	2668
LP6008017-DNA_F01_vs_LP6008018-DNA_B01__pv	21253	1526	13774	1408	2924	3965	1137	183
LP6008017-DNA_F02_vs_LP6008018-DNA_C01__pv	21244	0	14382	2158	9091	6118	0	364
LP6008017-DNA_F03_vs_LP6008018-DNA_A01__pv	4844	583	2116	1884	2144	2219	406	2785
LP6008017-DNA_G01_vs_LP6008018-DNA_B01__pv	23819	1765	13040	1721	1736	3312	1204	275
LP6008017-DNA_G02_vs_LP6008018-DNA_C01__pv	23049	380	15445	2087	9469	6836	200	717
LP6008017-DNA_G03_vs_LP6008018-DNA_A01__pv	6827	1885	2841	3434	2701	3993	842	4138
LP6008017-DNA_H01_vs_LP6008018-DNA_B01__pv	28719	1225	18202	1353	2420	3588	1080	204
LP6008017-DNA_H02_vs_LP6008018-DNA_C01__pv	20942	656	13526	2179	7594	6426	49	533
LP6008017-DNA_H03_vs_LP6008018-DNA_A01__pv	9088	0	2749	3913	3702	3517	1307	7063
LP6008031-DNA_A01_vs_LP6008032-DNA_A01__pv	3336	8263	1761	1091	742	3560	1814	5157
LP6008031-DNA_A02_vs_LP6008032-DNA_C02__pv	3259	3943	2164	4589	2754	8414	1329	4974
LP6008031-DNA_A03_vs_LP6008032-DNA_E03__pv	1227	1161	462	2774	1158	3537	345	1305
LP6008031-DNA_A04_vs_LP6008032-DNA_D03__pv	14361	1768	6170	2483	2521	2279	302	1411
LP6008031-DNA_B01_vs_LP6008032-DNA_B01__pv	2709	1757	2583	2392	351	1291	386	1060
LP6008031-DNA_B02_vs_LP6008032-DNA_D02__pv	977	2315	768	3404	914	7627	401	891
LP6008031-DNA_B03_vs_LP6008032-DNA_F03__pv	159	2056	296	3253	682	2697	361	1346
LP6008031-DNA_B04_vs_LP6008032-DNA_C02__pv	167	1006	163	1053	740	1413	145	221
LP6008031-DNA_C01_vs_LP6008032-DNA_C01__pv	5281	3446	7335	5885	1870	5273	1112	2328
LP6008031-DNA_C02_vs_LP6008032-DNA_E02__pv	5201	4304	2138	4394	752	4596	388	451
LP6008031-DNA_C03_vs_LP6008032-DNA_G03__pv	0	27	0	123	0	31	0	0
LP6008031-DNA_D01_vs_LP6008032-DNA_D01__pv	3919	2842	1014	1184	1689	2854	514	1220
LP6008031-DNA_D02_vs_LP6008032-DNA_F02__pv	6157	1955	3414	2394	2997	2990	816	455
LP6008031-DNA_D03_vs_LP6008032-DNA_H03__pv	528	3589	353	2107	2151	4197	468	2414
LP6008031-DNA_E01_vs_LP6008032-DNA_E01__pv	7978	9497	552	9351	2149	5219	31494	0
LP6008031-DNA_E02_vs_LP6008032-DNA_G02__pv	10968	1861	2457	2894	3486	8250	153	1215
LP6008031-DNA_E03_vs_LP6008032-DNA_A04__pv	7582	1914	5511	13297	5973	3362	56600	726
LP6008031-DNA_F01_vs_LP6008032-DNA_F01__pv	3501	2271	2165	2503	1923	3995	443	628
LP6008031-DNA_F02_vs_LP6008032-DNA_H02__pv	2429	287	1493	1171	3022	670	0	356
LP6008031-DNA_F03_vs_LP6008032-DNA_H01__pv	11598	6616	8228	5554	1932	3879	1227	1865
LP6008031-DNA_G01_vs_LP6008032-DNA_G01__pv	5140	3240	4038	1763	2443	2359	402	936
LP6008031-DNA_G02_vs_LP6008032-DNA_A03__pv	1725	4816	805	2190	888	3138	1115	1782
LP6008031-DNA_G03_vs_LP6008032-DNA_A02__pv	8188	16032	1315	472	1739	6359	1458	2877
LP6008031-DNA_H01_vs_LP6008032-DNA_B02__pv	4939	3433	3503	4605	1244	2796	1474	1000
LP6008031-DNA_H02_vs_LP6008032-DNA_B03__pv	472	2998	1537	10724	1256	4196	28937	713
LP6008031-DNA_H03_vs_LP6008032-DNA_C03__pv	12711	0	20358	13791	4092	897	25614	29
LP6008051-DNA_A01_vs_LP6008050-DNA_C02__pv	41	1538	0	1987	719	2069	22	2173
LP6008051-DNA_A02_vs_LP6008050-DNA_E01__pv	2665	2238	1417	2101	1733	2173	746	747
LP6008051-DNA_A03_vs_LP6008050-DNA_G02__pv	7631	6697	29899	644	828	2823	2315	2345
LP6008051-DNA_B01_vs_LP6008138-DNA_B03__pv	5407	435	5598	938	7927	1709	200	688
LP6008051-DNA_B02_vs_LP6008050-DNA_F01__pv	4809	1205	2665	5392	1920	5616	292	1968
LP6008051-DNA_B03_vs_LP6008050-DNA_G02__pv	7142	6818	28892	792	399	2368	1904	2183
LP6008051-DNA_C01_vs_LP6008050-DNA_E02__pv	5615	2263	3816	3636	3237	3242	684	1238
LP6008051-DNA_C02_vs_LP6008050-DNA_G01__pv	2553	6726	5131	1622	16	1606	1173	1409
LP6008051-DNA_C03_vs_LP6008050-DNA_G02__pv	7498	8113	29855	825	965	2876	2612	2360
LP6008051-DNA_D01_vs_LP6008050-DNA_F02__pv	5525	5025	3036	4828	1400	6131	981	935
LP6008051-DNA_D03_vs_LP6008050-DNA_G02__pv	6736	4771	29127	987	983	3486	1638	2373
LP6008051-DNA_E01_vs_LP6008050-DNA_A01__pv	3426	6025	2043	2619	2091	2574	1049	581
LP6008051-DNA_E02_vs_LP6008050-DNA_A02__pv	3738	8360	709	2575	0	7604	544	129
LP6008051-DNA_E03_vs_LP6008050-DNA_G02__pv	7418	5429	28936	905	906	2643	1951	2080
LP6008051-DNA_F01_vs_LP6008050-DNA_B01__pv	5372	3315	1942	4116	1179	3327	566	957
LP6008051-DNA_F02_vs_LP6008050-DNA_B02__pv	1922	12634	897	2662	655	4816	1587	3382
LP6008051-DNA_F03_vs_LP6008050-DNA_G02__pv	7362	5218	28756	1094	887	2337	1876	2075
LP6008051-DNA_G01_vs_LP6008050-DNA_C01__pv	1222	3376	3013	981	1279	1226	1112	4579
LP6008051-DNA_G02_vs_LP6008050-DNA_B02__pv	394	859	37	1585	310	1480	176	331
LP6008051-DNA_G03_vs_LP6008050-DNA_G02__pv	7539	6509	29094	708	996	2852	2557	2227
LP6008051-DNA_H03_vs_LP6008050-DNA_G02__pv	7392	5743	28810	860	698	2426	1941	2147
LP6008139-DNA_A01_vs_LP6008140-DNA_A01__pv	6910	4787	7638	1752	2183	3748	1029	759
LP6008139-DNA_A02_vs_LP6008140-DNA_A01__pv	6649	3985	6604	1361	1889	3352	946	723
LP6008139-DNA_A03_vs_LP2000102-DNA_A01__pv	4813	3321	3818	1007	1346	6680	399	4728
LP6008139-DNA_B01_vs_LP6008140-DNA_A01__pv	7282	5131	7606	1840	1525	4009	1126	775
LP6008139-DNA_B02_vs_LP6008140-DNA_A01__pv	5597	3012	5096	982	1387	2194	873	578
LP6008139-DNA_B03_vs_LP6005408-DNA_H03__pv	8285	2867	7859	1712	7186	2224	1093	491
LP6008139-DNA_C01_vs_LP6008140-DNA_A01__pv	6375	4063	6089	1756	1910	3191	840	638
LP6008139-DNA_C02_vs_LP6008140-DNA_A01__pv	5424	4647	12464	1335	1797	3110	1720	784
LP6008139-DNA_C03_vs_LP6005408-DNA_H03__pv	8185	2719	7854	1759	7126	1967	1083	490
LP6008139-DNA_D01_vs_LP6008140-DNA_A01__pv	6321	4204	5207	2018	1675	3221	961	664
LP6008139-DNA_D02_vs_LP6008140-DNA_A01__pv	6252	4309	7595	1467	1901	3184	1365	688
LP6008139-DNA_D03_vs_LP6008140-DNA_A01__pv	8117	568	4204	1338	2761	1819	170	279
LP6008139-DNA_E01_vs_LP6008140-DNA_A01__pv	5457	4660	12109	1220	2037	3187	2050	867
LP6008139-DNA_E02_vs_LP6008140-DNA_A01__pv	7231	4562	7290	1774	1862	3757	1289	829
LP6008139-DNA_F01_vs_LP6008140-DNA_A01__pv	7018	4836	7870	1677	2212	3515	1468	808
LP6008139-DNA_F02_vs_LP6008140-DNA_A01__pv	6900	3777	5129	2087	2097	3596	791	651
LP6008139-DNA_G01_vs_LP6008140-DNA_A01__pv	7241	5024	7178	1772	2376	4080	1318	879
LP6008139-DNA_G02_vs_LP6008140-DNA_A01__pv	4535	0	2596	217	1513	421	60	0
LP6008139-DNA_H01_vs_LP6008140-DNA_A01__pv	7095	4264	6295	1561	2127	3585	1252	789
LP6008139-DNA_H02_vs_LP2000102-DNA_A01__pv	4832	3495	3781	1120	1269	6861	417	4744
LP6008141-DNA_A01_vs_LP6008138-DNA_A01__pv	9597	2981	1179	7275	780	5348	385	1180
LP6008141-DNA_A02_vs_LP6008138-DNA_A02__pv	62705	4228	8160	2404	0	7389	0	248
LP6008141-DNA_A03_vs_LP6008138-DNA_F01__pv	4854	711	3303	987	1017	713	310	271
LP6008141-DNA_B01_vs_LP6008138-DNA_B01__pv	4355	528	5247	3332	4179	2632	199	2481
LP6008141-DNA_B02_vs_LP6008138-DNA_B02__pv	3982	969	524	3285	3467	4931	315	1121
LP6008141-DNA_B03_vs_LP6008138-DNA_H01__pv	3780	1650	2562	3106	897	2604	203	0
LP6008141-DNA_C01_vs_LP6008138-DNA_C01__pv	3928	1194	2386	2943	1628	4645	655	1477
LP6008141-DNA_C02_vs_LP6008138-DNA_C02__pv	19655	3124	21856	3692	3160	4971	1536	470
LP6008141-DNA_C03_vs_LP6008032-DNA_A03__pv	1670	4590	786	2198	837	3070	1102	1756
LP6008141-DNA_D01_vs_LP6008138-DNA_D01__pv	939	11243	3989	1253	0	3758	969	11406
LP6008141-DNA_D02_vs_LP6008138-DNA_D02__pv	12672	8756	36270	0	570	532	1875	8198
LP6008141-DNA_E01_vs_LP6008138-DNA_E01__pv	3714	7007	3751	3072	666	3093	1104	1736
LP6008141-DNA_E02_vs_LP6008138-DNA_E02__pv	6866	3334	5687	2482	4131	2287	603	2033
LP6008141-DNA_F01_vs_LP6008138-DNA_F01__pv	3723	3896	1938	962	2443	1598	783	1316
LP6008141-DNA_F02_vs_LP6008138-DNA_F02__pv	18487	1709	22345	693	6715	3608	584	1390
LP6008141-DNA_G01_vs_LP6008138-DNA_G01__pv	886	1454	338	3335	1614	2100	772	1666
LP6008141-DNA_G02_vs_LP6008138-DNA_G02__pv	9814	1013	7600	2342	4263	3977	388	1260
LP6008141-DNA_H01_vs_LP6008138-DNA_H01__pv	873	5956	487	1222	1193	2213	910	1049
LP6008141-DNA_H02_vs_LP6008138-DNA_H02__pv	2171	936	567	2383	1758	7924	212	1596
LP6008143-DNA_A01_vs_LP6008144-DNA_A01__pv	5711	2195	5640	4950	6452	5272	0	0
LP6008143-DNA_A02_vs_LP6008144-DNA_A01__pv	3399	2186	3218	4755	2992	4658	138	137
LP6008143-DNA_B01_vs_LP6008144-DNA_A01__pv	5321	2169	5212	4671	5903	5163	28	0
LP6008143-DNA_B02_vs_LP6008144-DNA_A01__pv	2255	394	1763	1120	2301	1663	0	0
LP6008143-DNA_C01_vs_LP6008144-DNA_A01__pv	10466	2120	5971	4785	9192	5540	0	0
LP6008143-DNA_C02_vs_LP6008144-DNA_A01__pv	19250	1063	6303	3966	13820	5362	31	0
LP6008143-DNA_D01_vs_LP6008144-DNA_A01__pv	8902	1647	6921	4450	9086	5463	0	0
LP6008143-DNA_D02_vs_LP6008144-DNA_A01__pv	8724	2039	5651	4593	8491	5479	0	0
LP6008143-DNA_E01_vs_LP6008144-DNA_A01__pv	8389	1873	5378	4528	8184	5261	0	0
LP6008143-DNA_E02_vs_LP6008144-DNA_A01__pv	8466	1968	5449	4333	8176	5276	0	0
LP6008143-DNA_F01_vs_LP6008144-DNA_A01__pv	210	90	254	157	198	267	0	0
LP6008143-DNA_F02_vs_LP6008144-DNA_A01__pv	9941	2283	6242	4644	9215	5580	0	0
LP6008143-DNA_G01_vs_LP6008144-DNA_A01__pv	6599	1950	4830	4726	6776	5134	0	0
LP6008143-DNA_G02_vs_LP6008144-DNA_A01__pv	8653	1966	5576	4560	8345	5398	0	0
LP6008143-DNA_H01_vs_LP6008144-DNA_A01__pv	7484	1764	4730	3731	7370	4685	0	0
LP6008143-DNA_H02_vs_LP6008144-DNA_A01__pv	11326	1795	6481	4320	9627	5339	0	0
LP6008202-DNA_A01_vs_LP6008201-DNA_A01__pv	0	91627	0	32030	43338	0	30238	5914
LP6008202-DNA_A02_vs_LP6008201-DNA_A02__pv	16703	0	18777	1777	6319	289	366	2614
LP6008202-DNA_A03_vs_LP6008201-DNA_A03__pv	0	2413	205	235	0	1144	8	1735
LP6008202-DNA_B01_vs_LP6008201-DNA_B01__pv	9488	4374	11505	1357	4786	4718	818	3015
LP6008202-DNA_B02_vs_LP6008201-DNA_B02__pv	4008	3473	2191	4775	3112	6413	1034	663
LP6008202-DNA_B03_vs_LP6008201-DNA_B03__pv	95	84	4122	64	105	62	36	181
LP6008202-DNA_C01_vs_LP6008201-DNA_C01__pv	5976	20998	4184	8006	8671	3848	6005	3244
LP6008202-DNA_C02_vs_LP6008201-DNA_C02__pv	1461	1334	616	1678	1221	2144	1004	1049
LP6008202-DNA_C03_vs_LP6008201-DNA_C03__pv	4654	3303	2940	2861	1671	3054	843	494
LP6008202-DNA_D01_vs_LP6008201-DNA_D01__pv	0	39150	0	13419	15237	0	12801	2523
LP6008202-DNA_D02_vs_LP6008201-DNA_D02__pv	1298	4373	1196	3819	205	3978	639	1659
LP6008202-DNA_D03_vs_LP6008201-DNA_D03__pv	6073	741	2838	646	2946	2020	370	3838
LP6008202-DNA_E01_vs_LP6008201-DNA_E01__pv	9472	13405	5955	2086	0	9920	3797	2219
LP6008202-DNA_E02_vs_LP6008201-DNA_E02__pv	2649	2455	1126	2739	2391	2057	772	661
LP6008202-DNA_E03_vs_LP6008201-DNA_D01__pv	0	32708	0	10259	13011	545	10308	2845
LP6008202-DNA_F02_vs_LP6008201-DNA_F02__pv	2307	1942	763	3240	2704	2692	569	1041
LP6008202-DNA_G01_vs_LP6008201-DNA_G01__pv	292	4693	225	3002	3357	5265	2639	653
LP6008202-DNA_G02_vs_LP6008201-DNA_G02__pv	10377	3787	4802	962	3997	2184	641	1482
LP6008202-DNA_H01_vs_LP6008201-DNA_H01__pv	5509	10955	5976	5762	12551	1738	3190	1240
LP6008202-DNA_H02_vs_LP6008201-DNA_H02__pv	5417	2677	1726	1922	2810	1933	878	2254
LP6008208-DNA_A01_vs_LP6008203-DNA_A01__pv	0	1727	12	1718	252	1356	373	535
LP6008208-DNA_A02_vs_LP6005979-DNA_A01__pv	26158	1234	14239	2435	8429	3452	575	1295
LP6008208-DNA_B01_vs_LP6008203-DNA_A01__pv	8	200	2	126	17	76	25	104
LP6008208-DNA_B02_vs_LP6005979-DNA_A01__pv	0	60	0	7	8	0	20	0
LP6008208-DNA_C01_vs_LP6008203-DNA_A01__pv	0	1679	9	1903	249	2131	573	605
LP6008208-DNA_C02_vs_LP6005979-DNA_A01__pv	6493	1427	4987	4564	3028	4396	1814	2378
LP6008208-DNA_D01_vs_LP6008203-DNA_A01__pv	0	1731	20	1914	269	1226	502	480
LP6008208-DNA_E01_vs_LP6008203-DNA_A01__pv	0	1627	10	1951	237	1218	516	485
LP6008208-DNA_F01_vs_LP6008203-DNA_A01__pv	0	1815	18	1902	243	1147	525	534
LP6008208-DNA_G01_vs_LP6008203-DNA_A01__pv	0	1587	37	1677	222	930	461	533
LP6008208-DNA_H01_vs_LP6005979-DNA_A01__pv	6291	1285	4917	4461	2953	4338	1829	2189
LP6008221-DNA_A01_vs_LP6008220-DNA_A01__pv	19577	6	9156	2105	2215	1942	479	1049
LP6008221-DNA_A02_vs_LP6008220-DNA_A02__pv	313	5070	612	3079	1739	8118	954	330
LP6008221-DNA_A03_vs_LP6008220-DNA_A03__pv	1630	2756	583	4655	570	5115	259	857
LP6008221-DNA_A04_vs_LP6008050-DNA_H01__pv	4081	10001	3340	1762	1316	3318	1380	1035
LP6008221-DNA_B01_vs_LP6008220-DNA_B01__pv	0	697	97	416	203	483	106	259
LP6008221-DNA_B02_vs_LP6008220-DNA_B02__pv	1436	3235	3080	1083	1790	1647	446	1817
LP6008221-DNA_B03_vs_LP6008220-DNA_B03__pv	7062	2505	2653	3226	1955	2831	672	1193
LP6008221-DNA_C01_vs_LP6008220-DNA_C01__pv	11441	4875	9738	3185	2055	2541	1654	3281
LP6008221-DNA_C02_vs_LP6008220-DNA_C02__pv	303	1850	91	2187	138	1293	272	434
LP6008221-DNA_C03_vs_LP6008220-DNA_C03__pv	1818	3411	1206	1968	1153	2886	393	1373
LP6008221-DNA_D01_vs_LP6008220-DNA_D01__pv	7072	4838	4915	5315	6210	4694	546	3002
LP6008221-DNA_D02_vs_LP6008220-DNA_D02__pv	7107	3000	3816	1793	140	2617	637	3635
LP6008221-DNA_D03_vs_LP6008220-DNA_D03__pv	9243	4726	16072	2006	3238	1072	1631	1638
LP6008221-DNA_E01_vs_LP6008220-DNA_E01__pv	19083	0	5414	293	12831	1975	0	0
LP6008221-DNA_E02_vs_LP6008220-DNA_E02__pv	17959	1585	8952	1517	4800	1938	405	600
LP6008221-DNA_E03_vs_LP6008220-DNA_E03__pv	15150	3387	11222	3228	4558	3157	1360	1405
LP6008221-DNA_F01_vs_LP6008220-DNA_F01__pv	2913	4027	786	1174	2667	2457	801	853
LP6008221-DNA_F02_vs_LP6008220-DNA_F02__pv	3175	8960	0	0	3622	1225	37746	4075
LP6008221-DNA_F03_vs_LP6008220-DNA_F03__pv	9331	5021	7679	2611	5745	4651	2737	606
LP6008221-DNA_G01_vs_LP6008220-DNA_G01__pv	27	3576	0	1356	876	1200	626	1268
LP6008221-DNA_G02_vs_LP6008220-DNA_G02__pv	3847	2701	1925	2555	1360	6337	583	1002
LP6008221-DNA_G03_vs_LP6008220-DNA_H02__pv	603	886	602	942	361	723	111	372
LP6008221-DNA_H01_vs_LP6008220-DNA_H01__pv	1483	283	1576	4465	2526	1654	512	4773
LP6008221-DNA_H02_vs_LP6008220-DNA_H02__pv	1678	9377	1587	2118	182	4207	981	1960
LP6008221-DNA_H03_vs_LP6008220-DNA_D03__pv	1456	754	1072	843	148	832	104	181
LP6008267-DNA_A01_vs_LP6008266-DNA_A01__pv	23883	0	11974	3365	8803	3787	0	315
LP6008267-DNA_A02_vs_LP6008266-DNA_G01__pv	1121	2622	789	2699	513	3483	377	548
LP6008267-DNA_B01_vs_LP6008266-DNA_B01__pv	31759	3428	31010	2347	2753	1501	1367	1516
LP6008267-DNA_B02_vs_LP6008266-DNA_H01__pv	9338	6738	5077	2951	2256	4024	1576	1387
LP6008267-DNA_C01_vs_LP6008266-DNA_C01__pv	11955	1982	2053	3623	4039	4289	1026	1447
LP6008267-DNA_C02_vs_LP6008266-DNA_H01__pv	1394	2051	337	2980	66	1833	257	377
LP6008267-DNA_D01_vs_LP6008201-DNA_F01__pv	1798	3714	782	1260	1062	1854	1030	1331
LP6008267-DNA_D02_vs_LP6008266-DNA_A02__pv	533	1841	268	2513	10278	5246	3944	6937
LP6008267-DNA_E01_vs_LP6008266-DNA_D01__pv	4848	2769	2670	2853	1548	3885	1157	1145
LP6008267-DNA_E02_vs_LP6008266-DNA_A02__pv	2796	5828	1168	1835	222	4633	1908	1388
LP6008267-DNA_F01_vs_LP6008266-DNA_E01__pv	12901	4064	8827	2240	2381	2359	839	1240
LP6008267-DNA_G01_vs_LP6008266-DNA_F01__pv	864	4438	907	583	0	2940	2010	7997
LP6008267-DNA_H01_vs_LP6008266-DNA_G01__pv	784	3233	900	4048	1222	3772	1395	1652
LP6008269-DNA_A02_vs_LP6008268-DNA_C02__pv	164	1235	126	1474	425	1153	226	287
LP6008269-DNA_A03_vs_LP6008268-DNA_C03__pv	79070	0	57227	0	6589	0	0	0
LP6008269-DNA_A04_vs_LP6008268-DNA_C04__pv	1475	1267	871	1655	311	1289	276	309
LP6008269-DNA_A05_vs_LP6008268-DNA_C05__pv	2552	979	1591	5117	819	4513	73	1040
LP6008269-DNA_A06_vs_LP6008268-DNA_B06__pv	131	2146	326	2302	704	1823	593	765
LP6008269-DNA_A08_vs_LP6008268-DNA_A08__pv	7606	1275	3120	2875	2592	3986	699	1322
LP6008269-DNA_A09_vs_LP6008268-DNA_A09__pv	2082	2162	1241	3349	1117	3941	353	888
LP6008269-DNA_A10_vs_LP6008268-DNA_A10__pv	1249	4508	992	3549	555	4166	538	955
LP6008269-DNA_B02_vs_LP6008268-DNA_D02__pv	1537	1716	724	2948	652	2135	538	445
LP6008269-DNA_B03_vs_LP6008268-DNA_D03__pv	476	1629	776	1536	798	820	73	127
LP6008269-DNA_B05_vs_LP6008268-DNA_D05__pv	9854	1814	3235	2021	4350	3968	589	950
LP6008269-DNA_B06_vs_LP6008268-DNA_C06__pv	18533	0	7607	3684	10352	4572	1249	1084
LP6008269-DNA_B07_vs_LP6008268-DNA_B07__pv	29	3413	0	1681	813	1462	496	633
LP6008269-DNA_B08_vs_LP6008268-DNA_B08__pv	5808	1691	1494	1204	599	1416	416	457
LP6008269-DNA_B09_vs_LP6008268-DNA_B09__pv	1135	2372	274	4590	1518	4092	128	776
LP6008269-DNA_B10_vs_LP6008268-DNA_B10__pv	2400	3821	3018	1947	3230	7596	3516	1988
LP6008269-DNA_C04_vs_LP6008268-DNA_E04__pv	0	460137	0	213822	203907	0	177877	21451
LP6008269-DNA_C05_vs_LP6008268-DNA_E05__pv	12018	2563	7554	2951	0	3357	1374	731
LP6008269-DNA_C06_vs_LP6008268-DNA_D06__pv	1395	8669	655	1749	1532	3972	746	583
LP6008269-DNA_C07_vs_LP6008268-DNA_C07__pv	2517	2202	673	4907	2940	3964	210	2028
LP6008269-DNA_C08_vs_LP6008268-DNA_C08__pv	7170	3525	9101	2268	4597	6478	1235	1087
LP6008269-DNA_C09_vs_LP6008268-DNA_C09__pv	9849	1610	9527	678	3374	1340	152	1112
LP6008269-DNA_C10_vs_LP6008268-DNA_C10__pv	2873	1702	2235	3695	139	1352	310	231
LP6008269-DNA_D02_vs_LP6008268-DNA_F02__pv	2490	3687	1867	3296	1500	3058	1363	1925
LP6008269-DNA_D03_vs_LP6008268-DNA_F03__pv	4540	2361	1535	6600	973	3423	0	413
LP6008269-DNA_D04_vs_LP6008268-DNA_F04__pv	657	833	196	1777	349	1294	78	194
LP6008269-DNA_D05_vs_LP6008268-DNA_F05__pv	0	0	3605	12802	1987	2724	39449	1080
LP6008269-DNA_D06_vs_LP6008268-DNA_E06__pv	2279	2866	1741	2483	175	2694	756	666
LP6008269-DNA_D07_vs_LP6008268-DNA_D07__pv	6037	2159	5416	3362	2067	5097	639	834
LP6008269-DNA_D08_vs_LP6008268-DNA_D08__pv	59857	0	46245	1092	0	2351	728	1062
LP6008269-DNA_D09_vs_LP6008268-DNA_D09__pv	0	462183	0	214793	202694	0	181766	22501
LP6008269-DNA_D10_vs_LP6008268-DNA_D10__pv	3262	6436	3864	3070	879	5103	2346	1775
LP6008269-DNA_E01_vs_LP6008268-DNA_E01__pv	2193	2449	865	2275	1136	4160	1308	686
LP6008269-DNA_E02_vs_LP6008268-DNA_G02__pv	6445	2162	5832	2637	0	1898	963	2373
LP6008269-DNA_E03_vs_LP6008268-DNA_G03__pv	656	2854	1523	3408	94	2543	396	564
LP6008269-DNA_E04_vs_LP6008268-DNA_G04__pv	21742	232	11773	2394	5493	5107	243	606
LP6008269-DNA_E06_vs_LP6008268-DNA_F06__pv	127	2268	153	1292	1088	1161	739	535
LP6008269-DNA_E07_vs_LP6008268-DNA_E07__pv	8683	10222	736	22061	5510	7128	46845	0
LP6008269-DNA_E08_vs_LP6008268-DNA_E08__pv	3269	3791	3266	1449	844	2282	1394	1538
LP6008269-DNA_E09_vs_LP6008268-DNA_E09__pv	296	2025	176	1539	401	778	457	583
LP6008269-DNA_E10_vs_LP6008268-DNA_E10__pv	7341	4812	3273	2554	2388	4208	765	1641
LP6008269-DNA_F01_vs_LP6008268-DNA_H01__pv	685	970	252	1057	392	621	176	131
LP6008269-DNA_F02_vs_LP6008268-DNA_H02__pv	3321	3532	1285	1822	1429	2804	921	1360
LP6008269-DNA_F03_vs_LP6008268-DNA_H03__pv	3827	1406	0	2396	2272	4639	1788	2567
LP6008269-DNA_F04_vs_LP6008268-DNA_H04__pv	1065	1801	702	3008	206	3143	82	993
LP6008269-DNA_F06_vs_LP6008268-DNA_G06__pv	1666	3133	710	2392	613	2217	416	603
LP6008269-DNA_F07_vs_LP6008268-DNA_F07__pv	80	1477	109	2349	0	122	193	158
LP6008269-DNA_F08_vs_LP6008268-DNA_F08__pv	11704	4124	1730	1411	2425	2593	427	1514
LP6008269-DNA_F09_vs_LP6008268-DNA_F09__pv	1427	3569	919	3177	609	2359	1107	859
LP6008269-DNA_G01_vs_LP6008268-DNA_A02__pv	3569	927	7452	702	1563	560	90	142
LP6008269-DNA_G02_vs_LP6008268-DNA_A03__pv	2275	1879	801	2658	1864	2141	445	1302
LP6008269-DNA_G03_vs_LP6008268-DNA_A04__pv	16191	46	16830	1902	6526	3088	165	507
LP6008269-DNA_G04_vs_LP6008268-DNA_A05__pv	872	1505	670	2785	535	909	550	324
LP6008269-DNA_G06_vs_LP6008268-DNA_H06__pv	14306	2226	15828	4287	2378	2505	0	1671
LP6008269-DNA_G07_vs_LP6008268-DNA_G07__pv	8698	791	7492	1162	0	914	632	495
LP6008269-DNA_G08_vs_LP6008268-DNA_G08__pv	3406	3252	2567	2461	1839	2173	942	823
LP6008269-DNA_G09_vs_LP6008268-DNA_G09__pv	0	31	2	30	8	4	26	0
LP6008269-DNA_H01_vs_LP6008268-DNA_B02__pv	76	563	0	578	173	89	0	25
LP6008269-DNA_H02_vs_LP6008268-DNA_B03__pv	15264	0	10764	2695	9897	1998	0	218
LP6008269-DNA_H03_vs_LP6008268-DNA_B04__pv	1134	2587	2380	3307	0	1400	369	1335
LP6008269-DNA_H05_vs_LP6008268-DNA_A06__pv	3810	4505	1825	4629	4455	4810	886	2755
LP6008269-DNA_H06_vs_LP6008268-DNA_A07__pv	7513	3976	1887	2451	2242	3423	1484	1470
LP6008269-DNA_H07_vs_LP6008268-DNA_H07__pv	4550	863	10233	1360	1572	1913	631	959
LP6008269-DNA_H08_vs_LP6008268-DNA_H08__pv	1396	12433	1876	1650	357	3613	932	4220
LP6008269-DNA_H09_vs_LP6008268-DNA_H09__pv	9376	0	18788	0	27963	0	0	483
LP6008280-DNA_A01_vs_LP6008264-DNA_A01__pv	2673	2114	2186	2597	1442	3997	857	1242
LP6008280-DNA_A02_vs_LP6008264-DNA_A02__pv	4544	2091	1815	987	2005	2154	387	442
LP6008280-DNA_A03_vs_LP6008264-DNA_A03__pv	1398	1935	606	7344	1645	3469	574	1300
LP6008280-DNA_A04_vs_LP6008264-DNA_H03__pv	1881	5322	5079	621	710	983	722	1648
LP6008280-DNA_A05_vs_LP6008264-DNA_H04__pv	2281	1298	371	1112	73	1164	220	162
LP6008280-DNA_A07_vs_LP6008264-DNA_H06__pv	2858	987	939	1190	685	866	466	279
LP6008280-DNA_B01_vs_LP6008264-DNA_B01__pv	750	0	1767	9541	1502	5619	29519	1153
LP6008280-DNA_B02_vs_LP6008264-DNA_B02__pv	49	1446	0	3100	465	1534	711	341
LP6008280-DNA_B03_vs_LP6008264-DNA_B03__pv	550	1573	188	2831	321	2309	288	3527
LP6008280-DNA_B04_vs_LP6008264-DNA_A04__pv	13	53	0	13	46	0	48	2
LP6008280-DNA_B05_vs_LP6008264-DNA_A05__pv	7392	3249	4943	3560	2389	7818	700	623
LP6008280-DNA_C01_vs_LP6008264-DNA_C01__pv	26932	3938	8341	3687	0	2942	1339	1382
LP6008280-DNA_C02_vs_LP6008264-DNA_C02__pv	11391	2913	9153	2395	2257	1362	1022	3502
LP6008280-DNA_C03_vs_LP6008264-DNA_C03__pv	2120	2329	1736	2929	0	8843	47	16256
LP6008280-DNA_C04_vs_LP6008264-DNA_B04__pv	0	53	0	24	76	0	72	4
LP6008280-DNA_C05_vs_LP6008264-DNA_B05__pv	1739	2390	939	3057	844	1624	648	361
LP6008280-DNA_C06_vs_LP6008264-DNA_B06__pv	4675	492	4467	1180	2239	1060	84	55
LP6008280-DNA_D02_vs_LP6008264-DNA_D02__pv	7326	2521	2890	996	4071	2108	1000	1417
LP6008280-DNA_D03_vs_LP6008264-DNA_H01__pv	0	146	0	142	36	4	53	3
LP6008280-DNA_D05_vs_LP6008264-DNA_E04__pv	3096	1284	2308	1854	845	893	394	521
LP6008280-DNA_E01_vs_LP6008264-DNA_E01__pv	11685	3417	0	2904	2115	3965	957	1091
LP6008280-DNA_E02_vs_LP6008264-DNA_E02__pv	10493	2633	10351	2841	5683	3126	525	2428
LP6008280-DNA_E03_vs_LP6008264-DNA_D03__pv	5210	1005	3326	972	1223	1304	312	477
LP6008280-DNA_E04_vs_LP6008264-DNA_D04__pv	9460	2164	3173	6299	527	6140	248	374
LP6008280-DNA_E05_vs_LP6008264-DNA_D05__pv	3214	821	5976	886	747	316	110	171
LP6008280-DNA_F01_vs_LP6008264-DNA_F01__pv	12290	8412	4153	2669	5752	5283	1606	1953
LP6008280-DNA_F02_vs_LP6008264-DNA_F02__pv	4498	4498	3447	5666	753	3544	1616	518
LP6008280-DNA_F03_vs_LP6008264-DNA_E03__pv	23185	0	22875	1585	4959	1949	658	1201
LP6008280-DNA_F05_vs_LP6008264-DNA_E05__pv	2334	1257	2463	1744	1170	2013	632	581
LP6008280-DNA_F06_vs_LP6008264-DNA_E06__pv	4033	1336	2036	3994	1528	2306	323	0
LP6008280-DNA_G01_vs_LP6008264-DNA_G01__pv	383	299	553	87	159	47	228	47
LP6008280-DNA_G02_vs_LP6008264-DNA_G02__pv	284	2095	257	1685	702	2252	967	788
LP6008280-DNA_G03_vs_LP6008264-DNA_F03__pv	718	1613	400	2568	1177	2142	817	527
LP6008280-DNA_G04_vs_LP6008264-DNA_F04__pv	1497	729	665	2066	1415	1481	648	1452
LP6008280-DNA_G05_vs_LP6008264-DNA_F05__pv	3553	2156	2323	3921	442	3083	639	606
LP6008280-DNA_G06_vs_LP6008264-DNA_F06__pv	61	825	3	881	264	542	81	133
LP6008280-DNA_H01_vs_LP6008264-DNA_H01__pv	1757	2781	986	3392	945	3660	1024	644
LP6008280-DNA_H02_vs_LP6008264-DNA_H02__pv	12605	7070	10124	1038	4031	3527	1391	2744
LP6008280-DNA_H04_vs_LP6008264-DNA_G04__pv	7440	2017	2203	4669	1463	2820	863	625
LP6008280-DNA_H05_vs_LP6008264-DNA_G05__pv	4062	1297	462	1738	1310	1671	499	279
LP6008280-DNA_H06_vs_LP6008264-DNA_G06__pv	11667	1379	8095	1841	2218	4892	218	864
LP6008334-DNA_A01_vs_LP6008335-DNA_A01__pv	62569	0	35506	0	40762	0	0	0
LP6008334-DNA_A03_vs_LP6008335-DNA_E02__pv	4725	2256	4454	3203	1319	4993	1782	8120
LP6008334-DNA_A04_vs_LP6008335-DNA_E03__pv	2177	4650	1436	4788	767	5737	1558	958
LP6008334-DNA_B01_vs_LP6008335-DNA_B01__pv	4456	1806	3019	3260	3220	3348	335	898
LP6008334-DNA_B02_vs_LP6008335-DNA_F01__pv	3765	2814	2088	1279	1896	3880	347	919
LP6008334-DNA_B03_vs_LP6008335-DNA_F02__pv	30390	3059	34373	35871	11868	8768	90070	0
LP6008334-DNA_C01_vs_LP6008335-DNA_C01__pv	3865	3840	1635	3660	846	4070	830	1233
LP6008334-DNA_C02_vs_LP6008335-DNA_G01__pv	2558	886	3355	3481	3670	7560	373	5494
LP6008334-DNA_C03_vs_LP6008335-DNA_G02__pv	2799	8134	4225	4355	0	2389	2089	1554
LP6008334-DNA_D01_vs_LP6008335-DNA_D01__pv	4062	2023	1182	2309	1673	2763	456	1406
LP6008334-DNA_D02_vs_LP6008335-DNA_H01__pv	5214	6690	8008	1438	4269	3992	1504	1979
LP6008334-DNA_D03_vs_LP6008335-DNA_H02__pv	13046	6997	6023	1732	3000	15792	1540	1781
LP6008334-DNA_E01_vs_LP6008335-DNA_A01__pv	2867	1198	2662	828	0	452	196	1305
LP6008334-DNA_E02_vs_LP6008335-DNA_A02__pv	4322	2821	2191	2022	2484	4023	803	971
LP6008334-DNA_E03_vs_LP6008335-DNA_A03__pv	2962	5900	3028	3661	3683	5616	2072	1610
LP6008334-DNA_F01_vs_LP6008335-DNA_B01__pv	542	2229	485	5675	298	6332	305	152
LP6008334-DNA_F02_vs_LP6008335-DNA_B02__pv	6504	998	2594	1839	2048	2998	254	525
LP6008334-DNA_F03_vs_LP6008335-DNA_B03__pv	821	3015	243	4125	153	3250	448	495
LP6008334-DNA_G01_vs_LP6008335-DNA_C01__pv	1404	887	630	1045	487	1336	368	205
LP6008334-DNA_G02_vs_LP6008335-DNA_C02__pv	3530	2741	2690	1705	3149	2774	438	1203
LP6008334-DNA_G03_vs_LP6008335-DNA_C03__pv	0	2020	0	2496	491	1578	637	1477
LP6008334-DNA_H01_vs_LP6008335-DNA_D01__pv	2003	2310	790	2008	1510	2928	1106	697
LP6008334-DNA_H02_vs_LP6008335-DNA_D02__pv	1712	6387	1336	3462	1188	3578	1130	1044
LP6008334-DNA_H03_vs_LP6008335-DNA_D03__pv	6531	4631	7585	3522	1857	2747	936	3412
LP6008336-DNA_A01_vs_LP6008333-DNA_A01__pv	51	4488	137	2198	684	3554	935	664
LP6008336-DNA_A02_vs_LP6008333-DNA_A02__pv	0	1804	0	2111	429	1107	457	548
LP6008336-DNA_A03_vs_LP6008333-DNA_A03__pv	47	1377	1	860	441	1291	158	442
LP6008336-DNA_B01_vs_LP6008333-DNA_B01__pv	511	2164	295	2023	512	1792	306	1015
LP6008336-DNA_B02_vs_LP6008333-DNA_B02__pv	1915	1688	2221	3020	113	714	548	1093
LP6008336-DNA_B03_vs_LP6008333-DNA_B03__pv	59	672	0	674	166	111	100	38
LP6008336-DNA_C01_vs_LP6008333-DNA_C01__pv	315	3664	406	1671	706	6328	1271	1839
LP6008336-DNA_C02_vs_LP6008333-DNA_C02__pv	2582	736	1150	796	938	1518	182	129
LP6008336-DNA_C03_vs_LP6008333-DNA_C03__pv	572	2920	625	2393	628	2739	1131	1772
LP6008336-DNA_D01_vs_LP6008333-DNA_D01__pv	3377	8125	0	15111	4978	2301	35425	1004
LP6008336-DNA_D02_vs_LP6008333-DNA_D02__pv	0	89	0	36	25	0	21	0
LP6008336-DNA_D03_vs_LP6008333-DNA_D03__pv	12339	7351	7598	2177	0	5290	1286	2015
LP6008336-DNA_E01_vs_LP6008333-DNA_E01__pv	11530	3108	1107	1371	3735	3397	616	1314
LP6008336-DNA_E02_vs_LP6008333-DNA_E02__pv	20180	2625	18352	2958	0	2094	1198	982
LP6008336-DNA_E03_vs_LP6008333-DNA_E03__pv	300	1455	341	1204	712	552	328	333
LP6008336-DNA_F02_vs_LP6008333-DNA_F02__pv	1467	2962	641	1212	490	2452	924	2292
LP6008336-DNA_F03_vs_LP6008333-DNA_F03__pv	1337	3994	474	5196	2873	4113	759	8993
LP6008336-DNA_G01_vs_LP6008333-DNA_G01__pv	2124	2664	285	2358	1496	2351	250	442
LP6008336-DNA_G02_vs_LP6008333-DNA_G02__pv	1484	4047	3395	550	4339	1163	430	830
LP6008336-DNA_G03_vs_LP6008333-DNA_G03__pv	3831	6675	1210	1833	554	6513	1087	1617
LP6008336-DNA_H01_vs_LP6008333-DNA_H01__pv	3037	3171	1880	2946	2914	6946	1063	1516
LP6008336-DNA_H02_vs_LP6008333-DNA_H02__pv	0	26	0	43	27	0	35	0
LP6008336-DNA_H03_vs_LP6008333-DNA_H03__pv	53	965	774	2001	917	9313	64	833
LP6008337-DNA_A01_vs_LP6008338-DNA_A01__pv	1501	962	655	774	819	892	209	334
LP6008337-DNA_A02_vs_LP6008338-DNA_A02__pv	1684	1413	691	1357	901	1774	580	766
LP6008337-DNA_A03_vs_LP6008338-DNA_A03__pv	3562	3385	2943	1603	1719	2360	640	1714
LP6008337-DNA_A04_vs_LP6008338-DNA_A04__pv	1539	832	871	962	480	904	95	156
LP6008337-DNA_A06_vs_LP6008338-DNA_G05__pv	4426	2485	2336	2514	2761	4899	1229	1523
LP6008337-DNA_A07_vs_LP6008338-DNA_E06__pv	0	1649	0	910	0	401	220	9675
LP6008337-DNA_B02_vs_LP6008338-DNA_B02__pv	283	1171	305	1266	467	769	254	297
LP6008337-DNA_B03_vs_LP6008338-DNA_B03__pv	1679	1291	1049	1511	822	1421	269	360
LP6008337-DNA_B04_vs_LP6008338-DNA_B04__pv	0	474806	0	220401	211771	0	184907	20915
LP6008337-DNA_B05_vs_LP6008338-DNA_A05__pv	3498	1348	1770	1332	677	1275	179	296
LP6008337-DNA_B07_vs_LP6008338-DNA_F06__pv	2527	4645	1116	2837	1620	5955	1541	998
LP6008337-DNA_C01_vs_LP6008338-DNA_C01__pv	5600	2988	3180	3706	1038	2621	405	1181
LP6008337-DNA_C02_vs_LP6008338-DNA_C02__pv	34	1645	152	2257	269	2328	416	493
LP6008337-DNA_C03_vs_LP6008338-DNA_C03__pv	6150	1092	1967	3936	1114	3493	696	798
LP6008337-DNA_C04_vs_LP6008338-DNA_C04__pv	3009	1441	5344	1070	1286	1003	127	432
LP6008337-DNA_C05_vs_LP6008338-DNA_B05__pv	3856	1882	2045	1734	564	3404	380	376
LP6008337-DNA_D01_vs_LP6008338-DNA_D01__pv	753	1032	0	1730	520	1100	463	181
LP6008337-DNA_D02_vs_LP6008338-DNA_D02__pv	450	733	250	670	225	425	205	102
LP6008337-DNA_D03_vs_LP6008338-DNA_D03__pv	1462	2469	626	3244	949	2443	378	437
LP6008337-DNA_D04_vs_LP6008338-DNA_D04__pv	725	846	300	479	468	865	244	123
LP6008337-DNA_D05_vs_LP6008338-DNA_C05__pv	306	921	0	1785	189	1410	208	140
LP6008337-DNA_D06_vs_LP6008338-DNA_A06__pv	26491	3021	17408	2509	8747	11189	1249	1214
LP6008337-DNA_E01_vs_LP6008338-DNA_E01__pv	6321	957	2962	1655	643	1928	415	218
LP6008337-DNA_E03_vs_LP6008338-DNA_E03__pv	3497	1418	1735	1601	1596	1732	753	637
LP6008337-DNA_E04_vs_LP6008338-DNA_E04__pv	5108	1110	3951	2211	2226	5206	293	304
LP6008337-DNA_E05_vs_LP6008338-DNA_D05__pv	2683	740	2135	1681	1226	1127	248	136
LP6008337-DNA_F01_vs_LP6008338-DNA_F01__pv	300	581	75	575	239	511	126	169
LP6008337-DNA_F02_vs_LP6008338-DNA_F02__pv	3151	3023	2108	2874	1312	3083	677	909
LP6008337-DNA_F03_vs_LP6008338-DNA_F03__pv	3248	1322	1915	1670	1109	2486	101	307
LP6008337-DNA_F04_vs_LP6008338-DNA_F04__pv	8804	2198	5364	5165	3847	3666	122	0
LP6008337-DNA_F05_vs_LP6008338-DNA_E05__pv	4466	3804	3422	5774	2180	7940	943	1828
LP6008337-DNA_F06_vs_LP6008338-DNA_C06__pv	16415	860	8943	1642	3110	2229	281	521
LP6008337-DNA_G01_vs_LP6008338-DNA_G01__pv	2911	2515	1727	4159	983	3905	480	717
LP6008337-DNA_G02_vs_LP6008338-DNA_G02__pv	5425	1493	1641	1406	1184	2102	377	321
LP6008337-DNA_G03_vs_LP6008338-DNA_G03__pv	7258	2186	4060	2749	947	4159	607	637
LP6008337-DNA_G04_vs_LP6008338-DNA_G04__pv	5459	1633	46	3012	0	1433	396	170
LP6008337-DNA_G05_vs_LP6008338-DNA_F05__pv	3169	1566	655	1089	1066	1696	507	579
LP6008337-DNA_G06_vs_LP6008338-DNA_C06__pv	17717	1572	6863	3673	2748	3325	527	347
LP6008337-DNA_H01_vs_LP6008338-DNA_H01__pv	601	882	414	1803	287	1049	133	88
LP6008337-DNA_H02_vs_LP6008338-DNA_H02__pv	48212	863	34478	1865	6942	4390	609	662
LP6008337-DNA_H03_vs_LP6008338-DNA_H03__pv	2104	2114	858	1784	694	1309	588	184
LP6008337-DNA_H04_vs_LP6008338-DNA_H04__pv	4042	1077	4651	1347	1647	1428	260	413
LP6008337-DNA_H06_vs_LP6008338-DNA_D06__pv	13427	4297	14947	1574	2421	4057	1526	1753
LP6008341-DNA_A01_vs_LP6008340-DNA_A01__pv	4183	1610	3095	3689	154	3198	228	282
LP6008341-DNA_A03_vs_LP6008340-DNA_F02__pv	0	473999	0	220474	222028	0	181817	20466
LP6008341-DNA_B01_vs_LP6008340-DNA_B01__pv	10355	4326	12159	1065	774	2053	1137	2445
LP6008341-DNA_B03_vs_LP6008340-DNA_G02__pv	975	1000	491	1655	677	857	287	269
LP6008341-DNA_C01_vs_LP6008340-DNA_C01__pv	6660	369	3028	2203	3283	2009	168	1042
LP6008341-DNA_D01_vs_LP6008340-DNA_D01__pv	13903	1660	9101	4141	7681	5236	800	2233
LP6008341-DNA_D02_vs_LP6008340-DNA_A02__pv	0	84	4	62	24	4	39	11
LP6008341-DNA_E01_vs_LP6008340-DNA_E01__pv	3352	969	4067	809	1056	1294	223	859
LP6008341-DNA_E02_vs_LP6008340-DNA_B02__pv	9657	1133	4993	1242	2724	3110	281	379
LP6008341-DNA_F01_vs_LP6008340-DNA_F01__pv	2548	1371	2404	1743	944	2546	294	237
LP6008341-DNA_F02_vs_LP6008340-DNA_C02__pv	2149	2864	1957	2423	2328	2348	421	1228
LP6008341-DNA_G01_vs_LP6008340-DNA_G01__pv	3535	2549	2927	3466	1892	3086	1083	730
LP6008341-DNA_G02_vs_LP6008340-DNA_D02__pv	898	1337	635	1744	476	1045	260	382
LP6008341-DNA_H01_vs_LP6008340-DNA_H01__pv	10321	6017	10447	3790	1871	6073	2491	3352
LP6008341-DNA_H02_vs_LP6008340-DNA_E02__pv	3279	1360	4173	1621	0	1320	391	389
LP6008460-DNA_A01_vs_LP6008340-DNA_A02__pv	3566	4010	1989	4941	409	1073	0	1093
LP6008460-DNA_A02_vs_LP6008340-DNA_C04__pv	6778	1133	4571	3547	2886	2819	640	1261
LP6008460-DNA_A03_vs_LP6008340-DNA_G04__pv	3277	1987	2981	1579	3064	4031	1019	2460
LP6008460-DNA_A04_vs_LP6008340-DNA_D05__pv	2136	4679	1177	4557	363	3073	1383	1171
LP6008460-DNA_B01_vs_LP6008340-DNA_A03__pv	978	1781	710	6190	529	2093	285	1403
LP6008460-DNA_B02_vs_LP6008340-DNA_D02__pv	5600	7993	1965	4077	2238	4559	1614	1867
LP6008460-DNA_B03_vs_LP6008340-DNA_H03__pv	982	1812	338	3205	1334	2426	137	1503
LP6008460-DNA_B04_vs_LP6008340-DNA_F02__pv	0	425600	0	187252	197118	0	156239	19188
LP6008460-DNA_C01_vs_LP6008340-DNA_B03__pv	1860	5106	1326	2400	2612	5180	1723	6165
LP6008460-DNA_C02_vs_LP6008340-DNA_D03__pv	119	1620	113	1329	623	1746	720	1211
LP6008460-DNA_C03_vs_LP6008340-DNA_H05__pv	3533	2470	1716	2169	541	1190	819	723
LP6008460-DNA_C04_vs_LP6008340-DNA_F03__pv	3519	10304	0	19906	8920	1211	67204	0
LP6008460-DNA_D01_vs_LP6008340-DNA_E02__pv	2174	4330	17913	1602	0	1660	790	2947
LP6008460-DNA_D02_vs_LP6008340-DNA_E03__pv	822	4323	0	449	173	2931	1139	1086
LP6008460-DNA_D03_vs_LP6008340-DNA_A05__pv	1884	2241	1311	2828	1414	1481	640	1465
LP6008460-DNA_E01_vs_LP6008340-DNA_F04__pv	926	2751	1181	1990	941	2342	224	864
LP6008460-DNA_E02_vs_LP6008340-DNA_E04__pv	632	5676	0	2508	926	6122	832	2366
LP6008460-DNA_E03_vs_LP6008340-DNA_B06__pv	1987	4877	1119	4849	2308	9361	1129	1852
LP6008460-DNA_E04_vs_LP6008340-DNA_H02__pv	3729	3580	1690	3237	1045	3918	1004	1668
LP6008460-DNA_F01_vs_LP6008340-DNA_B02__pv	10204	1977	5367	2554	4370	3558	482	621
LP6008460-DNA_F02_vs_LP6008340-DNA_E05__pv	3229	3678	4162	4445	2395	13239	2710	1568
LP6008460-DNA_F03_vs_LP6008340-DNA_C03__pv	35329	320	18959	1281	6948	2156	231	100
LP6008460-DNA_F04_vs_LP6008340-DNA_H04__pv	3910	8587	1848	3608	1001	5164	1081	1550
LP6008460-DNA_G01_vs_LP6008340-DNA_B04__pv	5289	4456	4840	16006	8339	0	61512	434
LP6008460-DNA_G02_vs_LP6008340-DNA_G02__pv	3038	2938	2114	2714	2141	3930	1156	1314
LP6008460-DNA_G03_vs_LP6008340-DNA_C05__pv	10034	5519	8003	2456	0	2839	1967	1771
LP6008460-DNA_H01_vs_LP6008340-DNA_C02__pv	2609	2324	2424	2784	2217	2286	333	1456
LP6008460-DNA_H02_vs_LP6008340-DNA_G03__pv	4861	1149	2317	1500	1509	1314	358	387
LP6008460-DNA_H03_vs_LP6008340-DNA_D04__pv	7363	731	6704	2194	5630	3136	0	837
PD44724a_vs_PD44724b__pv	8395	2045	6219	4752	4131	3601	449	2475
PD44725a_vs_PD44725b__pv	2963	2364	2669	2813	1138	2009	929	577
PD44726a_vs_PD44726b__pv	2267	442	692	1439	951	1846	160	510
PD44727a_vs_PD44727b__pv	11092	6646	3688	3314	0	1331	526	1340
PD44728a_vs_PD44728b__pv	1744	4488	470	2914	1196	3397	1336	2309
PD44729a_vs_PD44729b__pv	371	2422	179	4280	1204	3553	461	742
PD44730a_vs_PD44730b__pv	4804	3369	2788	2697	1638	2637	655	1244
PD44731a_vs_PD44731b__pv	762	2223	648	4427	178	1738	538	918
PD44732a_vs_PD44732b__pv	59	464	45	2587	1742	1641	354	1051
PD44733a_vs_PD44733b__pv	0	5045	880	15455	4058	731	63696	839
PD44734a_vs_PD44734b__pv	6097	3343	2946	2766	4368	3958	772	1771
PD44735a_vs_PD44735b__pv	3915	2584	1969	5486	1665	4641	954	1283
PD44736a_vs_PD44736b__pv	2006	4771	3026	3248	925	3849	1726	1186
PD44737a_vs_PD44737b__pv	3039	4321	1996	4266	690	4941	624	1455
PD44738a_vs_PD44738b__pv	11369	9990	8118	4236	611	4150	1068	1588
PD44739a_vs_PD44739b__pv	4547	2269	2832	2434	3796	3729	289	514
PD44740a_vs_PD44740b__pv	39477	740	18300	1859	14735	3594	635	1342
PD44741a_vs_PD44741b__pv	814	3280	383	2712	1803	1784	772	1746
PD44742a_vs_PD44742b__pv	1970	5674	6022	1520	2448	3826	2733	4332
PD44743a_vs_PD44743b__pv	2348	2537	579	2997	1758	3441	526	929
PD44744a_vs_PD44744b__pv	14953	0	10152	3024	7145	1920	0	4739
PD44745a_vs_PD44745b__pv	18329	5747	8083	4795	5364	4760	812	3861
PD44746a_vs_PD44746b__pv	294	1617	151	1460	206	1759	750	658
PD44747a_vs_PD44747b__pv	3782	2195	3087	2090	976	2348	476	744
PD44749a_vs_PD44749b__pv	2739	1736	2683	790	1007	837	446	1229
PD44751a_vs_PD44751b__pv	1097	343	682	964	456	747	203	65
PD44752a_vs_PD44752b__pv	2393	1543	490	3300	1208	6359	55	882
PD44753a_vs_PD44753b__pv	472	2977	395	2043	1904	1778	958	1162
PD44758a_vs_PD44758b__pv	6829	2256	3086	1571	450	1124	1006	669
PD44759a_vs_PD44759b__pv	3074	3461	1815	2233	662	3561	1078	918
PD44760a_vs_PD44760b__pv	1852	3679	2970	2352	993	1837	621	837
PD44761a_vs_PD44761b__pv	860	4860	487	4907	445	2851	456	551
PD44762a_vs_PD44762b__pv	108	1716	111	2009	765	914	580	851
PD44763a_vs_PD44763b__pv	3134	2456	2056	3060	2432	3527	769	1160
PD44764a_vs_PD44764b__pv	842	4300	932	2133	0	1224	669	2844
PD44765a_vs_PD44765b__pv	17811	2456	26094	3299	3038	3117	1670	2867
PD44766a_vs_PD44766b__pv	2857	821	760	29601	0	0	57708	0
PD44767a_vs_PD44767b__pv	7661	5240	14713	1986	828	1753	2580	1852
PD44769a_vs_PD44769b__pv	243	2648	0	2190	693	2058	512	839
PD44770a_vs_PD44770b__pv	2593	0	4308	9917	0	1038	24370	593
PD44772a_vs_PD44772b__pv	3919	6608	1165	3031	1189	5578	1086	3593
PD44773a_vs_PD44773b__pv	4867	3305	2198	8534	2423	1931	0	258
PD44774a_vs_PD44774b__pv	152	2213	217	3493	411	410	117	1085
PD44775a_vs_PD44775b__pv	0	0	704	56049	0	706	49491	0
PD44776a_vs_PD44776b__pv	7758	3566	16935	734	8990	1919	0	1862
PD44777a_vs_PD44777b__pv	981	2647	314	3498	1017	4396	951	496
PD44778a_vs_PD44778b__pv	1842	6408	5766	3571	1232	1344	967	1603
PD44780a_vs_PD44780b__pv	59	1032	20	1650	538	2179	32	371
PD44781a_vs_PD44781b__pv	16855	1301	7282	2861	7341	2533	1539	2491
PD44782a_vs_PD44782b__pv	18530	931	16799	1982	6180	2981	314	3531
PD44783a_vs_PD44783b__pv	3662	9052	1634	685	764	2980	1636	707
PD44784a_vs_PD44784b__pv	818	5307	474	4206	874	6315	854	927
PD44785a_vs_PD44785b__pv	11458	1844	6286	1404	7214	2191	540	778
PD44786a_vs_PD44786b__pv	1081	1112	279	1466	692	713	405	572
PD44787a_vs_PD44787b__pv	935	2537	1181	3472	647	5274	407	895
PD44788a_vs_PD44788b__pv	2958	3916	1608	2460	1622	6392	921	2433
PD44789a_vs_PD44789b__pv	5421	5092	3569	3428	2001	3960	1507	3094
PD44790a_vs_PD44790b__pv	5734	2943	5876	1492	517	2944	1072	1261
PD44791a_vs_PD44791b__pv	4349	902	2077	1115	0	934	392	37
PD44792a_vs_PD44792b__pv	10814	475	12346	517	5745	3227	814	1754
PD44793a_vs_PD44793b__pv	467	1553	260	2884	784	2134	615	767
PD44794a_vs_PD44794b__pv	605	4633	0	1869	605	3085	602	2191
PD44795a_vs_PD44795b__pv	13293	0	13209	822	4874	2296	318	376
PD44796a_vs_PD44796b__pv	2582	8197	1946	3837	1883	3745	1539	1687
PD44797a_vs_PD44797b__pv	4431	4937	2623	4553	3066	7627	1760	1987
PD44798a_vs_PD44798b__pv	1556	1818	569	2414	839	2549	401	575
PD44799a_vs_PD44799b__pv	1917	2465	589	3362	876	3127	789	779
PD44800a_vs_PD44800b__pv	3920	2861	1785	3199	1206	4326	884	1590
PD44801a_vs_PD44801b__pv	5483	1234	2595	3822	546	3980	790	436
PD44802a_vs_PD44802b__pv	129	1306	208	1321	434	831	346	300
PD44803a_vs_PD44803b__pv	5920	5267	4290	4829	1875	7677	1256	1112
PD44804a_vs_PD44804b__pv	1149	995	771	1047	981	1073	314	211
PD44805a_vs_PD44805b__pv	12180	0	21573	2498	7217	1900	0	3330
PD44807a_vs_PD44807b__pv	231	2128	148	1544	1013	814	334	1241
PD44808a_vs_PD44808b__pv	910	5150	471	2206	0	2086	907	3205
PD44809a_vs_PD44809b__pv	1835	5190	1338	3216	232	2891	529	1217
PD44810a_vs_PD44810b__pv	5311	0	5239	3874	9603	2345	1156	3703
PD44811a_vs_PD44811b__pv	3584	2411	1585	1595	439	2361	1345	1118
PD44813a_vs_PD44813b__pv	3007	3063	3621	2442	1115	1495	1012	1000
PD44814a_vs_PD44814b__pv	953	6101	604	3047	510	3647	962	999
PD44815a_vs_PD44815b__pv	2417	3581	1572	1157	616	1721	1036	1896
PD44816a_vs_PD44816b__pv	2033	2618	786	4935	488	3454	852	789
PD44817a_vs_PD44817b__pv	0	2685	0	1195	1471	4872	821	1539
PD44818a_vs_PD44818b__pv	7138	2371	6359	1939	819	2159	929	960
PD44819a_vs_PD44819b__pv	20780	4349	13836	3186	3572	4647	1368	1709
PD44820a_vs_PD44820b__pv	1769	2152	1254	2736	313	2598	878	925
PD44821a_vs_PD44821b__pv	5683	2513	3658	3120	1558	3314	832	1365
PD44823a_vs_PD44823b__pv	1104	2151	381	1732	907	1444	659	1028
PD44824a_vs_PD44824b__pv	3502	3323	3944	5020	925	3586	898	2423
PD44825a_vs_PD44825b__pv	2827	11272	8695	28889	0	3399	62610	3340
PD44826a_vs_PD44826b__pv	2529	2847	1649	3601	1595	3820	1106	1319
PD44827a_vs_PD44827b__pv	1498	2487	1022	1425	468	2463	1590	916
PD44828a_vs_PD44828b__pv	11163	1071	6914	3655	3267	3863	692	688
PD44829a_vs_PD44829b__pv	4725	8218	1186	7271	1723	9797	1612	1909
PD44830a_vs_PD44830b__pv	4222	1819	1832	4351	617	7685	540	894
PD44831a_vs_PD44831b__pv	22739	0	11599	1839	15178	773	737	1653
PD44832a_vs_PD44832b__pv	0	0	4892	19450	0	5000	46259	2102
PD44833a_vs_PD44833b__pv	16227	1863	11048	1427	6588	3408	395	578
PD44834a_vs_PD44834b__pv	2097	4375	1751	2234	1453	1376	882	1670
PD44835a_vs_PD44835b__pv	2712	2710	992	1392	406	5019	703	1863
PD44836a_vs_PD44836b__pv	2366	6762	3014	6254	1838	3816	2306	1760
PD44837a_vs_PD44837b__pv	974	687	375	1066	646	1154	78	293
PD44838a_vs_PD44838b__pv	879	6779	229	4991	2076	5207	480	2680
PD44839a_vs_PD44839b__pv	482	3688	1525	3136	0	1646	773	2656
PD44840a_vs_PD44840b__pv	4264	2522	3376	2380	1893	2259	790	652
PD44841a_vs_PD44841b__pv	8546	6696	5794	18491	3697	1333	50349	1212
PD44842a_vs_PD44842b__pv	158	1156	546	2198	1366	2067	442	904
PD44843a_vs_PD44843b__pv	5073	5288	10036	4657	2487	4408	803	2082
PD44844a_vs_PD44844b__pv	275	1983	263	2453	203	3052	436	726
PD44845a_vs_PD44845b__pv	3414	1100	595	3513	2900	4056	168	1439
PD44846a_vs_PD44846b__pv	8655	892	382	1577	3915	2851	622	306
PD44847a_vs_PD44847b__pv	2866	2855	2271	3838	66	2004	559	714
PD44848a_vs_PD44848b__pv	9566	11194	13590	2802	1703	3742	3762	4728
PD44849a_vs_PD44849b__pv	462	3021	246	3589	2553	6140	1425	2012
PD44850a_vs_PD44850b__pv	4293	3239	7414	4904	2746	2090	622	1103
PD44851a_vs_PD44851b__pv	2991	2190	1638	3396	648	2101	942	2537
PD44852a_vs_PD44852b__pv	3024	6943	3153	3832	754	3238	1164	816
PD44853a_vs_PD44853b__pv	2300	530	1908	3213	1167	4360	515	487
PD44854a_vs_PD44854b__pv	2530	3007	1990	3074	1944	2913	594	1633
PD44855a_vs_PD44855b__pv	5610	3172	1338	2567	228	3633	977	1109
PD44856a_vs_PD44856b__pv	15327	1269	6212	3773	4046	2536	492	862
PD44857a_vs_PD44857b__pv	15492	2369	12267	2035	1626	1816	1189	741
PD44859a_vs_PD44859b__pv	5740	3053	7330	6506	3218	1251	27455	2082
PD44861a_vs_PD44861b__pv	3564	3002	2275	2386	4319	4149	1329	1602
PD44862a_vs_PD44862b__pv	457	2746	2056	1195	3224	441	747	6264
PD44863a_vs_PD44863b__pv	5524	895	4709	3227	11	4498	463	2584
PD44864a_vs_PD44864b__pv	8147	2317	5693	2073	1667	2328	829	1813
PD44904a_vs_PD44904b__pv	13183	9773	6465	2795	7221	4207	1517	811
PD44905a_vs_PD44905b__pv	981	5889	734	2128	2452	1789	1182	2915
PD44906a_vs_PD44906b__pv	1765	3092	1865	1318	3249	1803	456	637
PD44908a_vs_PD44908b__pv	6385	3193	7144	2798	908	1557	1197	1080
PD44909a_vs_PD44909b__pv	463	1356	88	3499	333	2516	41	73
PD44910a_vs_PD44910b__pv	5606	1916	2409	3716	2259	4541	848	1201
PD44912a_vs_PD44912b__pv	29649	4469	9860	2779	0	4563	1690	2958
PD44913a_vs_PD44913b__pv	898	4658	1261	2087	1421	2468	735	826
PD44914a_vs_PD44914b__pv	1293	8289	2240	2331	201	2282	1615	2484
PD44915a_vs_PD44915b__pv	2721	1969	3193	1431	882	3580	484	845
PD44916a_vs_PD44916b__pv	837	3229	673	2508	282	1597	362	1371
PD44917a_vs_PD44917b__pv	43	1234	30	689	190	567	162	595
PD44918a_vs_PD44918b__pv	3884	531	3113	2521	2084	2480	312	1389
PD44919a_vs_PD44919b__pv	7433	953	422	2775	2872	2016	177	624
PD44920a_vs_PD44920b__pv	8936	1693	4588	1512	3547	1622	601	583
PD44921a_vs_PD44921b__pv	1194	1470	1194	949	512	515	268	275
PD44922a_vs_PD44922b__pv	28926	0	16526	142	20562	3823	0	2921
PD44923a_vs_PD44923b__pv	3017	9583	1109	4982	3811	5847	1982	3782
PD44924a_vs_PD44924b__pv	758	2983	706	5206	344	2382	209	817
PD44925a_vs_PD44925b__pv	3412	4186	2147	2122	2819	7244	1271	2110
PD44926a_vs_PD44926b__pv	1120	1979	620	4079	483	2972	462	590
PD44927a_vs_PD44927b__pv	8861	1236	3844	2917	2312	2474	702	947
PD44928a_vs_PD44928b__pv	4673	2160	971	4243	1465	5090	893	409
PD44929a_vs_PD44929b__pv	7271	2257	2952	3102	3257	2070	575	951
PD44930a_vs_PD44930b__pv	4164	9349	10399	2145	0	3332	1213	4674
PD44931a_vs_PD44931b__pv	8343	0	14217	14062	3217	2120	55331	825
PD44932a_vs_PD44932b__pv	10636	2004	1300	2096	1562	2888	670	437
PD44933a_vs_PD44933b__pv	76	1966	19	1633	205	107	418	4794
PD44934a_vs_PD44934b__pv	48144	1242	6516	1673	5736	3227	1847	1528
PD44935a_vs_PD44935b__pv	1516	4112	867	1769	1566	4100	1195	1027
PD44936a_vs_PD44936b__pv	1008	1633	972	1828	510	817	528	419
PD44937a_vs_PD44937b__pv	4009	5427	4093	3688	2365	3369	811	3300
PD44938a_vs_PD44938b__pv	5377	2752	2890	1685	4242	3213	1671	699
PD44939a_vs_PD44939b__pv	1716	2988	743	3685	1421	3538	714	1470
PD44941a_vs_PD44941b__pv	1253	4241	515	2773	880	3431	525	869
PD44942a_vs_PD44942b__pv	5315	1532	2241	3607	1527	2731	352	514
PD44943a_vs_PD44943b__pv	324	2311	248	1796	532	2232	684	245
PD44944a_vs_PD44944b__pv	4467	2817	1583	2590	1855	3404	1200	616
PD44945a_vs_PD44945b__pv	17828	2765	13340	1178	3430	3880	430	1546
PD44946a_vs_PD44946b__pv	2985	3628	2475	3138	283	2623	349	877
PD44947a_vs_PD44947b__pv	520	874	235	708	488	913	102	304
PD44948a_vs_PD44948b__pv	7422	2085	7263	2282	1757	1668	717	4872
PD44949a_vs_PD44949b__pv	3247	0	1418	3127	2294	1769	266	3014
PD44950a_vs_PD44950b__pv	826	859	312	961	282	1646	194	375
PD46225a_vs_PD46225b__pv	2769	2709	2725	4059	622	5549	720	2408
PD46226a_vs_PD46226b__pv	2366	4558	135	6053	69	3399	987	1986
PD46227a_vs_PD46227b__pv	4783	17855	19497	659	0	2056	2636	2424
PD46228a_vs_PD46228b__pv	10102	652	4001	2991	0	5136	206	750
PD46229a_vs_PD46229b__pv	11967	3792	10921	2841	738	3887	1492	1823
PD46230a_vs_PD46230b__pv	2676	3045	1469	2283	725	3530	1011	6823
PD46231a_vs_PD46231b__pv	211	1339	2	1298	495	1291	293	1366
PD46232a_vs_PD46232b__pv	2635	2199	1377	2239	1798	2746	203	909
PD46233a_vs_PD46233b__pv	2321	10134	6401	2721	3744	2630	1379	2360
PD46234a_vs_PD46234b__pv	41	2340	16	1294	1044	1841	913	776
PD46235a_vs_PD46235b__pv	5335	2602	1825	6041	246	3474	649	1475
PD46236a_vs_PD46236b__pv	2120	2889	1089	4360	1030	4926	518	546
PD46237a_vs_PD46237b__pv	17347	7870	1429	3895	1948	3784	1771	1450
PD46238a_vs_PD46238b__pv	1611	7630	626	148	1173	2507	1244	1229
PD46239a_vs_PD46239b__pv	3019	1959	1955	2652	1096	1961	694	736
PD46240a_vs_PD46240b__pv	784	2741	505	1967	617	1367	908	443
PD46241a_vs_PD46241b__pv	18083	5586	6016	5796	2586	5351	787	1054
PD46242a_vs_PD46242b__pv	13196	1525	69441	628	0	2724	3223	5948
PD46243a_vs_PD46243b__pv	925	3166	675	4062	2265	2463	1329	2921
PD46244a_vs_PD46244b__pv	108	662	0	4168	1124	3067	202	435
PD46245a_vs_PD46245b__pv	0	7828	260	1563	0	4252	435	2295
PD46246a_vs_PD46246b__pv	2622	9378	5192	4045	2821	3184	1635	2480
PD46247a_vs_PD46247b__pv	2149	3229	3783	7359	2483	2774	663	1392
PD46248a_vs_PD46248b__pv	20337	0	8566	2302	8259	2021	571	506
PD46249a_vs_PD46249b__pv	13688	491	6380	4246	6854	5426	551	107
PD46250a_vs_PD46250b__pv	149	4389	103	774	0	767	757	3894
PD46251a_vs_PD46251b__pv	381	403	650	11354	474	1675	28342	208
PD46252a_vs_PD46252b__pv	395	0	2790	296	0	29928	0	693
PD46253a_vs_PD46253b__pv	6587	2536	7092	5236	2164	3291	1088	2507
PD46254a_vs_PD46254b__pv	6280	963	3852	2988	3330	3016	368	1019
PD46255a_vs_PD46255b__pv	774	1283	340	4075	2735	3064	0	1107
PD46256a_vs_PD46256b__pv	1494	2407	3789	3622	137	1628	1026	496
PD46257a_vs_PD46257b__pv	137	1214	57	4555	295	2857	460	492
PD46258a_vs_PD46258b__pv	4713	3402	2504	1968	1882	3224	711	1505
PD46259a_vs_PD46259b__pv	2391	3964	2073	1642	2597	2195	778	2082
PD46260a_vs_PD46260b__pv	239	1850	314	1759	475	1843	796	3916
PD46261a_vs_PD46261b__pv	462	1830	312	1691	668	1384	571	595
PD46262a_vs_PD46262b__pv	829	1600	644	1401	0	852	214	966
PD46263a_vs_PD46263b__pv	6132	150	1345	1346	2366	4213	78	246
PD46264a_vs_PD46264b__pv	3617	2810	2210	1052	1729	2814	601	1583
PD46265a_vs_PD46265b__pv	7318	1885	4721	3273	2313	2951	734	1321
PD46267a_vs_PD46267b__pv	4	297	17	85	37	52	52	58
PD46268a_vs_PD46268b__pv	2093	2647	0	2471	695	2558	798	1001
SLX-16751	2209	946	1225	1526	330	1131	195	249
SLX-16752	6583	0	9439	1070	4953	1287	0	0
SLX-18929	169000	114528	122714	93616	85783	126252	39712	52175
SLX-18949	18951	257	12877	2826	7532	3342	301	338
SLX-18950	684	898	105	694	279	538	322	104
SM-4AX82_vs_SM-4AWN8__pv	2692	3802	1312	3389	1061	4947	428	469
SM-4AX83_vs_SM-4AWN9__pv	1654	1559	372	658	914	1110	292	738
SM-4AX84_vs_SM-4AWNA__pv	10059	672	5826	2518	3721	4453	332	469
SM-4AX85_vs_SM-4AWNB__pv	160	3432	236	3249	2041	3493	1454	1315
SM-4AX86_vs_SM-4AWNC__pv	5137	2504	3671	1863	1737	2718	477	2041
SM-4AX87_vs_SM-4AWND__pv	11	772	142	1079	565	2163	55	183
SM-4B295_vs_SM-4AWNE__pv	8822	5759	5008	2446	1993	3089	881	1962
SM-4B296_vs_SM-4AWNF__pv	8878	12577	6983	1334	3529	3374	2398	8455
SM-4JPP6_vs_SM-4JPUS__pv	1786	5743	909	2262	1027	6550	938	1179
SM-4JPP7_vs_SM-4JPUT__pv	1180	2664	1020	2039	917	1294	596	1182
SM-4JPP9_vs_SM-4JPUT__pv	1365	2538	1003	1942	947	1221	521	1102
SM-4JPPA_vs_LP6005333-DNA_B01__pv	2903	2497	1236	7242	4585	8156	786	2317
SM-4JPPB_vs_LP6005333-DNA_B01__pv	2306	2242	1308	7189	4588	8120	781	2338
SM-4JPPC_vs_LP6005333-DNA_B01__pv	3106	2339	1156	7283	4627	8148	795	2338
SM-4JPUV_vs_SM-4JPUS__pv	110	1600	173	1069	430	1092	324	315
SM-4JPUW_vs_SM-4JPUS__pv	4	86	0	15	12	9	20	4
SM-4JPUX_vs_SM-4JPUT__pv	650	2791	409	1713	943	1065	287	833
SM-4JPUY_vs_LP6005333-DNA_B01__pv	4420	2200	1850	7203	5541	8370	768	2279
SM-4JPUZ_vs_LP6005333-DNA_B01__pv	4371	2313	1735	6609	5448	8112	677	2243
SM-4JPV1_vs_SM-4JPUS__pv	1485	5014	912	2042	835	5516	772	1016
SM-4JPV2_vs_SM-4JPUS__pv	2174	5469	1359	2299	1049	6599	871	1156
SS6003109_vs_SS6003108__pv	6773	4386	2912	1619	706	2518	507	3993
SS6003111_vs_SS6003110__pv	3356	4998	2430	4154	2405	5053	639	1333
SS6003113_vs_SS6003112__pv	4492	1118	6864	1966	0	2570	10	445
SS6003115_vs_SS6003114__pv	11825	918	7054	1913	5393	3272	0	890
SS6003117_vs_SS6003116__pv	8	0	0	2380	646	975	0	6827
SS6003119_vs_SS6003118__pv	200	2239	153	1400	549	1228	415	397
SS6003121_vs_SS6003120__pv	3705	924	29875	2333	8021	2373	0	1617
SS6003125_vs_SS6003124__pv	6771	2563	4386	1881	0	2840	283	756
SS6003129_vs_SS6003128__pv	8556	3086	5286	4695	4377	5028	493	1704
SS6003131_vs_SS6003130__pv	394	1306	81	2144	831	2061	181	490
SS6003133_vs_SS6003132__pv	401	0	46	1609	866	8483	0	3790
SS6003135_vs_SS6003134__pv	20586	1565	6882	1508	1255	1765	813	1390
SS6003137_vs_SS6003136__pv	1975	2512	1025	2924	655	4271	743	300
SS6003149_vs_SS6003148__pv	29640	0	15668	1777	17700	2007	0	3987
SS6003302_vs_SS6003301__pv	3819	3572	2882	2234	629	3189	912	1263
SS6003303_vs_SS6003301__pv	2614	2519	2089	1635	172	2362	441	950
SS6003305_vs_SS6003304__pv	306	5979	155	1772	282	1996	537	2061
SS6003306_vs_SS6003304__pv	338	3659	254	1577	92	1207	432	1168
SS6003308_vs_SS6003307__pv	943	1184	327	2104	1306	1521	172	1211
SS6003309_vs_SS6003307__pv	1103	1791	262	2526	1575	2115	207	1732
SS6003311_vs_SS6003310__pv	0	107	35	2566	1710	15520	919	377
SS6003312_vs_SS6003310__pv	0	0	0	2198	1001	14820	1030	284
SS6003314_vs_SS6003313__pv	7078	1100	3748	1353	3157	1668	437	1708
SS6003315_vs_SS6003313__pv	7083	1084	3806	1354	3187	1639	453	1714
SS6003317_vs_SS6003316__pv	19688	173	7007	2237	4855	3025	193	777
SS6003318_vs_SS6003316__pv	19592	309	7102	2280	5009	3070	204	818
SS6003320_vs_SS6003319__pv	7663	3633	5592	3909	346	2522	1154	1452
SS6003321_vs_SS6003319__pv	7424	3498	5367	3547	312	2479	1100	1208
SS6003323_vs_SS6003322__pv	6377	1037	132	3399	4681	2597	359	1021
SS6003324_vs_SS6003322__pv	4608	1744	203	3063	3256	2184	204	981
