NMF_Replicate	L1	L1 %	L2	L2 %	KL Divergence	Correlation	Convergence Iterations
1	2652.234	13.403	468.75	12.874	0.025	0.977	30000.0
2	2665.171	13.445	472.237	12.959	0.025	0.977	30000.0
3	2703.296	13.27	529.299	12.912	0.023	0.98	50000.0
4	2662.991	13.448	470.96	12.915	0.025	0.977	30000.0
5	2666.057	13.453	472.411	12.914	0.025	0.977	30000.0
6	2660.124	13.424	470.589	12.912	0.025	0.977	30000.0
7	2693.582	13.204	527.085	12.872	0.023	0.98	50000.0
8	2657.057	13.505	469.499	12.962	0.026	0.976	30000.0
9	2663.066	13.433	472.493	12.912	0.025	0.977	30000.0
10	2656.361	13.405	468.995	12.878	0.025	0.976	40000.0
11	2659.39	13.46	469.159	12.903	0.025	0.977	50000.0
12	2655.576	13.371	470.329	12.889	0.024	0.977	20000.0
13	2655.877	13.381	469.577	12.886	0.025	0.977	30000.0
14	2670.195	13.507	473.505	12.978	0.026	0.976	30000.0
15	2654.692	13.437	469.782	12.956	0.025	0.976	60000.0
16	2659.36	13.444	470.17	12.914	0.025	0.977	40000.0
17	2646.745	13.357	467.249	12.841	0.025	0.977	40000.0
18	2657.899	13.426	469.971	12.876	0.025	0.977	50000.0
19	2654.748	13.398	468.822	12.862	0.025	0.977	30000.0
20	2663.582	13.418	472.545	12.918	0.025	0.977	30000.0
21	2672.831	13.478	473.511	12.985	0.025	0.976	30000.0
22	2656.052	13.388	470.188	12.879	0.025	0.977	30000.0
23	2667.806	13.481	472.467	12.94	0.025	0.977	40000.0
24	2705.685	13.256	530.057	12.926	0.023	0.979	20000.0
25	2665.12	13.447	471.762	12.931	0.025	0.977	50000.0
26	2658.283	13.407	470.027	12.914	0.025	0.977	30000.0
27	2659.459	13.426	470.021	12.911	0.025	0.976	40000.0
28	2652.295	13.44	468.926	12.903	0.025	0.977	40000.0
29	2659.166	13.408	470.832	12.91	0.024	0.977	20000.0
30	2701.682	13.261	529.703	12.929	0.024	0.98	50000.0
31	2655.713	13.424	470.522	12.955	0.025	0.977	30000.0
32	2658.222	13.419	469.77	12.89	0.025	0.977	20000.0
33	2649.497	13.397	467.526	12.858	0.025	0.977	40000.0
34	2699.187	13.23	526.983	12.891	0.023	0.98	30000.0
35	2658.568	13.431	468.875	12.907	0.025	0.977	30000.0
36	2666.565	13.476	472.45	12.947	0.025	0.977	40000.0
37	2654.57	13.429	469.426	12.908	0.025	0.977	30000.0
38	2660.935	13.433	471.365	12.913	0.025	0.977	40000.0
39	2663.324	13.456	471.927	12.95	0.025	0.977	20000.0
40	2658.324	13.407	469.705	12.935	0.025	0.977	30000.0
41	2660.583	13.406	471.473	12.915	0.025	0.977	50000.0
42	2652.59	13.404	467.303	12.87	0.025	0.977	20000.0
43	2664.488	13.438	470.247	12.89	0.025	0.977	50000.0
44	2700.904	13.332	527.837	12.986	0.024	0.979	50000.0
45	2657.72	13.409	470.706	12.914	0.025	0.977	20000.0
46	2664.925	13.433	471.834	12.869	0.025	0.977	20000.0
47	2666.179	13.49	473.475	12.958	0.025	0.977	30000.0
48	2659.213	13.394	470.612	12.921	0.024	0.977	30000.0
49	2659.882	13.463	470.421	12.93	0.025	0.977	40000.0
50	2654.441	13.412	469.97	12.925	0.025	0.977	30000.0
51	2655.378	13.434	469.811	12.962	0.025	0.976	40000.0
52	2701.859	13.238	527.543	12.885	0.023	0.98	40000.0
53	2701.979	13.222	528.166	12.91	0.023	0.98	60000.0
54	2694.709	13.167	527.389	12.871	0.023	0.98	30000.0
55	2657.495	13.421	470.334	12.904	0.025	0.977	30000.0
56	2662.51	13.475	470.582	12.945	0.025	0.976	40000.0
57	2657.478	13.436	469.841	12.912	0.025	0.976	30000.0
58	2661.165	13.419	470.357	12.907	0.025	0.977	20000.0
59	2648.141	13.346	468.148	12.866	0.025	0.977	20000.0
60	2656.625	13.43	471.262	12.943	0.025	0.977	30000.0
61	2654.123	13.368	468.812	12.878	0.025	0.977	20000.0
62	2650.477	13.363	469.025	12.868	0.025	0.977	40000.0
63	2660.378	13.435	472.065	12.925	0.025	0.977	30000.0
64	2653.443	13.394	470.565	12.909	0.025	0.977	30000.0
65	2654.916	13.405	470.0	12.904	0.024	0.977	30000.0
66	2657.237	13.453	470.563	12.954	0.025	0.976	30000.0
67	2661.879	13.464	471.097	12.952	0.025	0.976	20000.0
68	2655.477	13.387	468.298	12.877	0.024	0.977	50000.0
69	2653.636	13.397	469.009	12.893	0.025	0.977	20000.0
70	2659.503	13.461	472.285	12.955	0.025	0.977	50000.0
71	2655.395	13.436	469.132	12.937	0.025	0.977	50000.0
72	2659.22	13.428	470.585	12.908	0.025	0.977	50000.0
73	2654.839	13.409	470.098	12.929	0.025	0.977	30000.0
74	2660.306	13.468	469.703	12.947	0.025	0.976	20000.0
75	2655.963	13.412	469.553	12.885	0.025	0.977	40000.0
76	2655.934	13.4	469.824	12.895	0.025	0.977	60000.0
77	2657.985	13.413	469.526	12.895	0.025	0.977	30000.0
78	2698.747	13.242	528.97	12.934	0.023	0.979	40000.0
79	2664.952	13.449	471.531	12.922	0.025	0.977	20000.0
80	2664.001	13.454	470.604	12.925	0.025	0.977	30000.0
81	2662.418	13.467	470.083	12.905	0.025	0.977	20000.0
82	2663.552	13.434	471.056	12.908	0.025	0.977	30000.0
83	2660.113	13.413	471.281	12.91	0.025	0.977	40000.0
84	2654.396	13.402	468.176	12.88	0.025	0.977	50000.0
85	2655.802	13.403	468.876	12.87	0.025	0.977	30000.0
86	2696.353	13.204	527.871	12.885	0.023	0.98	20000.0
87	2665.404	13.42	471.798	12.903	0.024	0.977	20000.0
88	2663.117	13.462	472.207	12.977	0.025	0.977	20000.0
89	2657.546	13.448	470.883	12.94	0.025	0.977	30000.0
90	2656.948	13.422	470.718	12.895	0.025	0.977	40000.0
91	2657.371	13.383	470.633	12.873	0.024	0.977	40000.0
92	2660.137	13.455	471.365	12.946	0.025	0.977	50000.0
93	2660.433	13.43	471.602	12.923	0.025	0.977	30000.0
94	2702.377	13.221	528.132	12.872	0.023	0.98	40000.0
95	2655.525	13.371	465.08	12.7	0.025	0.977	30000.0
96	2653.043	13.42	468.52	12.878	0.025	0.977	30000.0
97	2660.789	13.428	471.439	12.935	0.025	0.977	20000.0
98	2700.472	13.191	529.098	12.883	0.023	0.98	60000.0
99	2659.47	13.448	472.771	12.967	0.025	0.977	30000.0
100	2657.353	13.406	469.909	12.895	0.025	0.977	40000.0
101	2662.803	13.445	470.599	12.915	0.025	0.977	30000.0
102	2657.52	13.439	469.344	12.924	0.025	0.977	40000.0
103	2665.904	13.424	472.355	12.919	0.025	0.977	20000.0
104	2657.154	13.421	471.79	12.94	0.025	0.977	40000.0
105	2658.462	13.412	471.126	12.89	0.025	0.977	20000.0
106	2662.588	13.452	471.155	12.941	0.025	0.977	30000.0
107	2652.631	13.391	469.006	12.87	0.025	0.977	30000.0
108	2656.944	13.424	469.538	12.883	0.025	0.977	40000.0
109	2658.497	13.435	470.783	12.942	0.025	0.977	20000.0
110	2661.71	13.45	471.648	12.982	0.025	0.976	20000.0
111	2654.715	13.425	469.759	12.913	0.025	0.976	40000.0
112	2657.519	13.421	468.53	12.904	0.025	0.977	20000.0
113	2664.048	13.432	470.851	12.903	0.025	0.977	30000.0
114	2655.707	13.376	470.425	12.875	0.025	0.977	40000.0
115	2659.362	13.394	469.443	12.864	0.025	0.977	70000.0
116	2659.836	13.466	470.344	12.945	0.025	0.976	30000.0
117	2660.934	13.424	470.502	12.926	0.025	0.977	20000.0
118	2697.905	13.22	528.016	12.89	0.023	0.98	30000.0
119	2656.506	13.443	468.633	12.926	0.025	0.977	80000.0
120	2658.785	13.409	469.813	12.897	0.025	0.977	20000.0
121	2667.997	13.471	472.863	12.977	0.025	0.977	30000.0
122	2655.863	13.421	469.842	12.924	0.025	0.977	30000.0
123	2650.786	13.438	469.847	12.918	0.025	0.977	30000.0
124	2655.021	13.413	469.73	12.916	0.025	0.977	60000.0
125	2662.282	13.457	470.621	12.923	0.025	0.976	20000.0
126	2656.342	13.477	469.306	12.93	0.026	0.977	40000.0
127	2658.216	13.451	470.052	12.927	0.025	0.977	50000.0
128	2660.508	13.415	469.609	12.909	0.025	0.976	40000.0
129	2660.106	13.426	470.986	12.913	0.025	0.977	20000.0
130	2657.236	13.404	469.635	12.897	0.025	0.977	30000.0
131	2662.368	13.434	471.287	12.927	0.025	0.977	20000.0
132	2660.593	13.439	472.166	12.948	0.025	0.977	30000.0
133	2659.184	13.386	470.097	12.884	0.024	0.977	20000.0
134	2662.665	13.438	470.384	12.916	0.025	0.977	80000.0
135	2697.136	13.235	527.403	12.921	0.023	0.979	80000.0
136	2654.767	13.396	469.758	12.87	0.025	0.977	30000.0
137	2659.21	13.401	464.436	12.729	0.026	0.977	30000.0
138	2658.775	13.465	469.803	12.935	0.025	0.976	40000.0
139	2658.891	13.425	470.258	12.907	0.025	0.977	30000.0
140	2656.334	13.435	470.428	12.935	0.025	0.977	40000.0
141	2657.842	13.392	464.283	12.743	0.025	0.977	30000.0
142	2656.397	13.399	471.339	12.918	0.025	0.977	30000.0
143	2663.791	13.48	470.801	12.96	0.025	0.977	40000.0
144	2667.015	13.472	473.048	12.981	0.025	0.976	40000.0
145	2658.155	13.434	469.99	12.915	0.025	0.977	30000.0
146	2662.482	13.498	470.951	13.004	0.025	0.976	20000.0
147	2656.358	13.398	470.878	12.906	0.025	0.977	60000.0
148	2704.886	13.21	528.332	12.867	0.023	0.98	40000.0
149	2659.328	13.43	471.489	12.93	0.025	0.977	30000.0
150	2691.859	13.246	526.065	12.884	0.023	0.98	50000.0
151	2659.679	13.428	471.053	12.91	0.025	0.977	30000.0
152	2694.285	13.213	527.42	12.884	0.023	0.98	60000.0
153	2702.104	13.259	527.521	12.889	0.023	0.98	60000.0
154	2661.472	13.455	471.426	12.957	0.025	0.976	30000.0
155	2657.997	13.407	470.957	12.907	0.025	0.977	30000.0
156	2656.84	13.423	469.645	12.928	0.025	0.977	30000.0
157	2701.603	13.245	527.53	12.886	0.023	0.98	20000.0
158	2653.897	13.398	470.309	12.921	0.025	0.976	30000.0
159	2664.994	13.43	471.385	12.926	0.025	0.977	30000.0
160	2661.998	13.456	470.655	12.933	0.025	0.976	30000.0
161	2701.973	13.282	529.599	12.937	0.024	0.979	20000.0
162	2665.896	13.445	471.963	12.927	0.025	0.977	30000.0
163	2659.347	13.389	470.593	12.906	0.025	0.977	30000.0
164	2659.179	13.412	469.701	12.888	0.025	0.977	20000.0
165	2658.769	13.412	469.56	12.899	0.025	0.977	50000.0
166	2698.727	13.222	527.728	12.886	0.023	0.98	40000.0
167	2654.457	13.389	469.764	12.898	0.025	0.977	30000.0
168	2653.652	13.386	470.018	12.849	0.025	0.977	30000.0
169	2665.422	13.467	472.179	12.985	0.025	0.976	20000.0
170	2665.096	13.477	472.205	12.986	0.025	0.976	30000.0
171	2658.256	13.439	468.047	12.903	0.025	0.977	40000.0
172	2666.692	13.487	472.922	12.981	0.025	0.976	30000.0
173	2660.785	13.427	470.929	12.931	0.025	0.977	30000.0
174	2702.818	13.248	530.358	12.947	0.023	0.979	50000.0
175	2659.004	13.418	469.567	12.923	0.025	0.977	30000.0
176	2689.978	13.17	526.606	12.864	0.023	0.979	50000.0
177	2658.417	13.442	471.4	12.916	0.025	0.977	20000.0
178	2661.033	13.438	471.497	12.925	0.025	0.977	20000.0
179	2657.676	13.423	470.277	12.915	0.025	0.977	30000.0
180	2658.167	13.447	470.026	12.922	0.025	0.977	30000.0
181	2667.087	13.43	465.906	12.747	0.025	0.977	30000.0
182	2662.386	13.474	472.083	12.971	0.025	0.976	40000.0
183	2657.956	13.43	470.18	12.93	0.025	0.977	50000.0
184	2660.696	13.447	470.404	12.904	0.025	0.977	20000.0
185	2669.083	13.473	470.983	12.936	0.025	0.977	40000.0
186	2667.238	13.473	473.26	12.982	0.025	0.976	30000.0
187	2664.41	13.432	473.285	12.945	0.025	0.977	40000.0
188	2697.541	13.218	526.827	12.87	0.023	0.98	30000.0
189	2663.612	13.434	471.574	12.918	0.025	0.977	50000.0
190	2661.124	13.401	465.374	12.756	0.026	0.977	30000.0
191	2661.581	13.444	471.15	12.947	0.025	0.977	30000.0
192	2656.486	13.416	468.877	12.87	0.025	0.977	20000.0
193	2665.952	13.455	472.597	12.954	0.025	0.977	50000.0
194	2655.808	13.426	469.941	12.911	0.025	0.976	40000.0
195	2659.638	13.409	469.571	12.897	0.025	0.977	40000.0
196	2701.996	13.229	528.593	12.909	0.023	0.979	30000.0
197	2649.805	13.39	469.376	12.879	0.025	0.977	30000.0
198	2691.702	13.204	526.369	12.866	0.023	0.98	50000.0
199	2694.375	13.242	525.595	12.844	0.024	0.98	40000.0
200	2656.607	13.403	471.048	12.911	0.025	0.977	30000.0
201	2653.744	13.416	468.725	12.88	0.025	0.977	30000.0
202	2656.091	13.46	470.939	12.96	0.025	0.977	30000.0
203	2653.056	13.4	469.144	12.927	0.025	0.977	30000.0
204	2655.05	13.423	469.222	12.914	0.025	0.976	60000.0
205	2663.53	13.423	471.777	12.957	0.025	0.976	20000.0
206	2657.636	13.378	470.214	12.869	0.024	0.977	40000.0
207	2699.151	13.239	528.084	12.912	0.023	0.979	20000.0
208	2657.624	13.391	471.331	12.905	0.024	0.977	30000.0
209	2702.131	13.235	528.401	12.902	0.023	0.98	40000.0
210	2703.477	13.259	529.215	12.977	0.023	0.979	60000.0
211	2654.659	13.378	470.088	12.899	0.025	0.976	40000.0
212	2659.664	13.437	470.418	12.92	0.025	0.976	20000.0
213	2663.853	13.455	471.344	12.945	0.025	0.977	30000.0
214	2660.706	13.419	470.002	12.934	0.025	0.977	20000.0
215	2665.694	13.473	471.867	12.972	0.025	0.977	40000.0
216	2655.445	13.388	469.429	12.872	0.025	0.977	40000.0
217	2699.312	13.239	527.988	12.924	0.023	0.979	50000.0
218	2651.677	13.422	468.856	12.917	0.025	0.977	40000.0
219	2657.606	13.425	470.289	12.911	0.025	0.977	30000.0
220	2663.463	13.462	471.935	12.926	0.025	0.976	30000.0
221	2657.37	13.439	469.692	12.924	0.025	0.977	50000.0
222	2659.829	13.463	470.403	12.952	0.025	0.977	20000.0
223	2659.35	13.465	471.103	12.936	0.025	0.977	30000.0
224	2656.245	13.425	470.766	12.925	0.025	0.977	20000.0
225	2651.906	13.393	469.274	12.918	0.025	0.977	30000.0
226	2669.681	13.479	472.52	12.973	0.025	0.977	80000.0
227	2697.268	13.247	527.605	12.914	0.023	0.98	30000.0
228	2648.662	13.415	469.94	12.919	0.025	0.977	30000.0
229	2696.574	13.225	525.932	12.866	0.023	0.98	30000.0
230	2652.702	13.398	468.958	12.902	0.025	0.977	60000.0
231	2655.861	13.407	470.978	12.921	0.025	0.977	20000.0
232	2661.816	13.463	471.241	12.954	0.025	0.976	40000.0
233	2661.77	13.433	464.251	12.752	0.026	0.977	30000.0
234	2666.183	13.453	472.398	12.95	0.025	0.977	30000.0
235	2659.775	13.47	470.139	12.933	0.025	0.976	30000.0
236	2651.247	13.366	469.068	12.879	0.024	0.977	30000.0
237	2661.814	13.472	471.259	12.95	0.025	0.977	30000.0
238	2660.027	13.461	470.715	12.948	0.025	0.976	30000.0
239	2657.12	13.454	468.485	12.907	0.025	0.976	40000.0
240	2702.542	13.263	529.855	12.928	0.023	0.98	70000.0
241	2703.42	13.247	528.589	12.92	0.023	0.979	30000.0
242	2665.222	13.477	472.187	12.961	0.025	0.977	20000.0
243	2655.957	13.405	470.115	12.913	0.025	0.977	30000.0
244	2654.49	13.404	468.794	12.917	0.025	0.977	50000.0
245	2661.265	13.388	470.834	12.897	0.025	0.977	40000.0
246	2697.043	13.238	527.083	12.869	0.024	0.98	40000.0
247	2660.938	13.402	470.527	12.904	0.025	0.977	20000.0
248	2665.072	13.457	471.564	12.929	0.025	0.977	30000.0
249	2674.249	13.446	467.019	12.774	0.025	0.977	20000.0
250	2667.697	13.469	473.484	12.972	0.025	0.977	40000.0
251	2654.042	13.406	468.427	12.863	0.025	0.977	30000.0
252	2661.939	13.443	470.556	12.912	0.025	0.977	40000.0
253	2658.108	13.391	471.069	12.898	0.024	0.977	40000.0
254	2650.631	13.38	470.131	12.866	0.025	0.977	60000.0
255	2664.861	13.435	470.799	12.916	0.025	0.977	30000.0
256	2662.593	13.458	471.769	12.94	0.025	0.977	20000.0
257	2657.424	13.434	470.756	12.952	0.025	0.977	40000.0
258	2656.564	13.424	469.758	12.895	0.025	0.977	90000.0
259	2654.894	13.436	468.387	12.913	0.025	0.976	40000.0
260	2659.1	13.419	469.689	12.91	0.025	0.977	50000.0
261	2694.732	13.192	528.202	12.898	0.023	0.98	30000.0
262	2694.358	13.205	525.716	12.872	0.023	0.98	30000.0
263	2650.777	13.348	468.264	12.847	0.024	0.977	30000.0
264	2660.687	13.379	465.492	12.722	0.025	0.977	30000.0
265	2700.783	13.257	527.798	12.89	0.023	0.98	30000.0
266	2656.882	13.424	469.874	12.896	0.025	0.977	30000.0
267	2667.952	13.463	473.153	12.958	0.025	0.976	30000.0
268	2666.856	13.47	472.0	12.959	0.025	0.977	50000.0
269	2700.053	13.236	528.609	12.906	0.023	0.98	60000.0
270	2657.75	13.456	469.855	12.928	0.025	0.976	50000.0
271	2662.833	13.4	471.177	12.896	0.025	0.977	30000.0
272	2663.838	13.466	470.905	12.938	0.025	0.976	30000.0
273	2659.937	13.476	470.278	12.927	0.025	0.977	50000.0
274	2660.502	13.381	471.485	12.869	0.025	0.977	30000.0
275	2662.325	13.461	470.837	12.96	0.025	0.976	40000.0
276	2669.066	13.486	472.505	12.975	0.025	0.977	30000.0
277	2668.727	13.466	473.335	12.975	0.025	0.977	30000.0
278	2657.454	13.415	471.303	12.935	0.025	0.977	20000.0
279	2665.814	13.489	471.494	12.958	0.025	0.977	30000.0
280	2660.474	13.48	470.521	12.941	0.025	0.977	30000.0
281	2656.925	13.439	470.007	12.9	0.025	0.977	40000.0
282	2660.399	13.459	470.229	12.967	0.025	0.976	50000.0
283	2708.556	13.267	529.443	12.934	0.023	0.98	40000.0
284	2662.285	13.466	470.418	12.926	0.025	0.977	30000.0
285	2664.977	13.45	469.532	12.937	0.025	0.977	30000.0
286	2660.16	13.429	469.199	12.881	0.025	0.977	40000.0
287	2662.18	13.524	470.455	12.999	0.026	0.976	30000.0
288	2666.227	13.452	471.095	12.965	0.025	0.977	50000.0
289	2664.004	13.447	470.767	12.93	0.025	0.977	70000.0
290	2660.294	13.469	469.611	12.912	0.025	0.977	20000.0
291	2651.821	13.388	469.525	12.897	0.025	0.977	50000.0
292	2662.902	13.439	470.909	12.952	0.025	0.977	20000.0
293	2665.477	13.46	471.782	12.923	0.025	0.977	40000.0
294	2658.446	13.361	470.86	12.903	0.024	0.977	30000.0
295	2664.286	13.485	472.257	12.958	0.025	0.977	30000.0
296	2660.037	13.455	471.576	12.953	0.025	0.977	30000.0
297	2666.472	13.469	466.779	12.835	0.026	0.976	30000.0
298	2659.701	13.43	470.921	12.91	0.025	0.977	50000.0
299	2696.237	13.221	528.262	12.897	0.023	0.98	30000.0
300	2660.198	13.419	469.93	12.898	0.025	0.977	20000.0
301	2692.967	13.204	525.253	12.856	0.023	0.98	30000.0
302	2661.64	13.471	472.635	13.005	0.025	0.976	30000.0
303	2653.36	13.436	469.708	12.906	0.025	0.976	30000.0
304	2648.912	13.38	468.489	12.873	0.025	0.977	50000.0
305	2650.066	13.402	467.831	12.865	0.025	0.977	30000.0
306	2660.129	13.413	471.647	12.934	0.025	0.977	20000.0
307	2662.749	13.424	471.208	12.918	0.025	0.977	20000.0
308	2660.399	13.455	472.285	12.992	0.025	0.976	30000.0
309	2658.797	13.447	470.034	12.912	0.025	0.977	20000.0
310	2660.448	13.453	469.768	12.923	0.025	0.977	20000.0
311	2663.067	13.464	470.474	12.95	0.025	0.976	30000.0
312	2696.931	13.25	526.435	12.887	0.024	0.98	80000.0
313	2661.109	13.449	471.919	12.972	0.025	0.977	30000.0
314	2659.752	13.461	470.864	12.953	0.025	0.977	50000.0
315	2655.519	13.374	470.202	12.884	0.025	0.977	30000.0
316	2659.089	13.446	470.034	12.941	0.025	0.977	30000.0
317	2658.146	13.431	469.514	12.924	0.025	0.977	30000.0
318	2671.173	13.513	472.908	12.972	0.026	0.977	20000.0
319	2658.633	13.401	470.211	12.92	0.025	0.977	50000.0
320	2651.189	13.4	467.142	12.878	0.025	0.977	30000.0
321	2666.192	13.497	472.141	12.981	0.026	0.976	30000.0
322	2665.79	13.411	471.961	12.939	0.024	0.977	30000.0
323	2696.924	13.191	528.843	12.881	0.023	0.98	40000.0
324	2695.249	13.214	528.628	12.906	0.023	0.98	40000.0
325	2664.272	13.482	472.192	12.967	0.025	0.976	60000.0
326	2660.526	13.44	470.997	12.923	0.025	0.977	40000.0
327	2656.462	13.461	470.941	12.92	0.025	0.977	30000.0
328	2661.625	13.491	471.148	12.961	0.025	0.976	30000.0
329	2668.155	13.472	472.085	12.972	0.025	0.977	20000.0
330	2662.371	13.424	470.949	12.906	0.025	0.977	30000.0
331	2698.297	13.198	527.311	12.876	0.023	0.98	50000.0
332	2656.46	13.411	468.959	12.885	0.025	0.977	20000.0
333	2657.673	13.439	469.384	12.925	0.025	0.976	50000.0
334	2660.085	13.458	470.711	12.97	0.025	0.976	40000.0
335	2663.919	13.471	470.935	12.956	0.025	0.977	30000.0
336	2698.694	13.236	527.505	12.915	0.023	0.98	60000.0
337	2656.601	13.456	470.956	12.962	0.025	0.976	30000.0
338	2654.095	13.371	469.481	12.904	0.024	0.977	30000.0
339	2701.044	13.266	527.83	12.945	0.023	0.979	40000.0
340	2660.028	13.425	471.542	12.922	0.025	0.977	30000.0
341	2658.068	13.435	469.571	12.899	0.025	0.977	50000.0
342	2704.298	13.286	528.131	12.934	0.023	0.979	70000.0
343	2695.291	13.16	526.352	12.804	0.023	0.98	30000.0
344	2667.314	13.506	471.256	12.972	0.025	0.976	40000.0
345	2655.901	13.391	469.421	12.89	0.025	0.977	30000.0
346	2703.089	13.264	528.455	12.932	0.024	0.98	40000.0
347	2674.256	13.469	473.901	12.97	0.025	0.977	40000.0
348	2658.583	13.405	470.481	12.89	0.025	0.977	30000.0
349	2659.068	13.409	471.795	12.917	0.025	0.977	30000.0
350	2658.292	13.405	470.816	12.924	0.025	0.977	20000.0
351	2663.28	13.426	471.565	12.918	0.025	0.977	30000.0
352	2666.311	13.485	472.512	12.981	0.025	0.976	60000.0
353	2660.581	13.417	470.173	12.913	0.025	0.977	50000.0
354	2662.922	13.488	470.564	12.939	0.025	0.977	30000.0
355	2665.751	13.42	472.344	12.924	0.025	0.977	40000.0
356	2651.252	13.402	468.223	12.869	0.025	0.977	30000.0
357	2663.113	13.463	470.455	12.927	0.025	0.977	40000.0
358	2666.642	13.427	466.86	12.793	0.026	0.976	30000.0
359	2659.383	13.413	469.225	12.901	0.025	0.977	20000.0
360	2650.198	13.389	468.8	12.886	0.025	0.977	30000.0
361	2658.341	13.455	469.639	12.91	0.025	0.977	50000.0
362	2659.926	13.41	464.698	12.733	0.025	0.977	30000.0
363	2656.683	13.387	469.334	12.878	0.025	0.977	30000.0
364	2659.614	13.457	472.014	12.959	0.025	0.977	50000.0
365	2663.29	13.401	471.48	12.905	0.025	0.977	30000.0
366	2662.114	13.458	470.659	12.951	0.025	0.976	20000.0
367	2654.544	13.42	469.83	12.9	0.025	0.977	40000.0
368	2664.442	13.418	471.383	12.95	0.025	0.977	30000.0
369	2664.553	13.439	472.192	12.955	0.025	0.976	40000.0
370	2653.967	13.414	469.594	12.916	0.025	0.977	30000.0
371	2663.985	13.453	469.934	12.927	0.025	0.977	20000.0
372	2701.351	13.273	527.816	12.907	0.023	0.98	50000.0
373	2649.888	13.395	468.897	12.873	0.025	0.977	20000.0
374	2666.581	13.447	472.788	12.941	0.025	0.977	30000.0
375	2691.341	13.186	527.107	12.85	0.023	0.98	30000.0
376	2666.61	13.453	470.904	12.924	0.025	0.977	20000.0
377	2665.886	13.452	472.426	12.96	0.025	0.977	40000.0
378	2691.857	13.229	526.847	12.9	0.023	0.98	60000.0
379	2658.508	13.454	470.127	12.925	0.025	0.977	30000.0
380	2653.294	13.409	468.513	12.867	0.025	0.977	30000.0
381	2696.597	13.224	527.258	12.904	0.023	0.98	30000.0
382	2663.78	13.472	470.685	12.942	0.025	0.977	30000.0
383	2660.209	13.399	470.5	12.913	0.025	0.977	20000.0
384	2660.034	13.441	471.664	12.923	0.025	0.977	40000.0
385	2700.149	13.256	527.819	12.922	0.024	0.979	40000.0
386	2656.94	13.409	470.059	12.907	0.025	0.977	20000.0
387	2657.468	13.484	469.591	12.938	0.026	0.976	30000.0
388	2657.858	13.422	470.239	12.913	0.025	0.977	40000.0
389	2665.854	13.421	472.758	12.945	0.025	0.977	30000.0
390	2658.392	13.431	468.635	12.89	0.025	0.977	30000.0
391	2653.654	13.426	469.684	12.915	0.025	0.977	20000.0
392	2657.114	13.42	469.193	12.891	0.025	0.977	40000.0
393	2652.051	13.414	468.086	12.903	0.025	0.977	30000.0
394	2664.435	13.427	472.642	12.93	0.025	0.977	30000.0
395	2662.166	13.435	472.439	12.97	0.025	0.977	40000.0
396	2663.66	13.438	472.481	12.923	0.025	0.977	20000.0
397	2652.596	13.42	469.834	12.925	0.025	0.976	60000.0
398	2664.484	13.448	472.727	12.944	0.025	0.977	30000.0
399	2661.942	13.43	471.702	12.932	0.025	0.977	30000.0
400	2705.706	13.239	530.346	12.931	0.023	0.98	40000.0
401	2659.478	13.447	470.142	12.941	0.025	0.977	60000.0
402	2660.002	13.419	471.121	12.932	0.025	0.977	40000.0
403	2661.953	13.423	470.551	12.932	0.025	0.977	30000.0
404	2659.236	13.386	471.037	12.897	0.025	0.977	20000.0
405	2659.083	13.43	470.017	12.939	0.025	0.976	40000.0
406	2657.277	13.472	470.335	12.974	0.025	0.976	30000.0
407	2657.643	13.376	463.322	12.7	0.025	0.977	40000.0
408	2658.381	13.435	469.888	12.915	0.025	0.977	30000.0
409	2652.011	13.412	469.994	12.907	0.025	0.977	30000.0
410	2656.346	13.388	469.817	12.888	0.025	0.977	60000.0
411	2658.823	13.428	471.037	12.909	0.025	0.977	40000.0
412	2659.938	13.48	471.194	12.974	0.025	0.976	30000.0
413	2661.374	13.452	471.229	12.917	0.025	0.976	30000.0
414	2660.513	13.445	470.674	12.942	0.025	0.976	20000.0
415	2663.897	13.449	470.491	12.911	0.025	0.977	30000.0
416	2661.807	13.464	470.688	12.956	0.025	0.976	30000.0
417	2654.344	13.38	468.829	12.873	0.025	0.977	40000.0
418	2656.709	13.398	472.141	12.906	0.025	0.977	40000.0
419	2656.788	13.416	470.588	12.912	0.025	0.977	40000.0
420	2663.205	13.424	471.624	12.924	0.025	0.977	20000.0
421	2649.839	13.385	469.109	12.909	0.025	0.977	50000.0
422	2659.332	13.423	469.468	12.893	0.025	0.977	50000.0
423	2653.827	13.407	469.867	12.879	0.025	0.977	40000.0
424	2705.057	13.296	529.044	12.941	0.024	0.979	40000.0
425	2653.593	13.444	469.594	12.933	0.025	0.976	40000.0
426	2661.088	13.431	463.958	12.769	0.025	0.977	40000.0
427	2659.532	13.423	470.477	12.936	0.025	0.977	50000.0
428	2660.117	13.396	469.165	12.87	0.025	0.977	50000.0
429	2701.512	13.225	528.578	12.892	0.023	0.98	50000.0
430	2664.132	13.439	471.07	12.926	0.025	0.977	40000.0
431	2666.911	13.443	472.729	12.942	0.025	0.977	30000.0
432	2702.039	13.257	527.564	12.863	0.023	0.98	50000.0
433	2664.271	13.506	471.93	12.983	0.025	0.976	20000.0
434	2701.321	13.293	528.742	12.949	0.024	0.979	20000.0
435	2660.275	13.456	470.762	12.941	0.025	0.977	30000.0
436	2698.961	13.24	527.444	12.887	0.023	0.98	50000.0
437	2704.831	13.283	528.544	12.962	0.023	0.979	40000.0
438	2666.052	13.462	472.941	12.963	0.025	0.977	40000.0
439	2662.662	13.447	471.656	12.945	0.025	0.977	70000.0
440	2662.641	13.43	469.863	12.883	0.025	0.977	30000.0
441	2703.084	13.236	528.293	12.87	0.023	0.98	60000.0
442	2657.559	13.429	469.328	12.93	0.025	0.977	40000.0
443	2658.098	13.46	469.978	12.945	0.025	0.977	30000.0
444	2667.908	13.447	469.814	12.895	0.025	0.977	30000.0
445	2660.415	13.46	471.116	12.959	0.025	0.977	40000.0
446	2701.289	13.243	530.472	12.959	0.023	0.979	40000.0
447	2656.782	13.438	470.997	12.932	0.025	0.977	20000.0
448	2656.739	13.474	469.167	12.943	0.025	0.976	60000.0
449	2665.87	13.434	473.008	12.954	0.025	0.977	50000.0
450	2651.882	13.397	469.738	12.895	0.025	0.977	20000.0
451	2659.213	13.469	471.26	12.967	0.025	0.976	20000.0
452	2660.329	13.409	471.168	12.899	0.024	0.977	30000.0
453	2666.189	13.456	470.971	12.923	0.025	0.977	20000.0
454	2653.738	13.417	470.352	12.89	0.025	0.977	20000.0
455	2662.522	13.422	471.099	12.899	0.025	0.977	40000.0
456	2660.95	13.436	471.551	12.924	0.025	0.977	30000.0
457	2658.246	13.464	470.321	12.956	0.025	0.977	40000.0
458	2661.017	13.451	470.986	12.9	0.025	0.977	40000.0
459	2703.312	13.259	528.782	12.899	0.023	0.98	40000.0
460	2657.33	13.423	471.13	12.902	0.025	0.977	30000.0
461	2659.627	13.434	471.995	12.964	0.025	0.976	40000.0
462	2658.698	13.453	470.886	12.957	0.025	0.976	30000.0
463	2697.086	13.209	527.18	12.873	0.023	0.98	30000.0
464	2664.31	13.457	471.563	12.949	0.025	0.977	20000.0
465	2659.901	13.423	470.408	12.889	0.025	0.977	30000.0
466	2659.329	13.449	470.331	12.94	0.025	0.976	20000.0
467	2698.19	13.228	527.705	12.875	0.023	0.98	30000.0
468	2664.424	13.453	470.404	12.908	0.025	0.977	30000.0
469	2651.988	13.361	467.814	12.819	0.025	0.977	20000.0
470	2667.46	13.459	472.782	12.947	0.025	0.977	40000.0
471	2649.418	13.401	467.893	12.882	0.025	0.977	30000.0
472	2654.041	13.374	469.187	12.859	0.025	0.977	30000.0
473	2660.987	13.411	472.454	12.902	0.025	0.977	30000.0
474	2665.751	13.44	472.172	12.955	0.025	0.977	30000.0
475	2693.807	13.241	526.179	12.881	0.023	0.98	30000.0
476	2655.74	13.375	469.854	12.857	0.024	0.977	30000.0
477	2660.612	13.414	472.097	12.92	0.025	0.977	50000.0
478	2653.663	13.434	468.997	12.892	0.025	0.977	30000.0
479	2662.494	13.495	470.564	12.941	0.025	0.977	100000.0
480	2659.889	13.425	469.543	12.879	0.025	0.977	20000.0
481	2660.58	13.399	469.934	12.89	0.025	0.977	30000.0
482	2654.547	13.395	469.739	12.914	0.025	0.977	50000.0
483	2699.644	13.209	528.674	12.882	0.023	0.98	40000.0
484	2663.925	13.464	471.179	12.956	0.025	0.976	80000.0
485	2664.116	13.45	471.883	12.946	0.025	0.977	50000.0
486	2696.392	13.216	527.369	12.853	0.023	0.98	40000.0
487	2661.992	13.463	472.341	12.972	0.025	0.977	30000.0
488	2667.054	13.496	471.239	12.952	0.025	0.976	40000.0
489	2657.223	13.405	469.832	12.92	0.025	0.977	50000.0
490	2662.754	13.433	470.554	12.925	0.025	0.976	40000.0
491	2653.219	13.423	469.808	12.891	0.025	0.977	30000.0
492	2660.393	13.44	470.514	12.895	0.025	0.977	30000.0
493	2663.07	13.472	471.682	12.979	0.025	0.976	20000.0
494	2701.807	13.226	527.837	12.9	0.023	0.979	40000.0
495	2661.772	13.453	470.143	12.903	0.025	0.977	70000.0
496	2671.448	13.497	467.072	12.821	0.026	0.976	40000.0
497	2657.661	13.411	471.058	12.921	0.025	0.977	40000.0
498	2660.363	13.471	470.492	12.958	0.025	0.976	30000.0
499	2657.763	13.447	469.836	12.908	0.025	0.977	40000.0
500	2654.704	13.432	469.444	12.909	0.025	0.977	60000.0
