MutationType	SBS96A	SBS96B	SBS96C	SBS96D	SBS96E	SBS96F	SBS96G	SBS96H	SBS96I
A[C>A]A	3.71E-05	1.07E-05	2.44E-05	4.59E-05	7.71E-05	1.70E-04	2.36E-05	2.61E-04	8.32E-05
A[C>A]C	1.09E-04	6.06E-29	2.84E-05	8.00E-05	2.94E-05	1.11E-04	1.11E-05	4.04E-04	7.30E-05
A[C>A]G	1.17E-05	1.50E-06	2.89E-06	2.35E-05	4.56E-06	1.26E-05	0.00E+00	3.95E-05	7.80E-06
A[C>A]T	3.46E-05	5.08E-06	2.30E-05	7.09E-05	3.93E-05	4.93E-05	1.17E-05	2.26E-04	6.77E-05
A[C>G]A	7.77E-05	5.06E-06	7.48E-06	7.14E-05	9.68E-06	1.01E-05	5.39E-06	7.85E-05	3.48E-05
A[C>G]C	3.83E-05	4.66E-06	5.21E-07	3.53E-05	7.73E-06	9.84E-06	3.09E-06	5.30E-05	2.04E-05
A[C>G]G	2.90E-05	1.95E-06	4.22E-06	2.79E-05	1.83E-06	2.98E-06	7.81E-07	1.11E-05	1.07E-05
A[C>G]T	1.16E-04	1.19E-05	7.97E-07	8.10E-05	1.15E-05	1.36E-05	5.76E-06	5.00E-05	5.20E-05
A[C>T]A	2.57E-04	1.57E-05	3.93E-05	8.87E-05	9.21E-05	8.76E-05	2.88E-05	6.54E-04	1.32E-04
A[C>T]C	2.00E-04	1.08E-05	1.35E-05	5.91E-05	5.85E-05	4.69E-05	1.91E-05	4.64E-04	7.47E-05
A[C>T]G	4.03E-04	6.37E-05	4.35E-05	2.63E-04	3.93E-04	3.44E-04	1.41E-04	1.88E-04	2.83E-04
A[C>T]T	2.89E-04	1.61E-05	1.47E-05	1.00E-04	8.27E-05	5.84E-05	2.80E-05	7.35E-04	1.05E-04
A[T>A]A	3.68E-05	6.98E-06	1.41E-05	2.83E-05	1.57E-05	2.50E-05	6.56E-06	9.36E-05	3.15E-05
A[T>A]C	4.38E-05	4.69E-06	1.05E-05	3.89E-05	1.39E-05	6.25E-05	6.30E-06	1.59E-04	3.38E-05
A[T>A]G	1.68E-05	1.16E-13	1.15E-05	2.86E-05	1.42E-05	2.05E-05	4.97E-06	1.30E-04	2.27E-05
A[T>A]T	5.53E-05	1.98E-05	3.39E-05	1.52E-04	2.90E-05	9.94E-05	1.42E-05	1.29E-04	1.00E-04
A[T>C]A	3.64E-04	1.81E-05	4.77E-05	2.70E-04	2.95E-05	4.19E-05	4.54E-05	4.51E-05	6.91E-05
A[T>C]C	1.07E-04	1.38E-05	5.70E-05	6.86E-05	1.33E-05	1.10E-05	1.17E-05	1.32E-04	2.18E-05
A[T>C]G	3.41E-04	2.21E-05	7.63E-05	1.91E-04	8.99E-06	1.60E-05	5.31E-05	1.07E-04	2.44E-05
A[T>C]T	2.67E-04	1.48E-05	5.77E-05	2.60E-04	2.48E-05	4.14E-05	1.83E-05	6.89E-05	6.71E-05
A[T>G]A	9.87E-05	1.00E-05	8.97E-06	6.33E-05	9.62E-06	7.65E-06	4.25E-06	3.73E-05	3.69E-05
A[T>G]C	2.75E-05	2.18E-05	5.84E-05	1.45E-05	7.32E-06	6.29E-06	5.82E-06	1.85E-04	7.87E-06
A[T>G]G	4.94E-05	1.06E-05	3.02E-05	4.03E-05	2.33E-06	8.16E-06	2.77E-06	5.88E-05	1.73E-05
A[T>G]T	6.39E-05	1.26E-04	3.30E-04	1.16E-04	2.82E-05	3.59E-05	3.18E-05	1.64E-03	2.65E-05
C[C>A]A	2.80E-05	8.80E-06	1.70E-05	9.11E-05	7.40E-05	1.25E-04	2.38E-05	1.79E-04	7.63E-05
C[C>A]C	2.76E-05	2.69E-06	1.60E-05	1.08E-04	2.46E-05	6.53E-05	2.08E-05	1.65E-04	6.92E-05
C[C>A]G	9.06E-06	2.71E-06	2.60E-06	7.29E-06	8.47E-06	1.93E-05	4.80E-06	1.80E-05	9.65E-06
C[C>A]T	5.97E-06	1.63E-05	2.15E-05	3.10E-04	6.68E-05	1.05E-04	6.44E-05	1.11E-04	1.45E-04
C[C>G]A	3.41E-05	4.24E-06	6.95E-06	3.22E-05	4.71E-06	1.58E-05	0.00E+00	5.59E-05	2.30E-05
C[C>G]C	2.89E-05	7.90E-07	6.24E-06	3.15E-05	5.74E-06	1.01E-05	3.03E-06	5.30E-05	1.88E-05
C[C>G]G	1.23E-05	3.66E-07	2.51E-06	1.73E-05	3.31E-06	3.13E-06	0.00E+00	1.87E-05	7.38E-06
C[C>G]T	6.43E-05	6.37E-06	7.55E-06	5.05E-05	6.14E-06	2.23E-05	0.00E+00	5.94E-05	3.52E-05
C[C>T]A	4.83E-04	1.42E-05	1.52E-05	1.07E-04	1.05E-04	1.29E-04	4.43E-05	9.31E-04	1.76E-04
C[C>T]C	5.59E-04	1.56E-05	2.63E-05	1.54E-04	9.97E-05	1.80E-04	4.09E-05	1.00E-03	1.82E-04
C[C>T]G	2.47E-04	4.25E-05	2.93E-05	1.63E-04	2.49E-04	2.23E-04	8.76E-05	1.58E-04	1.80E-04
C[C>T]T	4.50E-04	1.47E-05	2.21E-05	9.81E-05	9.41E-05	1.44E-04	3.80E-05	9.55E-04	1.56E-04
C[T>A]A	2.25E-05	1.10E-06	1.84E-05	4.36E-05	8.41E-07	6.45E-05	3.48E-06	1.16E-04	4.52E-05
C[T>A]C	2.32E-05	1.91E-05	3.83E-05	5.85E-05	1.62E-05	6.67E-05	7.00E-06	4.51E-05	5.39E-05
C[T>A]G	2.55E-05	1.16E-05	2.02E-05	3.53E-05	2.11E-06	6.00E-05	3.66E-06	5.76E-05	4.21E-05
C[T>A]T	2.33E-05	1.20E-04	3.22E-04	7.71E-05	3.53E-05	7.46E-05	1.56E-05	3.16E-04	9.57E-05
C[T>C]A	1.40E-04	2.46E-05	7.90E-05	5.07E-05	1.62E-05	1.83E-05	2.03E-05	2.78E-04	3.07E-05
C[T>C]C	6.32E-05	7.27E-05	1.15E-04	6.04E-05	3.01E-05	2.36E-05	1.60E-05	9.41E-04	2.37E-05
C[T>C]G	1.66E-04	5.54E-05	1.95E-04	5.60E-05	8.31E-19	1.60E-05	3.37E-05	8.91E-04	1.68E-05
C[T>C]T	8.40E-05	4.77E-04	9.92E-04	1.51E-04	1.61E-04	8.74E-05	7.66E-05	8.11E-04	3.90E-05
C[T>G]A	3.39E-05	1.54E-05	3.19E-05	1.43E-05	9.16E-06	1.47E-05	4.81E-06	8.74E-05	1.72E-05
C[T>G]C	3.51E-05	5.65E-05	1.09E-04	3.22E-05	1.89E-45	1.92E-05	1.05E-05	4.36E-04	1.53E-05
C[T>G]G	3.97E-05	3.48E-05	7.83E-05	2.18E-05	8.53E-06	3.01E-05	8.87E-06	2.60E-04	2.25E-05
C[T>G]T	1.14E-04	4.59E-04	1.45E-03	2.85E-04	2.27E-04	2.07E-04	1.32E-06	2.10E-03	5.81E-05
G[C>A]A	7.73E-05	2.16E-05	1.22E-05	7.71E-05	1.67E-04	5.73E-04	4.52E-05	1.36E-04	1.78E-04
G[C>A]C	5.21E-05	4.32E-06	1.66E-05	6.00E-05	3.43E-05	3.87E-05	1.04E-05	2.06E-04	4.53E-05
G[C>A]G	8.21E-06	2.76E-06	2.33E-06	1.35E-05	8.68E-06	2.73E-05	3.44E-06	3.95E-05	1.02E-05
G[C>A]T	3.43E-05	1.34E-05	9.84E-06	7.68E-05	9.50E-05	2.63E-04	2.76E-05	7.87E-05	9.47E-05
G[C>G]A	3.45E-05	2.60E-06	5.96E-06	3.24E-05	5.86E-06	6.83E-06	2.84E-06	2.71E-05	1.60E-05
G[C>G]C	2.29E-05	4.72E-06	3.41E-06	1.76E-05	6.27E-06	2.02E-05	3.78E-06	5.22E-05	1.95E-05
G[C>G]G	1.44E-05	9.66E-07	3.76E-07	1.71E-05	2.72E-06	2.76E-06	1.70E-06	1.39E-05	4.79E-06
G[C>G]T	4.61E-05	5.14E-06	5.27E-06	3.52E-05	7.12E-06	1.20E-05	3.55E-06	3.98E-05	2.40E-05
G[C>T]A	2.03E-04	1.08E-05	1.25E-05	1.46E-04	4.89E-05	1.22E-04	2.59E-05	4.22E-04	1.15E-04
G[C>T]C	1.26E-04	1.47E-05	3.57E-06	1.50E-04	4.25E-05	1.02E-04	3.57E-05	2.98E-04	1.04E-04
G[C>T]G	3.32E-04	5.33E-05	2.94E-05	2.28E-04	2.94E-04	2.52E-04	9.58E-05	1.16E-04	2.07E-04
G[C>T]T	1.14E-04	1.20E-05	9.05E-06	5.94E-05	3.90E-05	6.46E-05	1.77E-05	3.60E-04	7.32E-05
G[T>A]A	1.20E-05	3.61E-07	9.70E-06	1.37E-05	1.08E-05	1.90E-05	3.31E-06	6.22E-05	2.27E-05
G[T>A]C	1.57E-05	5.80E-06	1.13E-05	2.05E-05	1.02E-05	3.03E-05	4.43E-06	4.83E-05	2.13E-05
G[T>A]G	1.17E-05	3.84E-06	9.43E-06	1.20E-05	8.62E-06	1.33E-05	3.43E-06	2.87E-05	1.52E-05
G[T>A]T	1.37E-05	2.28E-05	4.72E-05	1.82E-05	1.24E-05	2.52E-05	5.15E-06	6.21E-05	3.06E-05
G[T>C]A	1.28E-04	1.14E-05	3.71E-05	2.30E-05	2.36E-05	2.48E-05	3.36E-05	8.51E-05	2.73E-05
G[T>C]C	6.15E-05	1.53E-05	4.21E-05	1.59E-05	1.53E-05	1.26E-05	1.20E-05	2.13E-04	1.66E-05
G[T>C]G	1.54E-04	1.54E-05	7.56E-05	5.46E-05	1.76E-05	1.29E-05	3.29E-05	2.63E-04	2.01E-05
G[T>C]T	1.02E-04	3.68E-05	5.16E-05	6.97E-05	2.70E-05	2.12E-05	2.39E-05	9.89E-05	2.59E-05
G[T>G]A	3.01E-05	4.62E-06	1.06E-05	2.32E-05	4.14E-06	4.55E-06	2.14E-06	1.80E-05	9.78E-06
G[T>G]C	2.03E-05	1.37E-05	2.80E-05	1.27E-05	2.15E-39	4.85E-06	3.21E-06	1.04E-04	5.69E-06
G[T>G]G	2.80E-05	1.21E-05	2.88E-05	2.09E-05	8.88E-06	1.21E-05	4.62E-06	5.79E-05	1.50E-05
G[T>G]T	5.29E-05	5.04E-05	1.32E-04	8.85E-05	4.71E-05	4.58E-05	1.62E-05	1.02E-03	2.07E-05
T[C>A]A	5.50E-05	1.88E-05	1.06E-05	7.32E-05	1.36E-04	4.05E-04	3.67E-05	1.25E-04	1.61E-04
T[C>A]C	3.27E-05	8.78E-06	1.53E-05	5.69E-05	7.15E-05	1.48E-04	2.00E-05	1.76E-04	6.28E-05
T[C>A]G	1.14E-05	2.45E-06	1.21E-06	1.95E-05	1.68E-05	5.94E-05	5.12E-06	1.76E-05	2.29E-05
T[C>A]T	8.97E-05	3.50E-05	1.81E-05	1.42E-04	2.34E-04	6.63E-04	6.37E-05	2.04E-04	2.36E-04
T[C>G]A	1.79E-04	1.40E-05	1.04E-06	1.93E-04	5.93E-06	1.81E-05	2.79E-06	1.14E-07	4.81E-04
T[C>G]C	8.64E-05	6.49E-06	7.76E-06	7.39E-05	5.20E-06	1.59E-05	1.85E-07	4.24E-05	9.90E-05
T[C>G]G	3.04E-05	2.30E-06	2.30E-06	2.65E-05	6.09E-07	9.51E-07	6.64E-07	1.74E-06	3.35E-05
T[C>G]T	3.06E-04	2.65E-05	1.81E-06	2.78E-04	2.18E-05	3.55E-05	8.67E-06	3.50E-05	5.74E-04
T[C>T]A	5.10E-04	6.36E-06	4.09E-05	3.87E-05	2.04E-04	2.05E-04	8.77E-05	1.27E-03	4.83E-04
T[C>T]C	4.81E-04	1.83E-05	3.38E-05	9.38E-05	1.45E-04	1.61E-04	6.09E-05	9.68E-04	2.16E-04
T[C>T]G	1.48E-04	2.88E-05	1.83E-05	1.31E-04	1.50E-04	1.44E-04	5.85E-05	1.95E-04	1.41E-04
T[C>T]T	5.51E-04	1.72E-05	4.16E-05	6.71E-05	1.86E-04	2.08E-04	8.09E-05	1.24E-03	2.96E-04
T[T>A]A	6.54E-05	1.57E-05	3.39E-05	1.10E-04	3.09E-05	7.90E-05	2.00E-05	2.90E-04	8.80E-05
T[T>A]C	1.98E-05	1.04E-05	1.70E-05	3.12E-05	1.52E-05	4.68E-05	5.83E-06	4.86E-05	3.75E-05
T[T>A]G	1.45E-05	5.32E-06	9.32E-06	1.33E-05	9.99E-06	1.91E-05	3.41E-06	3.74E-05	1.98E-05
T[T>A]T	5.09E-05	3.46E-05	5.31E-05	1.04E-04	3.03E-05	8.38E-05	1.35E-05	1.37E-04	8.25E-05
T[T>C]A	2.30E-04	1.33E-05	2.98E-05	1.12E-04	2.82E-05	1.81E-05	3.25E-05	3.15E-05	6.61E-05
T[T>C]C	1.19E-04	4.25E-05	1.33E-04	2.46E-05	2.40E-05	2.50E-05	1.70E-05	4.65E-04	2.92E-05
T[T>C]G	1.73E-04	1.99E-05	8.47E-05	7.88E-05	1.55E-05	1.30E-05	2.46E-05	2.87E-04	2.80E-05
T[T>C]T	1.57E-04	3.70E-05	8.04E-05	3.54E-05	3.45E-05	2.27E-05	3.17E-05	4.76E-04	3.36E-05
T[T>G]A	1.23E-04	1.84E-05	4.69E-06	6.76E-05	1.15E-05	1.20E-05	5.51E-06	4.32E-05	4.67E-05
T[T>G]C	5.67E-05	3.61E-05	9.51E-05	3.01E-05	8.71E-06	6.96E-06	8.84E-06	3.05E-04	1.65E-05
T[T>G]G	6.66E-05	1.98E-05	4.91E-05	2.43E-05	1.24E-05	1.58E-05	7.15E-06	1.46E-04	2.42E-05
T[T>G]T	1.82E-04	3.07E-04	8.12E-04	2.53E-04	5.69E-05	7.18E-05	8.71E-05	3.64E-03	5.15E-05
