MutationType	SBS96A	SBS96B	SBS96C	SBS96D	SBS96E	SBS96F	SBS96G	SBS96H	SBS96I
A[C>A]A	0.008411348378285766	0.0010746831924770958	0.003267963355174288	0.022654918272048234	0.01139834657125175	0.0548047836124897	0.0012307202603224691	0.005172236176324077	0.0065220309128053485
A[C>A]C	0.007528895105468109	6.992688320645344e-29	0.002517104465747252	0.021686431266367434	0.005308346340898424	0.021014597335830332	0.0011233402601792477	0.005044771022437372	0.0028404420814309612
A[C>A]G	0.004058610713575036	2.2602186896567038e-05	0.0003267808065575082	0.0026152937295846643	0.0006361655542277731	0.0025208049984648826	0.0	0.0005657098606865337	0.0004709491762550898
A[C>A]T	0.003574536824831739	9.457206869131066e-05	0.002831179083324969	0.02098218671232462	0.0027865510452538727	0.026234640657901764	0.003736080676317215	0.004932657147483008	0.0041565757052740085
A[C>G]A	0.009620349046774208	0.000691556201200001	0.0006640268821502105	0.016880359062924982	0.0018460528408177196	0.003076147343032062	0.0015473000388592482	0.0016043356538593236	0.003192570355255157
A[C>G]C	0.005018085885327309	0.0008723376165144145	2.440478827876759e-06	0.010474047213792801	0.0012296569055179135	0.0025808960923459382	0.00046440543135395276	0.0012453878652740969	0.001200225102924378
A[C>G]G	0.0035424859719350933	5.5762519901063416e-05	9.048339055058083e-05	0.0031757694240659474	0.00010552414378980759	0.00022695149869107184	7.167301576680642e-06	0.0005749417481129058	0.0006284111679706256
A[C>G]T	0.007552217747084797	0.0032059260844253005	1.7228855316633771e-06	0.022224719189107418	0.0020628168692346663	0.0017108250363962725	0.0012212247668066994	0.000576594451759487	0.003045819427003153
A[C>T]A	0.04704106910526752	0.00026102615827440945	0.001217190929193813	0.006729428641265258	0.02028006146848202	0.006856954385539211	0.0437500127106905	0.014009395432192833	0.0069269959039774814
A[C>T]C	0.025808619234710933	0.0008900553572457284	0.00022153158422506052	0.0032874270462772436	0.009779488974250853	0.004805391484551364	0.012482956560328603	0.007716921486426145	0.004572501154951169
A[C>T]G	0.027922237645834683	0.003748016896718106	0.0007693201321518993	0.014244413937442005	0.18903628972172737	0.008825186831386273	0.025356561534572393	0.004328964844994804	0.005776793626157911
A[C>T]T	0.03941709654033184	0.0006141057196123282	0.0018554464711342006	0.009052723196800798	0.010444944561924786	0.007651408329606056	0.010734685309231282	0.00996063249552821	0.0065368231365707016
A[T>A]A	0.005812036004848778	0.0003218313446867941	0.0017786916580516845	0.016952846955507993	0.007065159215591848	0.004790786141995341	0.0035014574937522413	0.0035335479199420663	0.003386538906954229
A[T>A]C	0.005088640743866563	0.0006821396087761969	0.0019433541621547193	0.010743343219161034	0.004927379973232746	0.006615384842269123	0.005240796666592359	0.0038700760746141895	0.0014007781009641972
A[T>A]G	0.0076219686605036256	1.1587216602881866e-13	0.0015095838429988362	0.01162752654030919	0.003580968434922397	0.003855417515151203	0.00012703141766176178	0.0030695073197553988	0.0026204947056248785
A[T>A]T	0.0021475009844615415	0.0021621163851814344	0.009006229841150343	0.01705654489248991	0.02252517459914088	0.01764858951047063	0.027137884378433227	0.011158227055799216	0.008585200500208884
A[T>C]A	0.044138163574039935	0.0021319125869777053	0.002475250078947283	0.024416440714150667	0.007939955146983266	0.003976155697600916	0.028943459019064904	0.005854593925178051	0.0018728154376107492
A[T>C]C	0.015686464527621867	0.0007939210628801407	0.0033050300679169594	0.00947858429607004	0.0020108263336587697	0.002254711341811344	0.010615489024668932	0.009088751128874719	0.0008472656250744173
A[T>C]G	0.04273853764683008	0.000686646809869308	0.0010697602898557354	0.007701748706343323	1.4459167555891759e-05	0.00010758305747709817	0.03491238549724221	0.006290741577829664	0.00020277557933142404
A[T>C]T	0.03871400386840105	0.0018853793897433207	0.006798045529983938	0.023712350768968462	0.005916313065215945	0.004410913176368922	0.007929461692459882	0.011213574341498316	0.0018800856157203537
A[T>G]A	0.0049040379491634666	0.0031750483834184708	0.000502000384251005	0.015185191597789525	0.0014360272540943698	0.0008129160370390309	0.00016048015908013086	0.0020826870432829377	0.0010715232916973653
A[T>G]C	0.003518785217311233	0.0032133116807090117	0.0015642012497492203	0.003130093430634588	0.0002676733896487422	0.00029690643562753415	0.0010457136549521238	0.008944679485401138	0.00019777486481659703
A[T>G]G	0.006531092355027795	0.0008279855801089547	0.0010749097077641637	0.008663059127517045	1.6368321825052288e-05	0.0012341850240482016	0.0007797886074986308	0.005123900911770761	0.0005121336617650809
A[T>G]T	0.006564624811988324	0.042922952115535734	0.041731178738176826	0.002845444174149671	0.0024617787839379163	0.0024952649277984163	0.00037047342365258373	0.0756616048370488	0.0010123209878788945
C[C>A]A	0.0036514203732367603	0.0012820464412216096	0.0017336686863563954	0.015022007966414093	0.0014734308918102435	0.046670658692717554	0.014424797220155596	0.002684922667173028	0.006617443100083619
C[C>A]C	0.003160932064289227	1.558967904688027e-05	0.0014862868571653962	0.011539390226826072	0.002966948680114001	0.014587105521932243	0.023368021469563245	0.002174796198505951	0.004037772540497826
C[C>A]G	0.002928683332633227	0.0002013881699203921	3.966545324712378e-05	0.0010310071581043302	0.0021318749852944166	0.004287229966372251	0.0037335661319084466	0.0003705979009376814	0.0007036491612088866
C[C>A]T	5.9659542849544705e-06	0.0004892459599980606	0.0010378913276670625	0.007506365767849169	0.001241468165458385	0.03861044865101576	0.07069434797763824	0.0030937305772093283	0.006718009776254436
C[C>G]A	0.004205433519091457	0.0002986883758211505	0.0005693147864076309	0.011962233554571867	0.00021847588134126666	0.0021254022356588394	0.0	0.0017407734032312875	0.003767380571458489
C[C>G]C	0.005147287263069302	4.310795533480409e-06	0.0006178909957816358	0.009776345098391176	0.0003169656888272231	0.0015753570899832993	0.00014480990002145095	0.0013949024838805345	0.00086973916979332
C[C>G]G	0.002325783071340993	1.9469477234784008e-06	0.00012182191593522823	0.0024566206419840454	0.0005134573362884112	0.0003549920599034522	0.0	0.0005171630731783863	0.0006619706731871702
C[C>G]T	0.005766338643152267	0.0009909047371475027	0.0002163430814077487	0.017957308704033493	0.00022286539966007724	0.002700831973226741	0.0	0.0023406785459956156	0.004845473369583487
C[C>T]A	0.031496105333790186	0.001882995199644938	0.0008807375792266916	0.006901542062405497	0.013532383119687437	0.012074053341289982	0.0047255306760780515	0.014409399672877044	0.017620710276998578
C[C>T]C	0.028129513232968747	0.0017373172701336443	0.0010101460163167253	0.003094928308376379	0.008621734731555246	0.011730579147581011	0.01019600217975676	0.011653171044885384	0.009122147067504902
C[C>T]G	0.022023052360862494	0.0028545907752995847	0.0011266401756238338	0.0070464723664464286	0.12374537582695484	0.006635074175047242	0.02308844087459147	0.0036621182010567284	0.004032884000673222
C[C>T]T	0.033559897750616074	0.0011000316196586937	0.0020877801704918967	0.009975627405568958	0.013156795375049114	0.01210715842852369	0.007069700445048511	0.012679616050799323	0.013799754570238291
C[T>A]A	0.0010143321978789003	5.285283610036466e-06	0.002269022689666599	0.01343722359649837	2.7898071129534558e-06	0.004069585843943059	0.0009623372432542964	0.0027644183585071006	0.002313606303941297
C[T>A]C	0.0009400346811401568	0.006927077384665609	0.013929102705791592	0.01224808718636632	0.000536124600865289	0.005412742867600173	0.0032937440634705126	0.010099149486981332	0.0032290846357063857
C[T>A]G	0.0030123774942476303	0.0012531975109595806	0.005622015100903809	0.013536106692627073	9.719374007281823e-06	0.0045025591845624146	0.0009374819354852662	0.0071023293803446	0.0034134397979360075
C[T>A]T	0.00039749133629668715	0.026310147035866975	0.053688623301684855	0.02336954253911972	0.0014556820532634182	0.006913035017903894	0.0010883451534537247	0.005044102132093258	0.005672494033758994
C[T>C]A	0.014869652612134814	0.00253916687797755	0.006803332605864853	0.013387832280248403	0.0015368363263551146	0.0017679528812897347	0.019059537056833505	0.013844866973464378	0.0016445350250578563
C[T>C]C	0.011415605887770653	0.020520946741104128	0.0481507093384862	0.007959231186658144	0.0015152647449855766	0.0024436211376450954	0.009766430089250207	0.04535492400592193	0.0024553075223229825
C[T>C]G	0.027515975270420313	0.010273201862350105	0.027212141431868075	0.0009780127308563432	8.311752731350206e-19	0.00010148848775810165	0.03534191720932722	0.038905402996411556	0.00015391087101774024
C[T>C]T	0.018803943663835525	0.08803593501341962	0.21055508610606194	0.005621081004878281	0.004110728916623376	0.0033607648357935	0.018882048450410367	0.021066892805624057	0.000863444446000001
C[T>G]A	0.0020040323932189494	0.0025525350435636938	0.0004055207498147493	0.008047748956829309	0.0008678539777174592	0.0019669947784859685	0.0007551441255491227	0.005615103679476306	0.0010271763798082247
C[T>G]C	0.002989933169214055	0.02429533053562045	0.0055936247979989275	0.0039453874342143536	1.8889503299098535e-45	0.0013001233419777955	0.005504328399896622	0.018988777516954977	0.0012141875962655222
C[T>G]G	0.004478051715064794	0.009540892153047025	0.0034159708723891526	0.009477088706567884	0.00014029794795421808	0.0027323544757673515	0.0063836710145697	0.014480487098218872	0.0019696635400759986
C[T>G]T	0.001268565887412384	0.44383787548542025	0.25522140389680864	0.004244885344570818	0.007140041058794614	0.003611674969590064	1.3576930559356053e-06	0.06914402374344272	0.0018029999755169134
G[C>A]A	0.007310717219486833	0.0033759451454970987	0.00025965756619700486	0.0007494435162390786	0.005089474913755396	0.10055268049240113	0.0026737853429513125	0.0007728793705413277	0.00545178979609481
G[C>A]C	0.003845997672062367	0.00011126522560301718	0.001615949045168236	0.010261814884841442	0.0014176670960007413	0.021593632847070693	0.004634263686370104	0.0024649060823729767	0.0013672246084282858
G[C>A]G	0.003484832103829831	0.0002333806627357262	6.493675566196799e-05	0.00047694288602292934	0.0016879730164073407	0.005044680587016046	0.00045399998215725647	0.0004524749861229793	0.0004971174663788824
G[C>A]T	0.0024185721135872884	0.00197264934098348	0.0001951916094108388	0.004633732742397115	0.0014021894192154047	0.05845680735260248	0.013423729045316577	0.0015819262379772007	0.004542066638328833
G[C>G]A	0.004468760148622096	6.362096004991541e-05	0.00037318574867595137	0.007644708557985723	0.0005988353168941103	0.001634547229623422	0.00023949537690350553	0.0012873879128019326	0.0010251987993833609
G[C>G]C	0.003620524682570249	0.000999845468904823	7.154143458302042e-05	0.009714068327099085	0.0001414620192959584	0.0019417080637067557	0.0017667006810661405	0.0011408158958292915	0.0008768396664258493
G[C>G]G	0.002481218549888581	9.283438238708186e-05	2.3077690852429754e-06	0.0011122885800723453	7.865063090955729e-05	0.00010054546574519918	0.00014571916761633473	0.0001572302492824278	0.00025137392118794466
G[C>G]T	0.004641660533379764	0.000927711216325406	0.00021739682465322368	0.011947988292202354	0.0006325327502272557	0.0018002352241892367	0.0007282749764854088	0.0013094870574423111	0.0017093651971081271
G[C>T]A	0.01934007170982659	0.000659581230085223	0.0005136324219744586	0.005149040527176112	0.01625603734329343	0.007946331563638524	0.044093744792044164	0.007332389051676728	0.007400113977666479
G[C>T]C	0.015670315517112614	0.0021176886302419007	1.4265996193651137e-05	0.0017677452722358877	0.01832993152178824	0.0051542519438089705	0.05483127556741238	0.0035047500723844925	0.005452323707357115
G[C>T]G	0.005006675211291105	0.005326332311378792	0.0003112406322283292	0.009378810618738641	0.1526679770052433	0.011221095694102824	0.06211583002656698	0.0026538903630631827	0.005437695726375117
G[C>T]T	0.020924310425296425	0.0019284211897756904	0.0008330595053266733	0.006163417555391788	0.016816044442355634	0.006395787432324141	0.03252596653997898	0.004837841911401116	0.0062997291148640215
G[T>A]A	0.001987034581368789	5.024435813538731e-07	0.0011219314386835323	0.008123031597584486	0.0010449937285156921	0.0017952932066982613	0.0009091958708595484	0.0013605673011618815	0.0016160344424133654
G[T>A]C	0.002437768870964646	0.0015635279617272318	0.003465434360783547	0.0059252349436283115	0.0009999668239615857	0.002711138743441552	0.0031003079987131058	0.003154341016896069	0.0012733018974768555
G[T>A]G	0.0031666184794157744	7.236455924979723e-05	0.001966597768594511	0.006965716898441315	0.0013351747520500795	0.0018303722713608295	0.0011466360890772193	0.0027049444986041635	0.0012635785921302157
G[T>A]T	0.0038407820742577315	0.0034630428283136555	0.01170949050784111	0.011416119575500488	0.0018084144885651768	0.0036979300365783275	0.0024796251403167843	0.005203947014873847	0.0018411880616968118
G[T>C]A	0.014877270065248013	0.0013277274860301986	0.0014285821219716013	0.009226935371756553	0.008432505782693625	0.002808561657438986	0.03334562428295612	0.004911462228721535	0.0015919044432812371
G[T>C]C	0.009495610969141127	0.0044878565235994755	0.00939858035929501	0.006868520334362984	0.004590937453787774	0.002706815422512591	0.013423249371349812	0.011455194762675092	0.0012950743411493022
G[T>C]G	0.02057222955301404	0.002409625026630238	0.006202476324979216	0.0021657366202744548	0.003078565011266619	0.00015734610496099605	0.02917671896517277	0.011210204552715146	0.0009210110958531983
G[T>C]T	0.018027182256802915	0.006390437970287166	0.019475939854979515	0.011289501088671387	0.006018892302177847	0.003738344985526055	0.016593394372612237	0.007730911662336439	0.002226582738570869
G[T>G]A	0.003143863650970161	0.000548364792834036	0.00036791520722065266	0.005018413339275867	0.00013064812356637068	0.0005826560227142182	0.00021727489844488446	0.001868615573970601	0.0002401961672431025
G[T>G]C	0.002971428685821593	0.005847787455655634	0.0016888388222432696	0.0027969618565402924	2.145953224274013e-39	0.00016109947073362712	0.0010612740353681148	0.005094168245210313	0.0001119116158773868
G[T>G]G	0.004861636176239699	0.0021500163469463586	0.0012156180949532427	0.0074975699307397005	0.00029947930339653826	0.0013747850252548233	0.0014029131571296602	0.005591265656985343	0.0008354082707737689
G[T>G]T	0.004670864830724895	0.0889931398332119	0.05846443999558687	0.003378128409269266	0.0024602161645598244	0.0020299293086864056	0.006973813232965767	0.0447949479342374	0.00060004943624882
T[C>A]A	0.00395112787198741	0.0030743197053670884	0.00023222402178472298	0.013845777548849582	0.004542867954336241	0.08243902978301049	0.0021770009962037563	0.0019678668433694073	0.02237971729040146
T[C>A]C	0.002866123863845132	0.0008993262242584023	0.0015167059606174006	0.013723314918577671	0.00425350405019708	0.046116239942610264	0.0033902184087783098	0.0026019455956446573	0.010167766041122376
T[C>A]G	0.0024506564890034496	0.0002756899261730723	1.2285072084833925e-05	0.0008733201122509159	0.0011469168020994402	0.00969774995930493	0.0002786105017876253	0.00017052583871149637	0.0015191198483807966
T[C>A]T	0.004842931823641658	0.006698424888309091	0.00018011668963568379	0.013517054820433258	0.00816138097224757	0.1422294673025608	0.015477516481652857	0.0042122146664769385	0.020439548885449767
T[C>G]A	0.001986250973623504	0.0022513055147137494	3.739422127921058e-06	0.023435185169801115	3.579113049054695e-05	5.408734846807974e-05	1.3936149391524557e-05	1.1355247988831254e-07	0.0931108982115984
T[C>G]C	0.0039056219984777273	0.0009914489067159593	0.00033759994936176596	0.01708431310392916	0.00022890717771969322	0.0021374594477238133	4.3576064274159956e-07	0.0016754773787688465	0.02225068986043334
T[C>G]G	0.0020854950421489776	0.00011525389879125215	8.474108894835937e-05	0.0023041328893741594	5.855534597129168e-06	4.895569481707726e-06	1.4179350092269552e-05	1.0130489774299521e-05	0.005021360537037253
T[C>G]T	0.0035612497180785613	0.005592900784686208	8.269111397206458e-06	0.04659409452602267	0.0017001224397681653	0.0022638576846247985	0.0005268060870959374	0.00035707874634754137	0.11583713445067406
T[C>T]A	0.021893474601352388	1.0421264537399848e-05	0.0027716176167689515	5.497051400016062e-05	0.016834730138725718	0.008693195478429276	0.0033147110693971626	0.025083469043951482	0.2215583408474922
T[C>T]C	0.02618851766269654	0.0019763177109416575	0.0006877015676222082	0.003968757202732377	0.01940646244212985	0.01045332834799774	0.0059326676428318025	0.021278305959887802	0.06700588230788708
T[C>T]G	0.0174600302670151	0.002624397173523903	0.0006121944030189403	0.0051785496263242565	0.077462197676301	0.005603629220975563	0.008688108973576253	0.002389433114920648	0.025848869629204272
T[C>T]T	0.02742593794851564	0.000761339273435516	0.002666058698261638	0.003261286402020232	0.023801809396594764	0.012083717773202806	0.0033840765898348764	0.02686655602604151	0.13925541773438455
T[T>A]A	0.0014744246497497345	0.005193400619551539	0.0037727355977986007	0.024896167773753405	0.030074814397841692	0.021863505616784094	0.013385405724868179	0.006142055050004274	0.010318473975174129
T[T>A]C	0.002202910243999213	0.0007753397330234293	0.0037952564493753016	0.011539072973653674	0.0011796065402159002	0.0038049964087549597	0.0011548299110727385	0.00608421929506585	0.0026395391825644763
T[T>A]G	0.0028803376813884823	0.0002972357592708325	0.00160790392535273	0.008799686789512635	0.0010141433431999757	0.0020961024874122814	0.0008539150059223176	0.002850718199508265	0.0020580492686713115
T[T>A]T	0.0008998124022571396	0.004837385946826544	0.01781391846574843	0.02504829880222678	0.016082641564309597	0.00811421270435676	0.017679718546569346	0.014860629129223526	0.005585760963789653
T[T>C]A	0.015228670159354805	0.005610784685239196	0.005549865850247443	0.027504519697278736	0.005311949045397341	0.003564413560088724	0.021092893548309802	0.0009087071185355827	0.0019970121539196555
T[T>C]C	0.011827292453497649	0.0042676762082846835	0.007539821869228035	0.011897433338686824	0.009516102984547616	0.0030158144403249027	0.022486218750476836	0.021850479335756973	0.0022500191846047527
T[T>C]G	0.018141209222376345	0.0014910237685695621	0.005077226398512721	0.006240990379825235	0.001927538061281666	0.0004006979761780811	0.02042661838978529	0.012038249704986811	0.0005164300468309615
T[T>C]T	0.020186439279466867	0.006475408285623417	0.02334079123660922	0.012760936379432678	0.011159160831943155	0.002263659612624906	0.033984050914645195	0.022368023336632178	0.0024920397286041407
T[T>G]A	0.0036507916499394924	0.006199219872243702	3.1927606931092496e-05	0.020593024879693986	0.0011245690549258143	0.0013438113763695582	0.0002709120873490141	0.0018762991439280569	0.0016464180279352671
T[T>G]C	0.005391796187963337	0.005986353273969144	0.00173770519083831	0.006667404687963426	0.0003530890566691172	0.00019268527252601136	0.0005170529509487096	0.014148694741888903	0.0004931858667638976
T[T>G]G	0.005544137358199805	0.0029024392645806076	0.002045911891967313	0.011762048706412315	0.00393807620042935	0.002116178289987147	0.0052489098999649285	0.008656329853460192	0.0012238894540787441
T[T>G]T	0.006616992795964642	0.07834437151253223	0.06727730456739664	0.012734808473847807	0.016885737959295512	0.0035615044419796504	0.010397954728454352	0.1582691427283711	0.0022407305224539592
