NMF_Replicate	L1	L1 %	L2	L2 %	KL Divergence	Correlation	Convergence Iterations
1	1596.946	9.097	246.705	7.935	0.016	0.989	130000.0
2	1595.249	9.119	247.127	7.982	0.016	0.989	80000.0
3	1611.247	9.183	249.763	8.003	0.016	0.989	120000.0
4	1607.814	9.157	249.931	8.012	0.016	0.989	70000.0
5	1601.121	9.134	248.033	7.973	0.016	0.989	90000.0
6	1598.375	9.099	247.726	7.954	0.015	0.989	90000.0
7	1598.674	9.103	247.536	7.937	0.015	0.989	50000.0
8	1602.116	9.187	248.421	8.031	0.016	0.988	70000.0
9	1598.127	9.135	247.163	7.973	0.016	0.989	70000.0
10	1601.785	9.137	248.187	8.002	0.016	0.988	60000.0
11	1604.094	9.186	248.23	8.018	0.016	0.988	110000.0
12	1601.468	9.097	248.534	7.956	0.015	0.989	100000.0
13	1596.544	9.091	247.253	7.96	0.015	0.989	90000.0
14	1604.168	9.181	247.957	8.002	0.016	0.988	100000.0
15	1602.946	9.181	247.916	8.03	0.016	0.988	100000.0
16	1599.166	9.104	247.691	7.952	0.016	0.989	110000.0
17	1601.605	9.115	247.63	7.964	0.015	0.989	130000.0
18	1602.516	9.132	248.189	7.95	0.016	0.989	130000.0
19	1600.982	9.126	247.745	7.978	0.016	0.988	60000.0
20	1606.608	9.14	249.081	7.981	0.016	0.989	70000.0
21	1602.635	9.141	248.209	8.004	0.016	0.989	110000.0
22	1601.415	9.107	247.591	7.967	0.016	0.989	40000.0
23	1608.393	9.202	249.086	8.018	0.016	0.989	80000.0
24	1602.523	9.114	247.916	7.978	0.016	0.989	100000.0
25	1606.335	9.135	249.381	7.996	0.016	0.989	90000.0
26	1604.086	9.123	248.296	7.976	0.016	0.989	50000.0
27	1597.553	9.122	247.025	7.967	0.016	0.988	80000.0
28	1600.874	9.144	248.141	7.981	0.016	0.989	70000.0
29	1599.11	9.121	247.878	7.974	0.015	0.989	100000.0
30	1599.229	9.128	247.349	7.962	0.016	0.989	90000.0
31	1597.988	9.105	247.858	7.988	0.015	0.989	50000.0
32	1601.874	9.138	247.772	7.96	0.016	0.989	60000.0
33	1596.645	9.106	247.23	7.928	0.016	0.989	170000.0
34	1598.814	9.104	247.733	7.964	0.016	0.989	90000.0
35	1604.143	9.177	247.614	8.012	0.016	0.988	70000.0
36	1609.083	9.131	249.192	7.971	0.015	0.989	90000.0
37	1600.633	9.135	247.757	7.977	0.016	0.989	80000.0
38	1595.15	9.1	246.917	7.939	0.016	0.989	60000.0
39	1605.745	9.164	249.029	8.003	0.015	0.989	90000.0
40	1594.179	9.074	247.467	7.968	0.015	0.989	60000.0
41	1600.578	9.127	247.886	7.989	0.016	0.989	110000.0
42	1604.3	9.15	248.589	8.008	0.016	0.989	40000.0
43	1604.17	9.115	248.36	7.958	0.015	0.989	50000.0
44	1603.44	9.202	248.766	8.054	0.016	0.988	70000.0
45	1599.926	9.117	247.869	7.981	0.016	0.989	40000.0
46	1600.599	9.118	248.173	7.948	0.016	0.989	60000.0
47	1602.895	9.146	248.547	7.983	0.016	0.989	90000.0
48	1601.3	9.102	247.921	7.978	0.015	0.989	60000.0
49	1606.804	9.157	249.339	7.987	0.016	0.989	40000.0
50	1597.547	9.136	247.651	7.993	0.016	0.989	40000.0
51	1604.27	9.179	248.106	8.044	0.016	0.988	50000.0
52	1603.317	9.146	247.531	7.971	0.016	0.989	90000.0
53	1600.403	9.129	247.507	7.986	0.015	0.989	80000.0
54	1598.969	9.061	247.142	7.915	0.015	0.989	70000.0
55	1600.362	9.128	247.624	7.97	0.016	0.989	90000.0
56	1600.59	9.159	247.972	8.005	0.016	0.989	90000.0
57	1598.742	9.131	247.125	7.968	0.016	0.988	70000.0
58	1607.258	9.138	248.959	7.996	0.016	0.989	50000.0
59	1598.221	9.082	247.194	7.947	0.015	0.989	80000.0
60	1598.836	9.127	247.787	7.963	0.016	0.989	90000.0
61	1595.099	9.083	246.306	7.95	0.015	0.989	50000.0
62	1592.731	9.092	246.036	7.946	0.016	0.989	100000.0
63	1597.627	9.09	248.103	7.956	0.016	0.989	80000.0
64	1600.241	9.144	247.529	7.994	0.016	0.989	80000.0
65	1598.195	9.093	248.433	7.951	0.015	0.989	40000.0
66	1605.932	9.182	249.301	8.053	0.016	0.988	70000.0
67	1602.134	9.143	248.225	7.989	0.016	0.989	90000.0
68	1602.386	9.094	249.043	7.998	0.015	0.989	120000.0
69	1598.272	9.118	248.069	7.981	0.016	0.989	60000.0
70	1602.434	9.157	248.639	7.983	0.016	0.989	80000.0
71	1604.744	9.154	248.531	8.008	0.016	0.989	80000.0
72	1596.911	9.129	247.205	7.978	0.016	0.989	60000.0
73	1596.614	9.108	247.725	7.973	0.016	0.989	80000.0
74	1602.252	9.184	248.314	8.035	0.016	0.988	90000.0
75	1597.387	9.081	247.845	7.926	0.015	0.989	100000.0
76	1601.937	9.12	248.921	7.979	0.015	0.989	70000.0
77	1595.928	9.093	246.97	7.933	0.015	0.989	70000.0
78	1604.559	9.159	248.801	8.018	0.016	0.989	80000.0
79	1605.158	9.124	248.395	7.956	0.016	0.989	50000.0
80	1601.707	9.119	247.254	7.949	0.016	0.989	80000.0
81	1607.864	9.198	248.846	8.028	0.016	0.988	150000.0
82	1602.746	9.113	248.577	7.965	0.016	0.989	60000.0
83	1606.393	9.12	249.101	7.994	0.015	0.989	80000.0
84	1601.607	9.095	247.472	7.959	0.015	0.989	70000.0
85	1605.982	9.145	248.419	7.972	0.016	0.989	70000.0
86	1599.652	9.11	247.247	7.979	0.015	0.989	60000.0
87	1601.198	9.098	247.821	7.967	0.015	0.989	80000.0
88	1604.728	9.144	248.633	7.997	0.016	0.989	60000.0
89	1597.83	9.149	247.499	7.988	0.016	0.989	90000.0
90	1603.538	9.139	249.157	7.987	0.016	0.989	50000.0
91	1600.536	9.091	248.241	7.961	0.015	0.989	50000.0
92	1598.257	9.133	248.354	8.005	0.016	0.989	70000.0
93	1603.253	9.138	248.385	7.989	0.015	0.989	100000.0
94	1607.06	9.151	248.595	7.968	0.016	0.989	80000.0
95	1600.165	9.14	248.289	7.983	0.016	0.989	50000.0
96	1597.109	9.16	247.707	8.0	0.016	0.989	90000.0
97	1602.433	9.156	247.827	7.999	0.016	0.989	80000.0
98	1603.793	9.102	248.961	7.991	0.015	0.989	70000.0
99	1597.528	9.139	247.964	8.005	0.016	0.989	50000.0
100	1595.316	9.097	246.716	7.942	0.015	0.989	80000.0
101	1604.224	9.151	248.677	7.997	0.015	0.989	140000.0
102	1600.484	9.155	247.826	7.995	0.016	0.989	60000.0
103	1600.777	9.08	247.613	7.919	0.015	0.989	80000.0
104	1600.253	9.116	248.708	7.999	0.015	0.989	50000.0
105	1603.772	9.152	247.883	7.985	0.016	0.989	80000.0
106	1607.132	9.179	248.932	8.022	0.016	0.989	60000.0
107	1596.149	9.105	247.267	7.951	0.016	0.989	100000.0
108	1598.094	9.133	247.273	7.963	0.016	0.989	70000.0
109	1601.15	9.15	248.274	8.016	0.016	0.989	100000.0
110	1600.507	9.145	248.051	8.023	0.016	0.988	90000.0
111	1593.124	9.11	247.365	7.99	0.016	0.988	60000.0
112	1597.035	9.119	247.148	7.981	0.015	0.989	70000.0
113	1597.396	9.121	246.727	7.948	0.016	0.989	80000.0
114	1599.036	9.111	247.842	7.961	0.015	0.989	90000.0
115	1594.513	9.065	247.191	7.921	0.015	0.989	80000.0
116	1602.7	9.152	248.598	8.009	0.016	0.989	110000.0
117	1604.81	9.149	248.821	8.011	0.016	0.989	90000.0
118	1600.228	9.125	248.452	8.002	0.016	0.989	100000.0
119	1593.931	9.124	246.221	7.954	0.016	0.989	90000.0
120	1600.369	9.125	247.867	7.969	0.016	0.989	70000.0
121	1608.976	9.17	249.346	8.027	0.016	0.989	90000.0
122	1600.155	9.143	247.755	7.989	0.016	0.989	90000.0
123	1601.248	9.162	247.964	7.991	0.016	0.989	60000.0
124	1600.571	9.105	247.43	7.97	0.016	0.989	60000.0
125	1605.491	9.157	248.43	8.009	0.016	0.988	50000.0
126	1594.455	9.177	246.837	8.016	0.016	0.988	100000.0
127	1603.672	9.168	248.596	8.012	0.016	0.989	90000.0
128	1596.993	9.125	246.543	7.959	0.016	0.988	50000.0
129	1598.581	9.113	247.104	7.952	0.016	0.989	90000.0
130	1599.98	9.116	248.032	7.978	0.015	0.989	80000.0
131	1602.581	9.143	248.513	7.988	0.016	0.989	60000.0
132	1594.059	9.073	246.963	7.953	0.015	0.989	80000.0
133	1602.293	9.108	248.258	7.981	0.015	0.989	70000.0
134	1605.509	9.147	248.91	7.989	0.016	0.989	70000.0
135	1601.654	9.153	248.048	8.011	0.016	0.988	100000.0
136	1604.756	9.11	248.186	7.937	0.015	0.989	60000.0
137	1602.652	9.138	248.44	7.965	0.016	0.989	90000.0
138	1598.921	9.135	247.869	7.981	0.016	0.989	60000.0
139	1597.343	9.088	246.986	7.93	0.015	0.989	60000.0
140	1605.249	9.181	249.246	8.041	0.016	0.989	70000.0
141	1601.193	9.137	248.352	8.005	0.015	0.989	60000.0
142	1595.937	9.085	247.213	7.972	0.016	0.989	70000.0
143	1600.889	9.148	247.683	7.995	0.016	0.989	70000.0
144	1603.545	9.165	248.466	8.035	0.016	0.988	100000.0
145	1599.001	9.094	247.597	7.947	0.015	0.989	60000.0
146	1600.471	9.169	247.927	8.026	0.016	0.988	50000.0
147	1603.432	9.138	248.406	7.982	0.016	0.989	70000.0
148	1606.516	9.104	248.494	7.961	0.015	0.989	80000.0
149	1603.815	9.137	248.293	7.985	0.016	0.989	70000.0
150	1600.039	9.176	247.626	7.992	0.016	0.989	100000.0
151	1601.617	9.098	248.143	7.96	0.015	0.989	110000.0
152	1599.717	9.127	248.056	7.969	0.015	0.989	50000.0
153	1601.493	9.14	247.856	7.983	0.016	0.989	70000.0
154	1606.543	9.16	248.789	8.023	0.016	0.989	70000.0
155	1604.202	9.12	249.164	7.992	0.015	0.989	90000.0
156	1603.272	9.145	249.005	8.015	0.016	0.989	60000.0
157	1600.032	9.128	248.265	7.976	0.016	0.989	70000.0
158	1602.832	9.137	248.839	8.019	0.015	0.989	60000.0
159	1598.923	9.14	247.808	8.002	0.016	0.988	70000.0
160	1595.906	9.138	247.474	8.0	0.016	0.988	80000.0
161	1602.144	9.162	248.306	8.01	0.016	0.988	40000.0
162	1604.248	9.106	248.503	7.95	0.015	0.989	60000.0
163	1600.374	9.123	247.6	7.992	0.016	0.988	60000.0
164	1596.647	9.088	247.432	7.949	0.015	0.989	60000.0
165	1608.194	9.133	248.792	7.982	0.015	0.989	70000.0
166	1597.685	9.093	247.155	7.941	0.015	0.989	40000.0
167	1597.385	9.088	247.096	7.962	0.016	0.989	50000.0
168	1599.339	9.09	247.277	7.929	0.016	0.989	90000.0
169	1603.774	9.17	248.03	8.014	0.016	0.988	90000.0
170	1597.627	9.143	247.35	7.993	0.016	0.989	110000.0
171	1602.067	9.135	247.72	7.989	0.016	0.989	70000.0
172	1609.836	9.189	249.498	8.024	0.016	0.988	80000.0
173	1600.639	9.107	247.852	7.964	0.016	0.989	90000.0
174	1600.969	9.143	248.302	8.021	0.016	0.988	50000.0
175	1605.057	9.169	248.679	8.011	0.016	0.989	70000.0
176	1595.429	9.109	246.67	7.965	0.016	0.988	70000.0
177	1602.642	9.161	248.53	8.009	0.016	0.989	160000.0
178	1605.854	9.138	248.491	7.985	0.016	0.989	70000.0
179	1600.857	9.143	248.064	7.971	0.016	0.989	50000.0
180	1602.913	9.159	248.257	7.986	0.016	0.989	50000.0
181	1598.383	9.106	247.476	7.935	0.016	0.989	60000.0
182	1602.719	9.142	248.186	7.987	0.016	0.989	120000.0
183	1603.52	9.15	248.495	8.004	0.016	0.989	60000.0
184	1600.935	9.13	247.493	7.937	0.016	0.989	60000.0
185	1610.644	9.204	249.126	8.038	0.016	0.989	40000.0
186	1599.966	9.13	247.825	7.974	0.016	0.989	60000.0
187	1603.792	9.151	249.082	8.003	0.016	0.989	90000.0
188	1602.201	9.117	248.607	7.978	0.015	0.989	70000.0
189	1602.832	9.15	248.117	7.993	0.016	0.989	80000.0
190	1598.421	9.122	247.749	7.966	0.016	0.989	50000.0
191	1605.675	9.167	249.097	8.03	0.016	0.988	80000.0
192	1600.633	9.116	247.394	7.95	0.016	0.989	60000.0
193	1603.693	9.134	249.198	7.986	0.016	0.989	70000.0
194	1601.402	9.136	248.321	8.003	0.016	0.988	70000.0
195	1600.901	9.108	247.864	7.965	0.015	0.989	90000.0
196	1608.242	9.151	249.497	8.031	0.015	0.989	90000.0
197	1598.686	9.145	247.947	7.984	0.016	0.988	90000.0
198	1597.104	9.141	247.161	7.972	0.016	0.989	60000.0
199	1601.3	9.137	248.464	7.986	0.016	0.989	40000.0
200	1596.086	9.067	246.927	7.934	0.016	0.989	70000.0
201	1596.681	9.118	247.259	7.961	0.016	0.989	60000.0
202	1600.087	9.146	247.93	7.978	0.016	0.989	60000.0
203	1603.822	9.134	248.746	8.006	0.016	0.989	50000.0
204	1600.189	9.105	248.218	7.978	0.015	0.989	70000.0
205	1599.01	9.117	247.987	7.982	0.016	0.989	90000.0
206	1606.901	9.137	248.813	7.986	0.016	0.989	70000.0
207	1598.449	9.135	247.87	7.998	0.016	0.988	120000.0
208	1598.509	9.088	248.238	7.96	0.015	0.989	90000.0
209	1611.91	9.134	249.41	7.997	0.016	0.989	120000.0
210	1603.679	9.117	248.963	8.009	0.016	0.989	70000.0
211	1598.002	9.122	247.447	7.976	0.016	0.988	70000.0
212	1606.198	9.179	249.162	8.028	0.016	0.988	50000.0
213	1607.129	9.151	249.331	8.018	0.016	0.989	70000.0
214	1600.838	9.128	247.555	7.997	0.016	0.989	90000.0
215	1600.643	9.135	247.953	7.996	0.016	0.989	60000.0
216	1603.395	9.132	247.981	7.98	0.016	0.989	100000.0
217	1601.09	9.157	247.733	8.011	0.016	0.989	90000.0
218	1602.421	9.145	248.365	8.002	0.016	0.989	90000.0
219	1607.256	9.164	248.697	7.988	0.016	0.989	70000.0
220	1597.43	9.158	247.94	8.002	0.016	0.989	90000.0
221	1603.88	9.158	248.448	8.003	0.016	0.989	90000.0
222	1603.161	9.157	248.983	8.025	0.016	0.989	90000.0
223	1605.043	9.173	248.837	8.022	0.016	0.989	90000.0
224	1597.403	9.131	247.888	7.988	0.016	0.988	60000.0
225	1599.869	9.121	248.138	8.006	0.015	0.989	90000.0
226	1603.132	9.151	248.521	7.99	0.016	0.989	110000.0
227	1600.696	9.137	248.678	8.018	0.016	0.989	50000.0
228	1590.23	9.11	245.963	7.961	0.016	0.989	90000.0
229	1602.455	9.147	248.313	8.01	0.016	0.989	60000.0
230	1603.062	9.112	248.408	7.983	0.016	0.989	70000.0
231	1595.27	9.1	247.741	7.977	0.016	0.989	40000.0
232	1596.128	9.148	247.58	7.984	0.016	0.989	70000.0
233	1595.34	9.107	246.815	7.951	0.016	0.989	50000.0
234	1607.842	9.138	249.857	8.016	0.015	0.989	80000.0
235	1594.509	9.153	246.528	7.974	0.016	0.989	90000.0
236	1600.01	9.085	247.682	7.947	0.015	0.989	60000.0
237	1596.438	9.132	247.218	7.99	0.016	0.989	70000.0
238	1604.289	9.184	248.756	8.027	0.016	0.988	120000.0
239	1599.974	9.123	248.236	7.99	0.016	0.989	70000.0
240	1600.442	9.154	248.128	7.984	0.016	0.989	70000.0
241	1603.262	9.139	247.986	7.982	0.016	0.989	100000.0
242	1605.13	9.186	248.96	8.023	0.016	0.989	100000.0
243	1603.141	9.125	249.326	8.018	0.016	0.989	110000.0
244	1599.966	9.118	248.041	7.991	0.016	0.989	70000.0
245	1596.852	9.097	247.376	7.971	0.016	0.989	80000.0
246	1596.489	9.1	247.124	7.952	0.016	0.989	90000.0
247	1600.757	9.116	248.701	8.011	0.016	0.988	110000.0
248	1606.19	9.159	248.759	8.0	0.016	0.989	90000.0
249	1600.131	9.114	247.712	7.972	0.015	0.989	110000.0
250	1604.954	9.144	248.846	7.992	0.016	0.989	60000.0
251	1598.409	9.125	247.282	7.949	0.016	0.989	50000.0
252	1596.828	9.11	247.338	7.942	0.016	0.989	50000.0
253	1604.966	9.124	248.525	7.976	0.015	0.989	100000.0
254	1597.601	9.107	247.124	7.942	0.015	0.989	90000.0
255	1607.941	9.131	249.187	7.986	0.015	0.989	70000.0
256	1603.411	9.153	247.881	7.98	0.016	0.989	60000.0
257	1608.054	9.162	249.081	8.026	0.016	0.989	100000.0
258	1597.77	9.118	247.94	7.959	0.016	0.989	100000.0
259	1597.096	9.112	247.057	7.98	0.016	0.989	80000.0
260	1604.319	9.135	248.919	7.988	0.016	0.989	50000.0
261	1597.415	9.085	247.654	7.947	0.016	0.989	90000.0
262	1602.899	9.118	248.631	7.96	0.016	0.989	80000.0
263	1594.918	9.068	246.803	7.932	0.015	0.989	70000.0
264	1593.61	9.037	246.724	7.902	0.015	0.989	90000.0
265	1600.457	9.138	248.109	7.974	0.016	0.988	70000.0
266	1602.631	9.167	247.886	7.993	0.016	0.989	130000.0
267	1600.974	9.153	247.959	7.994	0.016	0.989	110000.0
268	1605.15	9.154	248.302	7.995	0.016	0.989	50000.0
269	1600.002	9.115	248.274	7.99	0.016	0.989	80000.0
270	1593.102	9.134	247.185	7.985	0.016	0.989	90000.0
271	1603.53	9.112	247.767	7.949	0.015	0.989	90000.0
272	1604.105	9.163	248.259	8.014	0.016	0.988	80000.0
273	1595.282	9.133	247.283	7.965	0.016	0.989	80000.0
274	1600.022	9.076	248.232	7.936	0.015	0.989	120000.0
275	1603.661	9.138	248.815	8.007	0.016	0.989	70000.0
276	1607.909	9.151	249.875	8.015	0.016	0.989	110000.0
277	1603.812	9.122	247.899	7.978	0.015	0.989	80000.0
278	1598.382	9.115	248.362	7.987	0.015	0.989	110000.0
279	1609.627	9.22	249.523	8.054	0.016	0.988	90000.0
280	1604.101	9.194	248.619	8.007	0.016	0.989	70000.0
281	1597.613	9.134	247.446	7.955	0.016	0.989	60000.0
282	1600.985	9.109	248.55	7.979	0.016	0.989	110000.0
283	1605.794	9.156	248.746	8.007	0.016	0.989	80000.0
284	1601.359	9.131	247.963	7.97	0.016	0.989	60000.0
285	1602.609	9.135	248.322	7.99	0.015	0.989	80000.0
286	1598.191	9.137	247.346	7.973	0.016	0.989	80000.0
287	1609.122	9.188	249.405	8.041	0.016	0.989	60000.0
288	1612.036	9.179	250.375	8.039	0.015	0.989	70000.0
289	1601.857	9.111	248.116	7.966	0.015	0.989	60000.0
290	1603.981	9.153	247.68	7.976	0.016	0.989	90000.0
291	1596.994	9.085	247.763	7.965	0.016	0.989	70000.0
292	1600.542	9.136	248.016	8.007	0.016	0.989	100000.0
293	1598.993	9.139	247.99	8.001	0.016	0.989	90000.0
294	1600.108	9.082	248.25	7.975	0.015	0.989	60000.0
295	1603.917	9.158	248.739	7.993	0.016	0.989	80000.0
296	1600.597	9.112	247.871	7.964	0.016	0.989	90000.0
297	1605.031	9.178	248.753	8.036	0.016	0.988	60000.0
298	1600.632	9.151	248.213	7.985	0.016	0.989	110000.0
299	1595.495	9.113	247.099	7.949	0.016	0.989	80000.0
300	1605.834	9.138	249.021	7.981	0.015	0.989	80000.0
301	1597.282	9.111	246.903	7.977	0.016	0.989	80000.0
302	1602.696	9.173	247.725	8.003	0.016	0.988	60000.0
303	1594.499	9.13	247.263	7.985	0.016	0.988	80000.0
304	1597.334	9.116	247.505	7.975	0.016	0.989	50000.0
305	1596.103	9.107	247.159	7.92	0.016	0.989	40000.0
306	1599.785	9.135	247.746	7.986	0.016	0.989	80000.0
307	1600.166	9.114	247.804	7.973	0.016	0.989	110000.0
308	1600.607	9.181	248.177	8.068	0.016	0.988	60000.0
309	1604.737	9.172	248.779	8.001	0.016	0.989	60000.0
310	1600.122	9.154	247.498	7.998	0.016	0.988	60000.0
311	1601.653	9.165	247.877	8.016	0.016	0.988	70000.0
312	1599.061	9.131	245.114	7.901	0.016	0.989	80000.0
313	1604.962	9.157	249.761	8.037	0.016	0.989	80000.0
314	1605.672	9.164	248.813	8.012	0.016	0.989	100000.0
315	1605.295	9.104	249.02	7.963	0.015	0.989	60000.0
316	1604.815	9.15	248.139	8.0	0.015	0.989	80000.0
317	1605.564	9.16	249.467	8.012	0.016	0.989	60000.0
318	1607.236	9.199	248.694	8.018	0.016	0.989	70000.0
319	1601.132	9.123	248.108	7.991	0.015	0.989	50000.0
320	1599.102	9.108	247.157	7.953	0.016	0.989	50000.0
321	1603.826	9.171	248.559	8.029	0.016	0.988	80000.0
322	1608.654	9.122	249.348	7.998	0.015	0.989	190000.0
323	1603.382	9.095	248.844	7.956	0.015	0.989	50000.0
324	1604.664	9.153	249.138	7.992	0.016	0.989	60000.0
325	1601.978	9.189	248.444	8.045	0.016	0.988	60000.0
326	1597.057	9.152	246.731	7.98	0.016	0.989	60000.0
327	1596.623	9.171	247.115	7.982	0.016	0.989	80000.0
328	1609.013	9.218	248.94	8.046	0.016	0.988	80000.0
329	1598.089	9.144	247.406	8.003	0.016	0.989	50000.0
330	1603.729	9.114	248.647	7.964	0.015	0.989	90000.0
331	1598.348	9.078	247.834	7.954	0.015	0.989	120000.0
332	1603.703	9.125	248.299	7.961	0.016	0.989	70000.0
333	1597.973	9.111	247.854	7.963	0.016	0.989	60000.0
334	1604.344	9.187	248.237	8.048	0.016	0.988	70000.0
335	1601.092	9.159	247.688	7.996	0.016	0.989	70000.0
336	1604.829	9.139	249.417	8.005	0.016	0.989	60000.0
337	1596.45	9.158	247.693	8.026	0.016	0.988	60000.0
338	1595.446	9.074	247.224	7.958	0.015	0.989	60000.0
339	1601.106	9.16	247.842	8.012	0.016	0.989	70000.0
340	1596.555	9.085	247.514	7.947	0.015	0.989	90000.0
341	1599.386	9.118	247.52	7.946	0.015	0.989	100000.0
342	1610.947	9.199	249.485	8.037	0.016	0.988	110000.0
343	1599.097	9.063	247.263	7.927	0.015	0.989	80000.0
344	1610.268	9.179	249.073	8.041	0.016	0.988	90000.0
345	1605.558	9.143	248.425	7.998	0.015	0.989	60000.0
346	1605.676	9.169	247.823	8.009	0.016	0.989	80000.0
347	1610.674	9.144	249.499	7.987	0.015	0.989	60000.0
348	1596.26	9.092	248.127	7.958	0.016	0.989	40000.0
349	1604.649	9.153	248.438	7.989	0.016	0.989	80000.0
350	1601.256	9.122	248.591	7.981	0.016	0.989	50000.0
351	1604.444	9.141	248.406	7.99	0.016	0.989	60000.0
352	1607.679	9.201	249.778	8.068	0.016	0.988	80000.0
353	1601.47	9.12	247.305	7.96	0.016	0.989	100000.0
354	1609.435	9.213	249.324	8.054	0.016	0.988	60000.0
355	1606.355	9.121	249.202	8.007	0.015	0.989	70000.0
356	1593.372	9.128	246.904	7.968	0.016	0.989	100000.0
357	1608.142	9.186	249.387	8.029	0.016	0.989	80000.0
358	1600.086	9.15	247.852	8.012	0.016	0.988	60000.0
359	1605.594	9.144	248.802	7.986	0.016	0.989	110000.0
360	1597.481	9.088	247.619	7.956	0.015	0.989	50000.0
361	1604.719	9.166	249.293	8.006	0.016	0.989	60000.0
362	1593.925	9.101	246.701	7.939	0.016	0.989	80000.0
363	1602.339	9.121	248.019	7.968	0.015	0.989	80000.0
364	1604.586	9.191	249.009	8.036	0.016	0.989	80000.0
365	1603.62	9.087	248.527	7.968	0.016	0.989	70000.0
366	1601.232	9.141	247.891	8.008	0.016	0.988	60000.0
367	1602.445	9.142	248.372	7.984	0.016	0.989	100000.0
368	1603.535	9.128	248.933	8.003	0.016	0.988	50000.0
369	1604.541	9.123	248.663	8.003	0.016	0.988	100000.0
370	1597.557	9.117	247.797	7.984	0.016	0.989	100000.0
371	1607.005	9.17	249.049	8.028	0.016	0.989	60000.0
372	1600.73	9.138	247.058	7.945	0.016	0.989	80000.0
373	1599.776	9.12	248.335	7.974	0.016	0.989	70000.0
374	1601.551	9.125	248.074	7.983	0.015	0.989	80000.0
375	1600.266	9.121	247.761	7.969	0.015	0.989	120000.0
376	1605.507	9.143	248.993	8.008	0.016	0.989	60000.0
377	1604.866	9.131	248.324	8.008	0.015	0.989	70000.0
378	1597.812	9.12	247.284	7.97	0.016	0.989	80000.0
379	1601.262	9.12	248.132	7.972	0.016	0.989	90000.0
380	1596.676	9.117	247.598	7.955	0.016	0.989	40000.0
381	1604.98	9.152	249.204	8.013	0.016	0.989	80000.0
382	1601.895	9.165	245.255	7.965	0.016	0.988	90000.0
383	1604.523	9.114	248.327	7.99	0.016	0.989	70000.0
384	1598.829	9.13	248.038	7.973	0.016	0.989	50000.0
385	1607.203	9.169	249.414	8.023	0.016	0.989	60000.0
386	1597.838	9.118	248.373	7.996	0.016	0.989	60000.0
387	1598.306	9.172	247.469	8.008	0.016	0.988	70000.0
388	1600.11	9.101	248.004	7.958	0.015	0.989	50000.0
389	1602.026	9.088	248.617	7.973	0.015	0.989	70000.0
390	1603.932	9.15	248.604	8.007	0.016	0.989	70000.0
391	1599.05	9.136	247.261	7.975	0.016	0.989	90000.0
392	1596.556	9.108	246.991	7.955	0.016	0.989	70000.0
393	1603.626	9.154	247.908	8.006	0.016	0.989	80000.0
394	1604.075	9.106	248.723	7.948	0.015	0.989	100000.0
395	1600.788	9.13	248.444	8.002	0.015	0.989	90000.0
396	1598.83	9.082	247.426	7.922	0.015	0.989	50000.0
397	1599.778	9.148	248.272	8.007	0.016	0.989	90000.0
398	1602.276	9.167	247.599	7.996	0.016	0.989	80000.0
399	1601.217	9.097	248.83	7.974	0.015	0.989	80000.0
400	1601.043	9.118	247.96	7.982	0.015	0.989	100000.0
401	1605.221	9.148	248.618	8.002	0.016	0.989	60000.0
402	1602.608	9.088	248.623	7.961	0.015	0.989	80000.0
403	1600.075	9.136	247.938	7.98	0.016	0.989	80000.0
404	1597.748	9.103	247.72	7.971	0.016	0.989	70000.0
405	1611.9	9.208	249.277	8.057	0.016	0.988	110000.0
406	1592.611	9.139	246.502	7.998	0.016	0.988	90000.0
407	1602.64	9.151	248.572	8.011	0.016	0.989	70000.0
408	1603.274	9.13	248.499	7.977	0.016	0.989	100000.0
409	1595.183	9.129	247.307	7.967	0.016	0.989	70000.0
410	1600.515	9.086	248.016	7.964	0.015	0.989	90000.0
411	1602.475	9.139	248.227	7.98	0.015	0.989	80000.0
412	1604.096	9.157	248.898	8.019	0.016	0.989	70000.0
413	1606.148	9.161	248.858	7.998	0.016	0.988	70000.0
414	1604.115	9.155	248.394	7.997	0.016	0.989	90000.0
415	1605.478	9.187	248.823	8.025	0.016	0.988	40000.0
416	1606.443	9.199	249.034	8.061	0.016	0.988	60000.0
417	1597.998	9.101	247.047	7.971	0.016	0.989	50000.0
418	1603.505	9.144	249.187	7.993	0.015	0.989	60000.0
419	1595.317	9.121	247.222	7.967	0.016	0.989	50000.0
420	1602.267	9.126	248.033	7.995	0.016	0.989	80000.0
421	1594.243	9.096	246.666	7.957	0.016	0.989	50000.0
422	1602.463	9.152	248.444	7.992	0.016	0.989	70000.0
423	1600.395	9.128	247.481	7.974	0.016	0.989	60000.0
424	1601.7	9.163	248.188	8.008	0.016	0.988	80000.0
425	1599.115	9.19	247.724	8.013	0.016	0.988	70000.0
426	1603.176	9.158	247.476	7.991	0.016	0.989	70000.0
427	1600.173	9.122	248.049	7.993	0.015	0.989	70000.0
428	1601.403	9.109	247.795	7.965	0.015	0.989	90000.0
429	1595.385	9.098	246.747	7.961	0.015	0.989	100000.0
430	1599.751	9.118	247.498	7.962	0.015	0.989	60000.0
431	1601.719	9.143	248.299	8.003	0.016	0.989	40000.0
432	1600.629	9.104	247.47	7.935	0.016	0.989	90000.0
433	1604.121	9.165	248.81	8.016	0.016	0.989	100000.0
434	1603.318	9.177	248.776	8.03	0.016	0.988	70000.0
435	1603.138	9.173	248.335	8.001	0.016	0.989	70000.0
436	1597.82	9.128	247.623	7.975	0.016	0.989	90000.0
437	1606.991	9.16	248.598	8.001	0.016	0.989	110000.0
438	1604.509	9.131	248.246	7.99	0.016	0.989	100000.0
439	1602.266	9.155	247.993	7.995	0.016	0.989	60000.0
440	1600.355	9.144	247.581	7.962	0.016	0.989	50000.0
441	1600.507	9.139	247.25	7.96	0.016	0.989	90000.0
442	1599.435	9.146	248.26	8.007	0.016	0.989	110000.0
443	1606.98	9.212	249.111	8.053	0.016	0.988	80000.0
444	1611.697	9.133	249.119	7.963	0.015	0.989	90000.0
445	1606.666	9.185	248.268	8.028	0.016	0.989	100000.0
446	1595.999	9.129	247.79	8.009	0.016	0.988	80000.0
447	1600.272	9.145	247.768	7.976	0.016	0.989	60000.0
448	1600.193	9.164	247.699	8.0	0.016	0.989	90000.0
449	1607.234	9.148	249.263	8.005	0.015	0.989	100000.0
450	1592.895	9.073	247.08	7.931	0.015	0.989	70000.0
451	1599.429	9.139	248.029	7.998	0.016	0.989	50000.0
452	1601.686	9.106	248.072	7.952	0.015	0.989	80000.0
453	1601.785	9.145	247.234	7.986	0.016	0.989	70000.0
454	1598.24	9.132	247.79	7.949	0.016	0.989	60000.0
455	1603.966	9.103	248.601	7.965	0.015	0.989	80000.0
456	1597.361	9.111	247.2	7.958	0.016	0.989	70000.0
457	1599.068	9.135	247.873	7.994	0.016	0.989	40000.0
458	1600.84	9.094	247.639	7.935	0.016	0.989	80000.0
459	1602.637	9.172	248.7	8.001	0.016	0.989	60000.0
460	1596.207	9.07	246.962	7.916	0.016	0.989	110000.0
461	1602.185	9.142	249.04	8.017	0.016	0.989	80000.0
462	1604.375	9.167	248.135	8.006	0.016	0.989	90000.0
463	1603.145	9.127	248.706	7.989	0.016	0.989	90000.0
464	1599.853	9.121	247.566	7.967	0.016	0.989	70000.0
465	1603.379	9.145	248.513	7.991	0.016	0.989	70000.0
466	1600.755	9.164	247.731	8.027	0.016	0.988	60000.0
467	1599.242	9.129	247.633	7.973	0.016	0.989	70000.0
468	1605.521	9.164	248.493	7.991	0.016	0.988	50000.0
469	1604.153	9.092	247.744	7.918	0.015	0.989	60000.0
470	1603.781	9.127	248.573	7.985	0.016	0.989	60000.0
471	1596.566	9.117	246.823	7.965	0.016	0.989	70000.0
472	1594.228	9.067	244.317	7.873	0.016	0.989	60000.0
473	1604.294	9.127	248.679	7.98	0.016	0.989	60000.0
474	1600.049	9.145	247.862	8.009	0.016	0.988	90000.0
475	1597.849	9.159	247.761	8.016	0.016	0.989	50000.0
476	1601.523	9.117	247.602	7.938	0.015	0.989	70000.0
477	1600.603	9.12	249.138	7.978	0.016	0.989	90000.0
478	1598.411	9.137	246.716	7.953	0.016	0.989	80000.0
479	1602.591	9.156	248.79	8.005	0.016	0.989	70000.0
480	1601.676	9.1	248.168	7.958	0.016	0.989	50000.0
481	1597.8	9.085	247.322	7.93	0.015	0.989	80000.0
482	1599.69	9.102	248.031	7.979	0.016	0.989	70000.0
483	1600.604	9.125	248.247	7.997	0.016	0.989	60000.0
484	1604.573	9.194	248.853	8.053	0.016	0.988	110000.0
485	1601.933	9.139	248.035	7.975	0.016	0.989	40000.0
486	1600.156	9.141	248.218	7.988	0.016	0.989	60000.0
487	1599.862	9.121	248.482	7.975	0.016	0.989	120000.0
488	1605.117	9.169	248.692	8.003	0.016	0.989	40000.0
489	1602.123	9.139	248.497	8.002	0.016	0.989	80000.0
490	1603.299	9.141	248.358	8.014	0.016	0.988	70000.0
491	1598.059	9.126	247.466	7.973	0.016	0.989	140000.0
492	1600.598	9.143	248.494	7.986	0.016	0.989	70000.0
493	1596.992	9.118	244.199	7.909	0.016	0.989	80000.0
494	1602.52	9.119	248.422	7.986	0.015	0.989	70000.0
495	1601.8	9.125	247.988	7.954	0.016	0.989	90000.0
496	1596.95	9.137	247.131	7.981	0.016	0.989	80000.0
497	1604.165	9.121	249.302	7.983	0.015	0.989	70000.0
498	1602.566	9.16	248.835	8.022	0.016	0.989	50000.0
499	1595.573	9.11	246.965	7.962	0.016	0.989	120000.0
500	1596.867	9.14	247.19	7.992	0.016	0.989	60000.0
