MutationType	SBS96A	SBS96B	SBS96C	SBS96D	SBS96E	SBS96F	SBS96G	SBS96H	SBS96I	SBS96J	SBS96K
A[C>A]A	4.54E-05	2.95E-05	1.57E-05	6.91E-05	1.20E-04	1.08E-04	1.89E-05	4.03E-05	7.76E-05	6.36E-05	7.24E-05
A[C>A]C	4.62E-05	1.49E-05	1.21E-05	2.24E-05	1.13E-04	7.71E-05	1.21E-05	1.29E-05	5.49E-05	1.13E-04	5.64E-05
A[C>A]G	8.41E-06	3.91E-06	1.49E-06	5.43E-06	1.44E-05	9.16E-06	0.00E+00	5.91E-06	8.40E-06	9.99E-06	8.59E-06
A[C>A]T	3.31E-05	1.84E-05	1.02E-05	3.03E-05	8.53E-05	4.62E-05	8.88E-06	2.50E-05	4.70E-05	7.84E-05	4.87E-05
A[C>G]A	2.70E-05	1.01E-05	7.80E-06	1.17E-05	2.99E-05	5.75E-05	4.60E-06	1.48E-05	1.84E-05	4.69E-05	2.80E-05
A[C>G]C	1.50E-05	1.59E-07	1.04E-05	8.86E-06	2.00E-05	3.78E-05	3.06E-06	1.01E-05	1.30E-05	3.19E-05	1.85E-05
A[C>G]G	9.38E-06	2.46E-06	2.65E-06	2.78E-06	1.01E-05	1.27E-05	1.52E-07	5.96E-06	5.90E-06	1.42E-05	9.58E-06
A[C>G]T	3.49E-05	4.82E-06	2.01E-05	1.35E-05	1.93E-05	9.58E-05	5.15E-06	8.24E-06	1.72E-05	5.73E-05	3.34E-05
A[C>T]A	9.80E-05	3.02E-05	1.17E-05	7.36E-05	1.26E-04	1.15E-04	2.57E-05	5.78E-05	4.11E-05	5.14E-05	2.96E-05
A[C>T]C	6.24E-05	8.84E-06	9.02E-06	5.51E-05	7.99E-05	6.73E-05	2.12E-05	1.92E-05	2.42E-05	2.85E-05	2.14E-05
A[C>T]G	4.32E-04	5.15E-05	7.32E-05	4.28E-04	3.95E-04	1.82E-04	1.50E-04	6.13E-05	3.47E-04	3.41E-04	2.01E-04
A[C>T]T	9.10E-05	1.31E-05	1.84E-05	8.26E-05	1.17E-04	9.74E-05	3.33E-05	2.87E-05	4.02E-05	3.65E-05	3.32E-05
A[T>A]A	1.83E-05	3.07E-05	3.24E-06	1.75E-05	3.25E-05	7.63E-05	7.54E-06	4.18E-05	1.51E-05	4.18E-05	2.06E-05
A[T>A]C	1.73E-05	8.90E-06	6.57E-06	1.58E-05	4.75E-05	3.67E-05	6.73E-06	1.33E-05	2.32E-05	4.47E-05	2.28E-05
A[T>A]G	1.55E-05	2.07E-05	1.54E-44	1.51E-05	2.39E-05	3.43E-05	6.84E-06	2.80E-05	1.58E-05	2.74E-05	1.88E-05
A[T>A]T	2.05E-05	8.02E-05	1.89E-05	3.42E-05	6.45E-05	8.05E-05	1.49E-05	1.01E-04	3.22E-05	7.67E-05	3.64E-05
A[T>C]A	1.20E-04	6.83E-05	1.41E-05	3.44E-05	8.72E-05	9.44E-05	2.68E-05	9.29E-05	2.94E-05	1.00E-04	4.42E-05
A[T>C]C	3.52E-05	4.55E-05	1.75E-05	1.68E-05	2.43E-05	2.28E-05	1.12E-05	6.54E-05	1.30E-05	2.76E-05	2.05E-05
A[T>C]G	1.22E-04	5.16E-05	3.82E-06	1.28E-05	7.50E-05	2.45E-05	3.43E-05	8.40E-05	2.01E-05	7.95E-05	4.07E-05
A[T>C]T	8.93E-05	8.09E-05	1.57E-05	3.08E-05	6.43E-05	6.51E-05	1.39E-05	1.09E-04	2.29E-05	6.65E-05	3.95E-05
A[T>G]A	3.00E-05	1.20E-05	2.33E-05	6.20E-06	3.72E-05	8.91E-05	3.49E-06	1.81E-05	1.15E-05	3.80E-05	1.98E-05
A[T>G]C	1.22E-05	1.90E-05	3.94E-05	4.89E-06	1.31E-05	1.70E-05	3.07E-06	6.05E-05	5.77E-06	1.88E-05	7.61E-06
A[T>G]G	1.71E-05	1.70E-05	1.66E-05	1.33E-06	1.72E-05	2.84E-05	2.47E-06	3.14E-05	1.11E-05	2.49E-05	1.63E-05
A[T>G]T	7.25E-05	1.22E-04	2.09E-04	2.38E-05	8.81E-05	8.11E-05	8.54E-06	3.34E-04	3.15E-05	1.25E-04	1.38E-05
C[C>A]A	3.60E-05	1.51E-05	1.37E-05	6.00E-05	1.08E-04	1.02E-04	1.84E-05	1.81E-05	7.61E-05	6.05E-05	6.16E-05
C[C>A]C	1.83E-05	9.17E-06	1.04E-05	2.07E-05	7.64E-05	4.87E-05	2.23E-05	1.42E-05	3.49E-05	5.93E-05	4.13E-05
C[C>A]G	5.29E-06	2.24E-06	3.22E-06	1.01E-05	1.48E-05	1.72E-05	4.58E-06	5.82E-06	9.08E-06	4.73E-06	1.04E-05
C[C>A]T	2.07E-05	2.03E-05	2.17E-05	3.59E-05	1.22E-04	9.87E-05	6.92E-05	3.36E-05	7.79E-05	7.59E-05	7.96E-05
C[C>G]A	1.72E-05	6.54E-06	6.20E-06	4.73E-06	3.07E-05	4.25E-05	0.00E+00	1.05E-05	1.70E-05	4.33E-05	2.37E-05
C[C>G]C	1.52E-05	7.11E-06	3.76E-06	7.02E-06	2.99E-05	3.33E-05	2.96E-06	1.06E-05	1.57E-05	3.78E-05	2.14E-05
C[C>G]G	5.67E-06	2.26E-06	1.82E-06	4.07E-06	1.20E-05	1.06E-05	0.00E+00	4.56E-06	5.52E-06	1.12E-05	8.11E-06
C[C>G]T	2.64E-05	1.98E-06	1.33E-05	5.52E-06	4.10E-05	6.78E-05	0.00E+00	1.48E-05	2.30E-05	6.25E-05	3.30E-05
C[C>T]A	1.09E-04	1.68E-05	1.49E-05	1.11E-04	1.41E-04	1.14E-04	5.04E-05	2.28E-05	4.53E-05	3.09E-05	4.24E-05
C[C>T]C	1.16E-04	2.50E-05	2.08E-05	1.13E-04	1.49E-04	1.44E-04	4.52E-05	1.39E-06	5.47E-05	4.64E-27	2.25E-05
C[C>T]G	2.79E-04	3.34E-05	4.58E-05	2.75E-04	2.60E-04	1.25E-04	9.56E-05	4.03E-05	2.27E-04	2.18E-04	1.32E-04
C[C>T]T	1.03E-04	1.62E-05	1.82E-05	1.02E-04	1.40E-04	1.21E-04	4.48E-05	1.76E-05	5.10E-05	4.10E-05	3.55E-05
C[T>A]A	1.82E-05	1.58E-05	4.38E-06	1.98E-12	5.48E-05	4.93E-05	3.45E-06	2.03E-05	2.32E-05	5.25E-05	3.20E-05
C[T>A]C	1.90E-05	2.28E-05	2.86E-05	1.51E-05	7.30E-05	5.67E-05	8.07E-06	4.05E-05	3.47E-05	6.32E-05	4.01E-05
C[T>A]G	2.01E-05	2.48E-05	1.13E-05	2.42E-07	6.41E-05	5.10E-05	4.53E-06	3.20E-05	3.15E-05	6.22E-05	3.71E-05
C[T>A]T	2.75E-05	7.92E-05	2.56E-04	2.08E-05	1.28E-04	9.78E-05	1.29E-05	3.48E-04	4.78E-05	9.69E-05	5.45E-05
C[T>C]A	5.04E-05	7.84E-05	2.68E-05	3.35E-06	3.98E-05	5.50E-05	1.81E-05	9.83E-05	1.82E-05	4.53E-05	2.55E-05
C[T>C]C	4.30E-05	1.83E-04	1.04E-04	2.77E-05	7.51E-05	9.59E-05	1.59E-05	2.40E-04	2.70E-05	6.47E-05	3.25E-05
C[T>C]G	7.74E-05	1.73E-04	6.54E-05	8.06E-06	3.42E-05	7.50E-05	3.67E-05	2.32E-04	1.68E-05	5.79E-05	2.74E-05
C[T>C]T	8.42E-05	4.18E-04	1.12E-03	8.18E-05	3.26E-04	3.83E-04	4.22E-05	1.57E-03	7.78E-05	3.64E-04	3.49E-05
C[T>G]A	1.32E-05	7.49E-06	3.03E-05	6.39E-06	1.87E-05	4.27E-05	3.17E-06	4.54E-05	8.87E-06	2.31E-05	1.28E-05
C[T>G]C	1.62E-05	1.10E-04	1.35E-04	9.35E-10	2.67E-05	3.39E-05	8.47E-06	2.44E-04	1.68E-05	5.33E-05	1.80E-05
C[T>G]G	1.80E-05	2.68E-05	7.43E-05	7.10E-07	2.72E-05	3.79E-05	7.67E-06	1.10E-04	1.53E-05	3.51E-05	2.10E-05
C[T>G]T	2.89E-05	2.03E-03	4.33E-04	1.96E-04	6.75E-04	4.03E-04	1.11E-05	2.63E-03	1.81E-04	5.76E-04	5.78E-05
G[C>A]A	8.49E-05	3.55E-05	2.88E-05	1.58E-04	2.77E-04	3.50E-04	3.78E-05	3.46E-05	1.90E-04	1.61E-04	1.56E-04
G[C>A]C	2.72E-05	1.12E-05	1.17E-05	2.55E-05	7.54E-05	6.20E-05	7.79E-06	4.79E-06	3.94E-05	5.51E-05	3.65E-05
G[C>A]G	7.00E-06	3.54E-06	3.16E-06	1.05E-05	1.77E-05	1.97E-05	3.50E-06	9.32E-07	1.09E-05	4.30E-06	9.72E-06
G[C>A]T	4.34E-05	1.81E-05	2.07E-05	8.26E-05	1.41E-04	1.79E-04	2.34E-05	2.40E-05	1.08E-04	8.43E-05	8.61E-05
G[C>G]A	1.29E-05	6.18E-06	4.07E-06	7.40E-06	1.93E-05	2.51E-05	2.73E-06	1.00E-05	1.11E-05	2.59E-05	1.55E-05
G[C>G]C	1.42E-05	1.54E-06	1.04E-05	9.47E-06	3.03E-05	3.73E-05	4.16E-06	8.67E-06	1.74E-05	4.11E-05	2.31E-05
G[C>G]G	6.06E-06	7.61E-07	1.37E-06	4.42E-06	6.67E-06	5.24E-06	1.79E-06	1.41E-06	3.59E-06	3.81E-06	5.44E-06
G[C>G]T	1.77E-05	3.37E-06	1.01E-05	9.51E-06	2.63E-05	4.29E-05	3.71E-06	9.91E-06	1.62E-05	4.21E-05	2.30E-05
G[C>T]A	4.84E-05	8.55E-06	1.46E-05	4.17E-05	9.32E-05	8.47E-05	2.66E-05	2.18E-05	3.51E-05	4.54E-05	3.60E-05
G[C>T]C	4.30E-05	1.00E-05	1.93E-05	4.41E-05	8.27E-05	6.75E-05	3.78E-05	1.27E-05	2.84E-05	5.10E-05	4.15E-05
G[C>T]G	3.60E-04	3.79E-05	7.01E-05	3.51E-04	2.74E-04	1.43E-04	1.09E-04	6.06E-05	2.60E-04	2.51E-04	1.54E-04
G[C>T]T	3.97E-05	1.08E-05	1.28E-05	3.58E-05	6.22E-05	5.16E-05	1.74E-05	1.73E-05	2.61E-05	3.49E-05	2.67E-05
G[T>A]A	1.07E-05	1.45E-05	0.00E+00	5.82E-06	1.87E-05	3.35E-05	3.28E-06	2.00E-05	9.85E-06	2.04E-05	1.27E-05
G[T>A]C	9.05E-06	8.90E-06	8.34E-06	1.12E-05	2.90E-05	2.34E-05	4.61E-06	1.55E-05	1.49E-05	2.62E-05	1.74E-05
G[T>A]G	8.59E-06	1.82E-05	2.30E-06	9.06E-06	1.67E-05	2.37E-05	3.38E-06	2.27E-05	1.07E-05	1.98E-05	1.34E-05
G[T>A]T	1.26E-05	3.92E-05	4.81E-05	1.30E-05	3.86E-05	3.27E-05	5.41E-06	8.34E-05	1.85E-05	3.47E-05	2.39E-05
G[T>C]A	4.52E-05	4.12E-05	1.60E-05	2.61E-05	5.14E-05	4.73E-05	2.84E-05	5.26E-05	2.52E-05	5.67E-05	2.77E-05
G[T>C]C	2.05E-05	5.01E-05	1.64E-05	2.09E-05	2.35E-05	2.06E-05	1.32E-05	6.47E-05	1.49E-05	2.34E-05	1.85E-05
G[T>C]G	5.62E-05	6.27E-05	1.77E-05	2.08E-05	3.25E-05	8.82E-06	2.86E-05	8.71E-05	1.61E-05	4.42E-05	2.50E-05
G[T>C]T	4.52E-05	8.73E-05	8.94E-05	2.27E-05	4.32E-05	3.80E-05	1.49E-05	1.70E-04	2.04E-05	6.44E-05	2.34E-05
G[T>G]A	1.05E-05	7.35E-06	7.82E-06	3.05E-06	8.92E-06	2.06E-05	1.81E-06	1.29E-05	5.58E-06	1.24E-05	9.16E-06
G[T>G]C	7.93E-06	2.36E-05	3.25E-05	5.83E-07	9.57E-06	1.36E-05	2.65E-06	5.64E-05	5.32E-06	1.68E-05	8.95E-06
G[T>G]G	1.25E-05	1.07E-05	2.28E-05	7.63E-06	1.95E-05	2.52E-05	3.50E-06	3.38E-05	1.13E-05	2.54E-05	1.67E-05
G[T>G]T	3.30E-05	2.91E-04	1.09E-04	4.55E-05	1.33E-04	9.54E-05	1.45E-05	4.24E-04	4.16E-05	1.18E-04	2.04E-05
T[C>A]A	7.03E-05	2.62E-05	2.86E-05	1.25E-04	2.15E-04	2.37E-04	2.92E-05	3.04E-05	1.52E-04	1.27E-04	1.11E-04
T[C>A]C	4.30E-05	1.49E-05	1.36E-05	5.91E-05	1.11E-04	1.05E-04	1.41E-05	1.63E-05	7.19E-05	6.04E-05	5.50E-05
T[C>A]G	9.12E-06	3.93E-06	3.64E-06	1.64E-05	2.97E-05	3.11E-05	4.35E-06	5.20E-06	2.10E-05	1.83E-05	1.84E-05
T[C>A]T	1.10E-04	4.35E-05	5.48E-05	2.10E-04	3.52E-04	4.28E-04	4.96E-05	5.76E-05	2.61E-04	2.29E-04	2.04E-04
T[C>G]A	1.11E-04	1.17E-05	1.94E-05	1.70E-05	2.45E-05	1.67E-04	4.98E-06	1.82E-06	4.29E-05	1.15E-04	1.89E-04
T[C>G]C	3.53E-05	4.34E-06	1.12E-05	7.67E-06	3.15E-05	7.35E-05	4.40E-07	1.19E-05	2.09E-05	6.47E-05	4.81E-05
T[C>G]G	9.29E-06	1.88E-06	2.64E-06	1.72E-06	1.25E-06	1.26E-05	8.42E-07	2.24E-06	2.15E-06	1.10E-05	1.34E-05
T[C>G]T	1.49E-04	1.62E-05	3.40E-05	3.34E-05	4.96E-05	2.70E-04	8.83E-06	8.70E-06	5.87E-05	1.70E-04	2.24E-04
T[C>T]A	8.56E-05	4.73E-05	1.36E-10	2.38E-04	3.41E-04	2.58E-05	1.04E-04	8.21E-05	6.79E-05	3.38E-05	4.01E-04
T[C>T]C	1.08E-04	1.42E-05	2.80E-05	1.48E-04	1.97E-04	9.30E-05	6.73E-05	5.57E-05	4.07E-05	4.70E-05	1.13E-04
T[C>T]G	1.65E-04	2.26E-05	2.76E-05	1.50E-04	1.65E-04	6.97E-05	6.00E-05	2.35E-05	1.41E-04	1.38E-04	8.40E-05
T[C>T]T	1.16E-04	4.04E-05	1.76E-05	2.11E-04	2.87E-04	8.38E-05	9.69E-05	7.71E-05	5.54E-05	6.14E-05	2.40E-04
T[T>A]A	1.58E-05	4.53E-05	2.63E-05	3.96E-05	1.11E-04	1.63E-04	2.05E-05	5.24E-05	4.51E-05	1.22E-04	4.60E-05
T[T>A]C	1.42E-05	2.64E-05	8.30E-06	1.14E-05	3.64E-05	3.84E-05	4.83E-06	3.12E-05	1.86E-05	3.74E-05	2.27E-05
T[T>A]G	1.21E-05	1.83E-05	4.32E-06	8.21E-06	1.75E-05	3.50E-05	3.49E-06	2.24E-05	1.03E-05	2.10E-05	1.38E-05
T[T>A]T	2.36E-05	1.08E-04	4.16E-05	3.39E-05	6.88E-05	1.04E-04	1.42E-05	1.46E-04	2.58E-05	6.07E-05	3.68E-05
T[T>C]A	7.80E-05	5.17E-05	2.75E-05	1.60E-05	8.89E-05	1.55E-04	2.19E-05	8.03E-05	3.16E-05	1.07E-04	3.86E-05
T[T>C]C	3.70E-05	9.48E-05	6.12E-05	2.60E-05	4.29E-05	5.49E-05	2.03E-05	1.38E-04	2.12E-05	5.06E-05	2.52E-05
T[T>C]G	5.40E-05	7.15E-05	2.17E-05	1.88E-05	3.23E-05	6.20E-06	2.13E-05	9.85E-05	1.78E-05	5.37E-05	2.30E-05
T[T>C]T	5.88E-05	1.56E-04	6.50E-05	3.29E-05	6.20E-05	5.17E-05	2.95E-05	2.13E-04	2.85E-05	8.08E-05	3.28E-05
T[T>G]A	3.87E-05	1.04E-05	4.41E-05	6.26E-06	4.25E-05	1.24E-04	3.78E-06	4.12E-05	1.41E-05	5.19E-05	2.44E-05
T[T>G]C	1.89E-05	2.63E-05	7.24E-05	7.84E-06	1.79E-05	3.47E-05	4.20E-06	1.07E-04	4.49E-06	3.24E-05	1.23E-05
T[T>G]G	1.82E-05	2.63E-05	3.55E-05	1.51E-05	2.13E-05	5.12E-05	7.06E-06	5.13E-05	1.22E-05	2.82E-05	1.96E-05
T[T>G]T	1.51E-04	2.90E-04	5.37E-04	6.56E-05	1.87E-04	1.50E-04	3.32E-05	8.38E-04	6.40E-05	2.72E-04	3.25E-05
