MutationType	SBS96A	SBS96B	SBS96C	SBS96D	SBS96E	SBS96F	SBS96G	SBS96H	SBS96I	SBS96J	SBS96K
A[C>A]A	0.007968801467679441	0.0035162035298999398	0.0003585494693630055	0.012181824684143066	0.014219626922160387	0.025681764408946036	0.0009754726455973862	0.001606133016692367	0.06369597952067851	0.020642009340226652	0.004460033363080583
A[C>A]C	0.004074487172998488	0.0022056432282552122	0.00017871338465068665	0.006962641044519841	0.013290227836929262	0.03870352060347795	0.0014880765639827586	0.00010852808104574026	0.015581904051825404	0.00568612920679152	0.0022255724033802852
A[C>A]G	0.004666918719187379	0.0003807525131633156	1.741658966553993e-05	0.0006888150133308955	0.0017855891230283305	0.002841694007627666	0.0	0.0001588782999085737	0.0030559588777832685	0.0011168980533839204	0.0006307641045350465
A[C>A]T	0.002411204671720043	0.0023876827262574807	0.0002884611602424894	0.0030077304518781604	0.008784892471041531	0.030369395993649958	0.0038443959103897215	0.0015081900670193137	0.02507775738835335	0.011646372127346694	0.0032041950281709434
A[C>G]A	0.012549614444375037	0.0006526850556401769	0.0007555477257119492	0.0018205861134920269	0.00224296522710938	0.013713294455781578	0.0014559054630808531	0.0006142261017584276	0.002322804996976629	0.011670812720432877	0.005446604167111218
A[C>G]C	0.00629487732425332	2.3310672275655974e-07	0.0009815425756387413	0.0012410125277237966	0.0015503327620681375	0.009187777892686426	0.000427322004805319	0.00040400286487354516	0.0019609233173541723	0.007262631803750991	0.002195714516798034
A[C>G]G	0.004979876148514449	5.8332704309202177e-05	0.00014001733510775693	0.00016275444649799887	0.00021682651708196743	0.00317936255922541	4.629834752389178e-07	0.0005458553746284452	0.00024091995940410795	0.0006452284744410974	0.0015211955512640998
A[C>G]T	0.011305662099272014	1.4321826689410966e-05	0.003313399042468518	0.0016230576478410512	0.00018113562452159464	0.014479104079306125	0.0010867193312151357	2.721436379434447e-05	0.0004190803673651262	0.018988196654245258	0.005550452789757401
A[C>T]A	0.040044561587274076	0.0011890955450578786	0.00022092904004795456	0.01723336761817336	0.04173067837208509	0.01852208432368934	0.045055484816432	0.00657995138131082	0.002734921185649306	0.0062046564123593275	0.00043497525579131656
A[C>T]C	0.019547572888433933	0.00036291332428427866	0.0008495645599905402	0.007344882181845605	0.028379931546747686	0.009213173394091428	0.013390239384025336	0.0021482946902979167	0.002850733159604715	0.003004492845269851	0.00043924822273999663
A[C>T]G	0.03847949952632189	0.001710198812137331	0.0031625692195269917	0.22697460773587227	0.009905687705654307	0.007816305497428403	0.023157683884026482	0.004351334710903757	0.015903054293308388	0.012175100379496456	0.007224521199000836
A[C>T]T	0.031111980635672807	0.002162841744022444	0.0006522829428430381	0.0072227667588740585	0.04062452282756567	0.01924470268189907	0.012077608231455088	0.0011629591451849997	0.004821700498228893	0.0033577410459984095	0.0012710710581149752
A[T>A]A	0.006280503558926284	0.0016675504702994685	1.0062746000158485e-05	0.004780095939058811	0.008000654803588986	0.008407476958818733	0.0034035978689789773	0.0016760354515152006	0.0033307922426611186	0.022525815300643445	0.0017025032338569871
A[T>A]C	0.0037231623106636106	0.0016453742303419857	0.0009595908494666219	0.005564558881334961	0.006947877918370068	0.0166483896356076	0.005439354570582509	0.001605028317659162	0.0033549565435387193	0.005284924746956676	0.0007497173501737136
A[T>A]G	0.0072964962711557745	0.001380287891159249	1.540307271985839e-44	0.0028945153339300306	0.007384865893982351	0.0105808375608176	0.0002408571256420024	0.001158469925298146	0.002640476039610803	0.009659503515809775	0.002120108689647168
A[T>A]T	0.0005720058274537348	0.008720417516771705	0.0006093911174795985	0.018177286732941864	0.019562335699796676	0.011481433862820268	0.027280872713774443	0.009025223762262613	0.012765407124534249	0.033872619785368444	0.0017496849345078073
A[T>C]A	0.05745599449425936	0.003828719703364186	0.0004703095726133273	0.004625285051763058	0.00943257009703666	0.004821466610650532	0.027855710733681916	0.007055275905993885	0.005108302622567862	0.03378963414952159	0.002526782047564005
A[T>C]C	0.01960660083964467	0.0030135240420624838	0.0005128416200816721	0.0021892143421573564	0.0024353836219524966	0.007215913824737072	0.01022635716944933	0.010728916775435209	0.00232405292079784	0.007743834402412176	0.0016721971160150134
A[T>C]G	0.05901495103538036	0.0018905984209291707	1.2397657639880183e-05	1.9316084219485226e-05	0.0022431274817492656	0.000638558470011995	0.03349400129541755	0.009352944098878652	0.00027987474426503876	0.008326268235454336	0.0012962110962419233
A[T>C]T	0.04880169681459665	0.007519326678011567	0.000630793805699431	0.004997805904597044	0.010470280365087093	0.010020235407166183	0.007275468530133366	0.012265422838274389	0.005612012353725731	0.023678852576762437	0.003525700607802719
A[T>G]A	0.007258876955602318	0.0006512951362859098	0.002765315875876695	0.000278797682946171	0.001178696373382619	0.0029911423729296585	5.5860859530370785e-05	0.002079463417176157	0.000382204942701765	0.020951302625238897	0.001221709064178981
A[T>G]C	0.003866705669555813	0.0008854409654406497	0.003311634636600502	8.11221510676845e-05	0.001355724193097558	0.0016975630070082844	0.0009500493974192068	0.010648348227143287	0.00017520366501390394	0.0035786439580842854	0.0002460396576577704
A[T>G]G	0.008017572527751326	0.0007097578661149105	0.0008929051201848779	4.403306401610248e-06	0.0013750036825658754	0.007217833573929965	0.0006538535419967957	0.0055250150267966095	0.0008583346467057708	0.005980377679690719	0.001244039175857324
A[T>G]T	0.004680451287422329	0.03663156796619296	0.04417696749418974	0.001914436386548914	0.007992205478716641	0.0047249733879361905	6.349393887371899e-05	0.09245530600845814	0.001946343538002111	0.0038736131101447203	0.000243645251014653
C[C>A]A	0.0033504109370987864	0.0016577868278836831	0.0012081116717890836	0.0019078034302432237	0.00637173030525446	0.024745401460677385	0.014174314202740788	0.0006656819210126164	0.05271582792699337	0.010462159471586347	0.005720981683582068
C[C>A]C	0.002394910617964342	0.0011419791294028983	0.00033430656255976064	0.003414359722286463	0.0038772018559975548	0.022296351708471777	0.023625752929598093	0.0002798640894576272	0.011461795644834637	0.005267120973207057	0.003474433681578375
C[C>A]G	0.0035040371883660556	3.9896311410749996e-05	0.00022890990575251635	0.0027213228731416167	0.00046840372647458464	0.0023632200125139205	0.003674374439287931	0.0003675455614429666	0.005304285258986055	4.524224523348884e-05	0.0009001802615239285
C[C>A]T	6.240038977593841e-05	0.0005727005414842099	0.000652227258964041	0.00046472946689680354	0.0016687526712801399	0.024094303607940674	0.07074391056597233	0.002545507498085499	0.03557578832656145	0.012383910603355617	0.0028317812155355935
C[C>G]A	0.005210993409622461	0.0003515462452023748	0.0005084875778993592	0.00014854084909063703	0.0015917234765365719	0.012040036618709565	0.0	0.0008277810400468298	0.0010398242412848048	0.006420441683381796	0.005597131832502782
C[C>G]C	0.006213139018043876	0.0004789172834820853	0.00010777856665907825	0.00040081913956690985	0.0012283681595951573	0.010716534068807959	0.00013976825872373414	0.0007556344917538808	0.0008590569308944396	0.004280009850859642	0.0020869148697238416
C[C>G]G	0.0029289820902049543	8.914193287502684e-05	4.658859323542268e-05	0.0006791912167682313	0.000541420817799684	0.0030694262334145603	0.0	0.00033549186246818865	0.0002739270417350963	0.00023235487328339698	0.0013229396984679625
C[C>G]T	0.0076874991869553926	1.5378733158961876e-05	0.0012867667964892463	9.212427366739402e-05	0.0012784541596295338	0.016695471052080392	0.0	0.0011401620916440152	0.0011694793837086763	0.010752093066461384	0.007574957275763154
C[C>T]A	0.013937581323087216	0.0007376302726100168	0.002030077528441325	0.00856758982082829	0.05628991142660379	0.020564386416226627	0.006645097313448787	0.0022372118398780003	0.006228365211281926	0.005701118710450828	0.008158169753849507
C[C>T]C	0.00850699413381517	0.0007265964727228075	0.0019954869776265694	0.004228253015356579	0.052366713590919975	0.024015291243791582	0.012238147892057896	3.3515271433995864e-06	0.003176329761714442	4.676058683738596e-27	0.00017651509461997662
C[C>T]G	0.028172903347760438	0.0017716634180396796	0.00259029794576054	0.14876419368386268	0.009060121720191092	0.006524198794737458	0.021725170135498045	0.0031990634265821427	0.010938358696007832	0.004382512332272508	0.004499888984977287
C[C>T]T	0.018348328236490487	0.0019908164606895298	0.0015030829680617898	0.009593718766234815	0.0517751552015543	0.027456646252423524	0.008905923025682569	0.0006318476237538905	0.00528488264977932	0.002896337091452608	0.006128319768235088
C[T>A]A	0.0001974191416851443	0.001715534924296662	7.627328663862646e-05	1.9789252458934926e-12	0.0034177468507550655	0.017849567266181112	0.0009951596023747697	0.0013141367615753551	0.0004840927350386803	0.007556509926915169	0.0017940886707076534
C[T>A]C	0.00011372566393268192	0.012634419329464436	0.007711398246698082	0.0006526406620472959	0.004150854026782326	0.022007026836276054	0.003476338888518512	0.010489548458717763	0.001909430240339134	0.0018966781335281776	0.0025277704837426427
C[T>A]G	0.002152597789419815	0.004567412297939882	0.0017823509343434126	4.877219001656785e-07	0.004149014758178964	0.020724200040102007	0.0011047168008517475	0.006359166483860463	0.0014003383726233166	0.0041089661011938	0.0034248649494256823
C[T>A]T	0.00015846691410267348	0.05453336754441261	0.026271951126866044	0.0001984857705790572	0.008070715533569455	0.0321117416806519	0.001310741136840079	0.004598356296210962	0.0015354571298194337	0.01191278687119484	0.0039049198144639375
C[T>C]A	0.018663976741954684	0.006277607374475337	0.0016145480161358138	1.3718872667350029e-05	0.002358662675949745	0.005536966848187149	0.01840564002469182	0.017111649779602885	0.0007838592664540529	0.019226937398314475	0.001923959490552079
C[T>C]C	0.0122078991048038	0.046223424796015024	0.019860232669860124	0.0024990266659297047	0.0019382594622641993	0.01462406407482922	0.009326987119391561	0.056781419459730385	0.0017910180048056645	0.0009225917139642062	0.0030971867493353785
C[T>C]G	0.03332028768956661	0.02605355215445161	0.009306249774061144	5.323409370367825e-05	0.0002818599351873514	0.004451732892209319	0.034498866096138954	0.049928731959313154	0.00013012749853907502	0.0006812924838982783	0.00039826774778977265
C[T>C]T	0.020294801199808716	0.22295165833830832	0.080627645569581	0.001168075622840063	0.009361921389379042	0.010053037183312316	0.0185425660032779	0.03262596546980069	0.002091691116128536	0.0089515837484464	0.000571137892403568
C[T>G]A	0.002478434724151157	4.1873814297966076e-05	0.002433212831383571	0.0001381912253104244	0.0020583375706337394	0.0036704030961263925	0.0006893070465885103	0.005971674016676843	0.0011349083684617654	0.010603847650811076	0.0007590797133663181
C[T>G]C	0.00334777613542974	0.0041072291960377585	0.026382516998797654	9.348466392111731e-10	0.00028409793480215693	0.005816584228537976	0.005422422891482711	0.023472297951113434	0.0009216871438072758	0.0014034280710169599	0.001452485708257882
C[T>G]G	0.004979620905593038	0.0022065460408339276	0.01023851014021784	1.3506976465625057e-06	0.002166097377601545	0.008774228475056588	0.006123233011923731	0.016656393848359586	0.001393717512197327	0.008503382689319551	0.0020400609876960515
C[T>G]T	0.00012782732589621237	0.27112820717692376	0.46401649349927904	0.0028252758283694975	0.012801979527426835	0.004354014319669089	1.1063990904506717e-05	0.08985204588844681	0.0025467720154608666	0.01183408595290202	0.0017781176374013562
G[C>A]A	0.006000124219805002	0.0013301759981279248	0.002110071446746588	0.006605391163146123	0.006665640186175161	0.006677172876781454	0.0020760020296545605	0.0008155165934249333	0.13217180848121643	0.005780817137445456	0.003102715031351125
G[C>A]C	0.00231300815474242	0.0013482956290245057	0.00046060927309052356	0.0028942651422694324	0.005560405447264202	0.022517977837473155	0.00467396068200469	2.882199037978615e-05	0.021113083351403474	0.0010315065021418684	0.0009519479725867433
G[C>A]G	0.0036753861028701066	0.00021387215344293508	0.00016615788867902027	0.0019482547736261039	0.00205894301913213	0.0011577024342259393	0.000456856041069841	6.056658820000537e-06	0.006614945172332227	3.448222716317044e-05	0.0002784688680125455
G[C>A]T	0.002085574947297573	0.0004616503896712243	0.0013393288909574039	0.0015935836729681	0.004113879229174283	0.0093615317735821	0.012892013557255269	0.0016052992461482063	0.0728787649422884	0.008576190430205315	0.002689131914345526
G[C>G]A	0.0058346811244264244	0.0002799659105070343	0.00015787730911132075	0.0007665545165946242	0.0007307541136734101	0.007416237856261432	0.0001962565425237699	0.0009028995310654864	0.001330073298420757	0.003918863627128303	0.0021891173871699723
G[C>G]C	0.0043479177327826616	8.96811405442907e-06	0.0013069642083719372	0.0003851422862274076	0.0004703493660594855	0.01144147946499288	0.0017730661181267352	0.0002110887634167866	0.0005734142467254896	0.00453007546486333	0.001947711187065615
G[C>G]G	0.00334885635972023	6.387570762898446e-06	0.0001593069286973332	0.00020814695338765545	0.00041261468484299487	0.0010646516142878682	0.00010735401255442411	1.986449861031069e-05	0.00016235865519148373	4.681015667923656e-05	0.0005561435800627805
G[C>G]T	0.006257585966959595	6.122645453760025e-05	0.0012039641262963415	0.0007914703102433122	0.00034387033388414323	0.011565755391493439	0.0006855040850350633	0.0006363832844320641	0.0008983225872652838	0.006611587058752776	0.003460966986604035
G[C>T]A	0.013129645969718695	0.00018522753797687666	0.0012249083035858349	0.01584681022167206	0.022294884610921144	0.01982329307310283	0.045072104312479495	0.002140284121152945	0.0018559780718787806	0.0035456875449340463	0.0031636177400359883
G[C>T]C	0.01250094413012266	5.7920841621516464e-05	0.0025117215749341994	0.017307520838454365	0.015492258688434958	0.01081627201847732	0.0555741795450449	0.00015884399103143797	0.0002955125498028853	0.00686552170291543	0.001264996871601764
G[C>T]G	0.009769062966870216	0.0005449639357930165	0.005300862995907664	0.17861160814762114	0.005799948619321617	0.009072576902341098	0.0609660269394517	0.0023157991271800706	0.012105747905232592	0.018457731286995113	0.0036769018631063704
G[C>T]T	0.01811691851913929	0.0010739625739515759	0.001940652493503876	0.015550328310579061	0.020194003868848086	0.011590856963768601	0.033144239820539954	0.0007635966028272574	0.0033452020252589137	0.008435067215003074	0.0028789849425666036
G[T>A]A	0.0019681837223470213	0.0008805137951494544	0.0	8.796362463459642e-05	0.0034617411331273615	0.005530247537884861	0.0009044886148767546	0.0004693712280327893	0.0006646947956323857	0.009021904855035245	0.0007140580399827741
G[T>A]C	0.001980616835411638	0.0031605344116687776	0.0017931382039096206	0.0010979000864899718	0.002840476409299299	0.009348105217330158	0.003197496974375099	0.002558455617632717	0.0010774963296717032	0.002253809754154645	0.00107720146713109
G[T>A]G	0.0033141392008401455	0.0017445617899065837	2.782756848486948e-05	0.0009954771521734074	0.002587830786360428	0.006552467311732471	0.001170328053762205	0.0022755407860386187	0.0010347983292886057	0.005590690202079713	0.0012076274877181276
G[T>A]T	0.0039405722669325766	0.011559534700587392	0.003249058141711523	0.0011575480101746506	0.004282560455147177	0.012815307844430208	0.0025815255674533546	0.004945485484902747	0.0019826068346155807	0.007896467220969499	0.0015155658434014186
G[T>C]A	0.019228340396657585	0.0016104686686631551	0.0005553689679176178	0.006322056435979903	0.003023501416435465	0.002159193322463011	0.03269002728536725	0.0064051907595712694	0.0018961736473720521	0.018947696827352048	0.0007960271702615651
G[T>C]C	0.011583246063441037	0.009121767320670188	0.004069107120856643	0.004662930472753942	0.0017038810593542014	0.00576387507840991	0.013142467061057686	0.014036924798041582	0.0024078645263798533	0.007668837743811309	0.001596751841949299
G[T>C]G	0.026657581470906733	0.006297034159535542	0.0017482642261311412	0.003228926389012486	0.0003735054659471466	6.086491762833865e-05	0.028307702988386155	0.015082043768838049	0.00022863282626585317	0.005379329546354711	0.0012449265738997894
G[T>C]T	0.022059674754738808	0.020710724502801894	0.004753189087559114	0.004176696287468076	0.006200971965678036	0.004015069163404405	0.016164626726880668	0.00963943849457428	0.003779221839271486	0.01701153187081218	0.002320979069452733
G[T>G]A	0.0039439069097861644	0.0002703812571311096	0.0005134437076048926	5.4040267718852354e-05	0.0007446437545586377	0.0030102389170788228	0.00013046713430958334	0.0019406412884127348	0.00036025274355779404	0.0047573291808366775	0.0004659085989844307
G[T>G]C	0.0035338563029654324	0.001385906307506957	0.006337830557487905	1.5848753537284224e-06	0.00019932558239343806	0.002987939261365682	0.0010276626305421813	0.006163187165046111	9.701774345107294e-05	0.0013396975826472043	0.00034205508802528115
G[T>G]G	0.0055098138665780425	0.0007839763385127298	0.0023911606087349355	0.00020286032036731982	0.0017492609962355345	0.007433209796436131	0.001361954681109637	0.005845718204043806	0.0008094050107756629	0.004709592790808528	0.0012747781021171252
G[T>G]T	0.004819257867522538	0.05865138798952103	0.09293371947109699	0.0020356844625639497	0.0023440200545513665	0.0054852213729172945	0.006669061849825084	0.05655222826451063	0.0019201286419702228	0.003305204957601079	0.0005661850457366719
T[C>A]A	0.0040799314329633485	0.0009853575467679498	0.0015692945220434921	0.00429070405870516	0.010661486564669758	0.007743669596165836	0.0014273803619910552	0.001384586056953386	0.1046435473561287	0.02341267738491297	0.022638777930289507
T[C>A]C	0.0022049643180702674	0.0014819747214205564	0.0007461558952563792	0.005520679538603872	0.006784222045971546	0.022226473085582257	0.0032338151806034147	0.0006334306985291962	0.05393115060776472	0.007632726325653493	0.010774063043296337
T[C>A]G	0.0028258201158605518	0.00011856946221166537	0.00011649107589113241	0.001280071996152401	0.0013698005572077819	0.00039218467204584986	0.00019732887363352347	0.00016440922426201254	0.012926918294280767	0.0015478953320998698	0.0015787329998565838
T[C>A]T	0.003243507338898597	0.0011588969883034924	0.004378773444797843	0.007279380227724459	0.01766937565430999	0.011937572443507634	0.014220366071909666	0.0035555907090892656	0.17884794029593468	0.03287028813734651	0.01508366097509861
T[C>G]A	0.008023048437797855	9.065241523791675e-05	0.002647570093453396	0.00011842502036296922	6.261667461644544e-05	0.010991228435188532	5.271197087189923e-05	2.258443770385706e-06	0.0002483774808146052	0.006712961775529252	0.12841685749590398
T[C>G]C	0.006831433460582048	7.916070228289126e-05	0.001307304038782604	0.00014142917339507842	0.0011023495370325609	0.014091149784624576	9.70151839283062e-07	0.0009618826019286644	0.0012724406909255777	0.00810644849576056	0.03064051378890872
T[C>G]G	0.0035135190058499573	0.00014722859184621484	0.00014372112599997784	2.0977885938602383e-05	4.425085959782749e-06	0.0013756302745314315	1.7418880428329246e-05	2.9986129635275032e-05	1.0583483257973547e-05	0.00026821923681038753	0.007613913846202195
T[C>G]T	0.01306948737188941	6.756955168796647e-05	0.005945238841697574	0.0016388605075189843	0.0017015862362172098	0.024293944774195553	0.000326348755749865	2.6633081147639173e-05	0.0006792451796221517	0.026528680723160506	0.15555821269750594
T[C>T]A	0.0003669003241534148	0.0010710603782281259	1.3653126734738893e-10	0.004406233440717644	0.1078870048224926	5.070231050680658e-05	0.00680390621237011	0.009076670297297881	0.00047274206106836435	0.00012061116146497366	0.22896050614118577
T[C>T]C	0.007402408739551902	4.886178195866957e-05	0.0019162874426401687	0.011089821805246175	0.07373489124327898	0.011449424137361348	0.00831736920075491	0.00761439285101369	0.0035503577589409414	0.009570634183473885	0.05543160376697779
T[C>T]G	0.02053650100529194	0.001433335331210401	0.0021132710380188653	0.09101931104063987	0.014963714360259473	0.0005284935166576555	0.008095446021820045	0.0007829822639086688	0.00919181240722537	0.005103457684279107	0.029131995186209677
T[C>T]T	0.0050022727702744305	0.0012001691408706884	0.0004535672599186973	0.012146130744367838	0.10124466051161289	0.00712899318922482	0.006521481013012817	0.010419597149360926	0.0033712476526842083	0.01039296662248671	0.1304458972811699
T[T>A]A	5.398971684628823e-05	0.004843677718192339	0.0029131422469508834	0.0225692371763289	0.026962910652160645	0.00610772667439133	0.013766849370673299	0.0006442972548008206	0.017753104681149125	0.05335852206498384	0.0012223747083751565
T[T>A]C	0.0012908820535521954	0.003153029010398313	0.000800419487117324	0.00040497591610019946	0.005345229842234403	0.013233369888737797	0.0012910893629305064	0.005108291438780725	0.0012083454413223081	0.008645952807739377	0.0018547610167879611
T[T>A]G	0.002855234887683764	0.0014118082407033085	0.0001154915647423142	0.0001971847589427192	0.003551175414118916	0.006314353598281741	0.000851424407097511	0.002208914396702312	0.0008808664196403697	0.00940335557051003	0.0016620389054296538
T[T>A]T	0.001980185931397699	0.016752202624455096	0.003403636579401791	0.012699784938246013	0.009672611054964364	0.017401741290464998	0.01783263224363327	0.015902563858777283	0.00329296994023025	0.03434721935912967	0.002393349410907831
T[T>C]A	0.02192946113087237	0.006791385138407349	0.003603320187483087	0.0002133467933423422	0.002932645268534543	0.0036448131871403117	0.020390117596834897	0.00154656568583508	0.0024862363770371304	0.045981209188699725	0.0016555851528460756
T[T>C]C	0.014752655545249582	0.006281238215017254	0.003328049241194101	0.007993751760572196	0.0036326364711858333	0.0043500792747363445	0.022047772761434315	0.02663511425256729	0.0021910539304371922	0.02037376184388995	0.0019366761557757855
T[T>C]G	0.02390587266907096	0.005058127581505687	0.0005411257444457123	0.0011555222414754097	0.0005286052152991582	4.5655685649949654e-05	0.019686422672122717	0.015639524263329804	0.0007106881907148117	0.011400330108590423	0.0009691161002976385
T[T>C]T	0.02549906310811639	0.023381611498072743	0.004274140772825556	0.009098787730559707	0.004512027067830786	0.003306826445182196	0.03327032189071179	0.0285089411418885	0.0014805406587036884	0.02365736399963498	0.002402871038473677
T[T>G]A	0.006532200976274907	6.687318501466777e-05	0.005870554405730218	0.00013240655179797345	0.0004339976803874859	0.004582526416216666	7.133135176981925e-05	0.0018126117460441089	0.00029746300551685854	0.028151248563081026	0.001987485176156042
T[T>G]C	0.006478382607921958	0.0006171697909198793	0.006354804749367758	0.0003149880413324442	0.0009831436223731115	0.0038966937649529427	0.00034414699897752145	0.016843210090883076	5.4166178928606214e-05	0.0064253667881712315	0.0010063052150653675
T[T>G]G	0.007213373561389744	0.001423553122163867	0.0027878476324840447	0.0034678430040366946	0.0016856859071413056	0.0072600780325010415	0.0050801408495754	0.009861884345300496	0.0013673208508407698	0.01300040714815259	0.0015954689203645104
T[T>G]T	0.006118928679926492	0.05538741888105869	0.08033055170625449	0.01574337730370462	0.010075290190007948	0.006026581109573824	0.009509477270767093	0.19417543503642082	0.0019326594644026858	0.025180207688361406	0.0007096223172282283
