Samples	SBS96A	SBS96B	SBS96C	SBS96D	SBS96E	SBS96F	SBS96G	SBS96H	SBS96I	SBS96J	SBS96K	SBS96L	SBS96M	SBS96N	SBS96O
LP2000104-DNA_A01_vs_LP2000101-DNA_A01__pv	17783	9250	1125	1640	5599	795	743	124	862	993	306	1080	2415	1323	411
LP2000105-DNA_A01_vs_LP2000102-DNA_A01__pv	3867	4692	1005	3297	2271	841	371	717	4199	139	1000	898	2145	1740	1330
LP2000106-DNA_A01_vs_LP2000102-DNA_A01__pv	3167	2702	723	912	1698	755	398	119	3352	111	1488	434	2480	882	266
LP2000107-DNA_A01_vs_LP2000102-DNA_A01__pv	3636	3817	748	2080	2015	737	394	546	3383	399	785	423	1206	1301	697
LP2000108-DNA_A01_vs_LP2000103-DNA_A01__pv	111	291	387	1206	231	585	463	533	665	582	941	87	968	494	587
LP2000109-DNA_A01_vs_LP2000103-DNA_A01__pv	131	264	454	953	211	513	417	432	657	516	859	84	878	427	403
LP2000110-DNA_A01_vs_LP2000101-DNA_A01__pv	14064	7828	777	565	3696	763	691	31	889	792	480	757	470	560	108
LP2000111-DNA_A01_vs_LP2000102-DNA_A01__pv	806	669	242	280	369	149	135	0	739	209	77	0	653	230	44
LP2000112-DNA_A01_vs_LP2000102-DNA_A01__pv	1482	1466	404	678	790	295	220	152	1587	287	395	163	1154	379	122
LP2000113-DNA_A01_vs_LP2000103-DNA_A01__pv	142	272	465	1019	209	478	412	384	670	703	965	113	958	360	482
LP2000114-DNA_A01_vs_LP2000103-DNA_A01__pv	300	165	277	627	161	546	613	192	754	481	978	466	1951	421	228
LP2000325-DNA_A01_vs_LP2000317-DNA_A01__pv	4075	5125	835	2294	1995	1752	792	1122	1678	2332	813	399	612	1008	833
LP2000327-DNA_A01_vs_LP2000319-DNA_A01__pv	3622	5097	406	925	2827	565	480	372	565	1183	834	311	440	702	261
LP2000328-DNA_A01_vs_LP2000320-DNA_A01__pv	1672	1527	472	1338	1094	1511	1897	966	201	1862	2009	567	227	656	235
LP2000329-DNA_A01_vs_LP2000321-DNA_A01__pv	5276	3115	902	1280	1194	2439	1130	436	1491	1461	1581	670	2037	446	414
LP2000330-DNA_A01_vs_LP2000316-DNA_A01__pv	1959	961	814	2799	1191	784	799	787	1559	1598	352	423	791	507	735
LP2000331-DNA_A01_vs_LP2000322-DNA_A01__pv	913	1281	673	1147	375	1977	1014	389	1075	1072	1301	380	206	274	422
LP2000332-DNA_A01_vs_LP2000323-DNA_A01__pv	7059	6072	782	1791	2328	2686	1334	546	2532	1955	1003	1218	532	495	985
LP2000333-DNA_A01_vs_LP2000324-DNA_A01__pv	1960	2489	231	907	534	895	673	463	1059	909	799	315	431	427	747
LP2000334-DNA_A01_vs_LP2000324-DNA_A01__pv	2532	654	460	518	939	978	519	99	1113	798	425	171	186	298	384
LP2000335-DNA_A01_vs_LP2000317-DNA_A01__pv	3072	3221	1114	1161	1149	931	682	248	892	1321	600	508	140	837	456
LP2000336-DNA_A01_vs_LP2000316-DNA_A01__pv	539	315	472	602	189	1044	440	251	547	569	376	155	88	63	353
LP2000346-DNA_A01_vs_SM-4JPUU__pv	636	819	596	462	190	1371	3164	444	2857	1497	1073	787	1033	343	2794
LP2000350-DNA_A01_vs_SM-4JPUU__pv	780	507	968	721	94	1801	2363	141	2295	1618	1433	818	683	380	395
LP2000352-DNA_A01_vs_LP2000359-DNA_A01__pv	3558	2977	651	1602	4032	1039	610	244	1302	868	418	338	417	1172	503
LP2000353-DNA_A01_vs_LP2000359-DNA_A01__pv	6606	12663	13	2329	12505	1027	279	586	1483	765	1025	399	319	1646	771
LP2000355-DNA_A01_vs_LP2000359-DNA_A01__pv	3478	3324	644	1798	4270	1106	554	527	1312	1070	435	93	565	1160	592
LP2000356-DNA_A01_vs_LP2000359-DNA_A01__pv	4604	3122	871	2135	4480	1031	556	361	1441	768	413	525	600	1573	795
LP2000357-DNA_A01_vs_LP2000359-DNA_A01__pv	3296	3408	551	1575	4584	1169	558	417	1276	1067	406	252	504	1099	506
LP2000366-DNA_A01_vs_SM-4JPUU__pv	1267	858	572	499	98	1398	2837	414	2672	1322	1075	848	1005	339	2590
LP2000367-DNA_A01_vs_SM-4JPUU__pv	590	857	578	381	111	1411	2976	389	2776	1342	1206	953	1020	444	2922
LP2000368-DNA_A01_vs_SM-4JPUU__pv	602	851	466	610	128	1231	2617	457	2538	1349	1049	635	933	346	2374
LP2000369-DNA_A01_vs_SM-4JPUU__pv	561	705	548	460	112	1166	2536	213	2435	1214	995	749	872	285	2213
LP2000370-DNA_A01_vs_SM-4JPUU__pv	622	892	581	523	146	1491	3311	406	2973	1433	1121	1011	1111	421	3070
LP2000371-DNA_A01_vs_SM-4JPUU__pv	736	587	1015	660	86	1811	2451	112	2306	1597	1397	756	695	386	439
LP2000372-DNA_A01_vs_LP2000359-DNA_A01__pv	4251	3087	778	2478	4725	1010	624	345	1667	698	457	520	715	1768	775
LP2000373-DNA_A01_vs_LP2000359-DNA_A01__pv	2582	2783	473	958	3545	1127	481	331	942	682	315	305	344	792	449
LP2101132-DNA_A01_vs_LP2101131-DNA_A01__pv	7994	3068	880	1984	3234	1645	1091	500	2650	1261	904	652	469	1037	936
LP2101136-DNA_A01_vs_LP2101133-DNA_A01__pv	762	227	1038	3989	346	1987	1166	1029	1413	2176	938	316	2074	3103	1141
LP2101137-DNA_A01_vs_LP2101134-DNA_A01__pv	438	549	506	250	26	765	344	90	198	737	418	135	74	421	260
LP2101140-DNA_A01_vs_LP2101155-DNA_A01__pv	3027	1852	1205	6367	1012	3002	2077	1643	7137	2163	702	1200	1591	2794	2338
LP2101141-DNA_A01_vs_LP2101139-DNA_A01__pv	45	739	1228	2355	500	709	778	477	391	1060	2146	859	1016	749	786
LP2101142-DNA_A01_vs_LP2101143-DNA_A01__pv	608	0	1128	442	2735	15153	1433	17206	886	4205	344	2773	0	910	0
LP2101144-DNA_A01_vs_LP2101145-DNA_A01__pv	460	313	485	1339	164	844	777	900	604	2306	509	84	495	417	814
LP2101146-DNA_A01_vs_LP2101147-DNA_A01__pv	627	529	1607	704	323	1086	2751	1214	2416	2025	630	941	493	782	570
LP2101148-DNA_A01_vs_LP2101149-DNA_A01__pv	587	0	1480	4577	542	452	628	671	651	1183	479	669	1667	2545	892
LP2101151-DNA_A01_vs_LP2101152-DNA_A01__pv	2148	1793	360	2660	640	834	1018	1566	2849	2378	1627	546	1627	2426	1087
LP2101153-DNA_A01_vs_LP2101154-DNA_A01__pv	15031	10165	3008	3593	6394	2400	2576	1173	1232	4825	1075	2565	1747	4442	654
LP2101156-DNA_A01_vs_LP2101157-DNA_A01__pv	271	510	174	1535	2462	14352	2330	41278	1070	4420	768	6288	0	1233	0
LP2101158-DNA_A01_vs_LP2101159-DNA_A01__pv	7474	5792	1067	3020	3291	5127	1367	1012	4749	1953	1457	1971	1081	994	1186
LP2101160-DNA_A01_vs_LP2101161-DNA_A01__pv	3132	816	1158	1232	1301	1536	1235	512	894	1515	1957	624	431	721	696
LP2101162-DNA_B01_vs_LP2101163-DNA_B01__pv	173	255	374	236	66	221	176	57	424	185	136	39	140	0	62
LP2101164-DNA_A01_vs_LP2101165-DNA_A01__pv	331	134	1209	309	180	1041	966	68	1988	2513	0	174	902	810	0
LP2101166-DNA_A01_vs_LP2101167-DNA_A01__pv	1349	569	400	806	740	960	1308	329	2350	2390	664	881	684	429	354
LP2101168-DNA_A01_vs_LP2101169-DNA_A01__pv	135	179	688	1614	87	1326	630	312	344	1312	612	411	851	1219	854
LP2101170-DNA_A01_vs_LP2101511-DNA_A01__pv	57	333	807	1616	222	174	174	338	572	319	246	388	375	253	632
LP2101512-DNA_A01_vs_LP2101513-DNA_A01__pv	6554	6481	1104	1229	1861	1191	706	652	1471	2007	779	678	690	1661	481
LP6005334-DNA_A02_vs_LP6005333-DNA_A02__pv	1250	1843	354	886	581	2043	1157	433	2184	2417	550	731	822	1173	399
LP6005334-DNA_A03_vs_LP6005333-DNA_A03__pv	5145	1595	502	1282	1317	2331	1349	791	2606	1923	610	370	1055	1146	448
LP6005334-DNA_A04_vs_LP6005333-DNA_A04__pv	2093	1803	709	1332	556	1308	427	93	1114	642	984	777	1523	876	682
LP6005334-DNA_B01_vs_SM-4JPUU__pv	612	507	476	328	142	1476	2076	135	2076	1311	1162	555	569	281	195
LP6005334-DNA_B02_vs_LP6005333-DNA_B02__pv	2460	3309	774	1283	1733	3505	1246	567	3459	2307	1066	419	647	859	518
LP6005334-DNA_C01_vs_LP6005333-DNA_C01__pv	162	616	727	4910	347	307	433	859	828	1157	851	433	1756	609	1865
LP6005334-DNA_C02_vs_LP6005333-DNA_C02__pv	356	290	465	2076	509	531	70	396	586	891	451	287	796	204	699
LP6005334-DNA_C03_vs_LP6005333-DNA_C03__pv	1041	1129	877	1139	610	3470	892	873	945	2573	839	601	1055	674	475
LP6005334-DNA_D01_vs_LP6005333-DNA_D01__pv	0	0	97	92	0	50	74	0	1	80	18	30	211	25	0
LP6005334-DNA_D02_vs_LP6005333-DNA_D02__pv	4365	11132	625	2711	2092	529	418	348	1117	753	868	762	2897	444	767
LP6005334-DNA_D03_vs_LP6005333-DNA_D03__pv	212	145	146	1401	183	699	745	299	2074	685	0	0	2942	211	340
LP6005334-DNA_E01_vs_LP6005333-DNA_E01__pv	1067	778	1036	2256	102	1916	1128	704	1847	2429	592	1045	1522	1397	752
LP6005334-DNA_E02_vs_LP6005333-DNA_E02__pv	852	1439	217	155	441	422	129	44	170	505	412	0	250	420	177
LP6005334-DNA_E03_vs_LP6005333-DNA_E03__pv	1435	1016	918	4907	987	560	370	931	785	1331	969	675	1936	3252	1538
LP6005334-DNA_F01_vs_LP6005333-DNA_F01__pv	2132	1711	844	2872	673	2270	1878	1122	5477	2053	805	791	1665	1061	1122
LP6005334-DNA_F02_vs_LP6005333-DNA_F02__pv	5111	9957	369	2517	7609	443	1455	2668	2453	2890	1226	162	404	664	1175
LP6005334-DNA_F03_vs_LP6005333-DNA_F03__pv	201	198	330	392	132	253	145	141	260	362	156	27	10	233	55
LP6005334-DNA_G01_vs_LP6005333-DNA_G01__pv	3670	3603	0	0	2219	2426	1620	1058	3260	2403	6871	262	5019	0	318
LP6005334-DNA_G02_vs_LP6005333-DNA_G02__pv	7455	5896	768	2584	3122	1789	1023	713	2577	2978	1557	508	1373	1201	933
LP6005334-DNA_G03_vs_LP6005333-DNA_G03__pv	2664	995	358	1231	1040	877	593	346	1207	1422	987	24	587	188	136
LP6005334-DNA_H01_vs_LP6005333-DNA_H01__pv	5652	2494	592	1594	3463	1408	2913	795	2726	2568	3160	774	1250	424	524
LP6005334-DNA_H02_vs_LP6005333-DNA_H02__pv	15633	10409	593	2094	7531	928	3234	1015	3176	2700	1292	85	540	880	521
LP6005334-DNA_H03_vs_LP6005333-DNA_H03__pv	6775	18217	13	1282	3754	1962	909	1025	2568	2627	1286	1170	650	2107	687
LP6005335-DNA_A01_vs_LP6005333-DNA_A03__pv	6007	2557	600	1170	1431	1466	562	466	2153	1198	896	525	376	455	277
LP6005409-DNA_A01_vs_LP6005408-DNA_A01__pv	0	79	475	218	163	710	459	482	783	400	2198	290	812	0	809
LP6005409-DNA_A02_vs_LP6005408-DNA_A02__pv	1080	535	245	2015	103	544	552	728	1181	812	904	0	313	1036	780
LP6005409-DNA_A03_vs_LP6005408-DNA_A03__pv	11832	9197	1730	2197	7301	10685	3958	0	1807	0	0	0	703	0	732
LP6005409-DNA_A04_vs_LP6005408-DNA_A04__pv	3605	3935	583	485	1494	688	2095	422	1223	1335	924	231	1348	591	472
LP6005409-DNA_B01_vs_LP6005408-DNA_B01__pv	21023	21191	272	45	14231	778	1361	702	4776	1497	1196	494	744	1729	581
LP6005409-DNA_B02_vs_LP6005408-DNA_B02__pv	528	963	728	2007	401	2652	1053	637	1983	1332	1070	170	609	260	863
LP6005409-DNA_B04_vs_LP6005408-DNA_B04__pv	117	632	362	1226	121	858	131	165	3	505	373	438	3658	2419	390
LP6005409-DNA_C01_vs_LP6005408-DNA_C01__pv	883	555	406	425	398	1792	751	127	576	828	1008	478	652	450	298
LP6005409-DNA_C02_vs_LP6005408-DNA_C02__pv	947	443	260	354	261	702	403	76	1186	674	189	29	145	232	126
LP6005409-DNA_C04_vs_LP6005408-DNA_C04__pv	274	174	410	2650	314	496	433	444	491	1033	974	536	288	1484	1044
LP6005409-DNA_D01_vs_LP6005408-DNA_D01__pv	8382	11521	1007	2224	3565	2185	2304	218	1368	1087	1003	859	936	2782	928
LP6005409-DNA_D02_vs_LP6005408-DNA_D02__pv	6597	7948	1676	4440	1903	3115	2229	808	1662	1577	1075	738	2202	1801	827
LP6005409-DNA_D03_vs_LP6005408-DNA_D03__pv	10508	18720	502	1958	5152	1578	1745	546	1238	1314	1299	756	1084	1489	669
LP6005409-DNA_E01_vs_LP6005408-DNA_E01__pv	102	475	796	1666	166	1371	846	375	897	1005	940	149	740	327	526
LP6005409-DNA_E02_vs_LP6005408-DNA_E02__pv	956	729	489	487	532	1218	565	386	944	1109	957	417	480	568	421
LP6005409-DNA_E03_vs_LP6005408-DNA_E03__pv	3683	8933	1150	4041	2807	2053	327	829	1623	1569	1049	988	926	2782	1318
LP6005409-DNA_F01_vs_LP6005408-DNA_F01__pv	9311	3582	458	438	2853	1443	613	658	1933	1168	298	289	121	808	299
LP6005409-DNA_F02_vs_LP6005408-DNA_F02__pv	2998	1451	291	780	1056	1379	353	531	2043	1034	2136	323	530	271	531
LP6005409-DNA_F03_vs_LP6005408-DNA_F03__pv	114	160	749	788	0	852	585	86	501	459	452	112	482	121	437
LP6005409-DNA_G02_vs_LP6005408-DNA_G02__pv	5538	3850	429	1703	3281	623	659	417	640	602	1066	288	272	665	749
LP6005409-DNA_G03_vs_LP6005408-DNA_G03__pv	7389	8116	394	1010	992	1547	1106	536	1080	1682	1247	486	27	1075	578
LP6005409-DNA_H01_vs_LP6005408-DNA_H01__pv	0	111	683	878	340	2330	524	565	443	2047	503	1381	473	696	611
LP6005409-DNA_H02_vs_LP6005408-DNA_H02__pv	4222	2785	259	1799	1767	1242	950	686	1685	1731	628	557	366	644	802
LP6005409-DNA_H03_vs_LP6005408-DNA_H03__pv	2271	2998	394	723	2027	471	541	430	314	765	443	0	106	354	187
LP6005496-DNA_A01_vs_LP6005408-DNA_B03__pv	3116	4161	4525	68	4495	404	0	17392	1034	5491	52	237	1916	1079	1890
LP6005496-DNA_B01_vs_LP6005408-DNA_C03__pv	5648	1607	212	0	2177	1367	1817	621	1410	915	2742	604	581	150	122
LP6005500-DNA_A01_vs_LP6005499-DNA_A01__pv	1190	840	653	1280	399	1148	954	635	1346	1420	1453	466	751	1277	589
LP6005500-DNA_A02_vs_LP6005499-DNA_A02__pv	1901	3807	1348	4161	2011	3441	1404	1291	1522	818	1926	169	0	2396	1134
LP6005500-DNA_A03_vs_LP6005499-DNA_A03__pv	1726	1982	724	2165	1023	473	784	684	1469	1371	949	544	852	805	579
LP6005500-DNA_B01_vs_LP6005499-DNA_B01__pv	2739	2633	1012	1510	934	1211	1010	433	929	1285	859	523	728	875	715
LP6005500-DNA_B02_vs_LP6005499-DNA_B02__pv	8025	3993	586	2573	4837	1654	1098	1219	1685	3651	2174	410	672	1711	811
LP6005500-DNA_B03_vs_LP6005499-DNA_B03__pv	3594	3071	1907	2364	1302	217	402	388	650	1154	652	579	362	2482	1073
LP6005500-DNA_C01_vs_LP6005499-DNA_C01__pv	1629	1087	660	1289	568	775	633	557	2109	1163	394	133	536	296	387
LP6005500-DNA_C02_vs_LP6005499-DNA_C02__pv	1896	1377	558	1438	863	3753	1565	4286	1585	3004	1271	1280	364	580	400
LP6005500-DNA_C03_vs_LP6005499-DNA_C03__pv	7947	3850	660	999	2810	1815	2530	217	982	706	910	713	146	398	719
LP6005500-DNA_D01_vs_LP6005499-DNA_D01__pv	2388	1651	609	1233	1918	1013	967	590	1473	1651	513	164	555	286	474
LP6005500-DNA_D02_vs_LP6005499-DNA_D02__pv	5369	3184	201	593	2249	1977	1153	746	5166	3394	768	557	458	322	365
LP6005500-DNA_D03_vs_LP6005499-DNA_D03__pv	2699	2757	634	998	2013	1125	2335	696	1032	1752	695	395	383	364	490
LP6005500-DNA_E02_vs_LP6005499-DNA_E02__pv	12033	13116	446	310	5705	881	786	711	1195	1010	1525	64	166	2258	367
LP6005500-DNA_E03_vs_LP6005499-DNA_E03__pv	10991	34971	218	4617	17727	0	557	1190	1622	0	3037	2234	165	922	2642
LP6005500-DNA_F01_vs_LP6005499-DNA_F01__pv	4153	2489	488	2045	2553	616	1566	686	1588	1612	877	198	1584	789	612
LP6005500-DNA_F02_vs_LP6005499-DNA_F02__pv	3923	552	1319	1989	790	3395	4223	459	2638	1571	2148	615	5786	649	864
LP6005500-DNA_F03_vs_LP6005499-DNA_F03__pv	423	2377	0	1101	285	4705	1185	3133	2545	6040	1577	1154	428	1453	897
LP6005500-DNA_G01_vs_LP6005499-DNA_G01__pv	14506	18512	969	792	3931	1505	2039	49	930	881	792	1026	206	359	593
LP6005500-DNA_G02_vs_LP6005499-DNA_G02__pv	0	8	497	270	0	1495	291	0	81	325	308	31	448	74	161
LP6005500-DNA_G03_vs_LP6005499-DNA_G03__pv	13211	901	968	865	2692	1594	875	0	1175	959	329	1010	402	45	265
LP6005500-DNA_H01_vs_LP6005499-DNA_H01__pv	2226	3813	623	690	528	2375	2436	555	1366	1581	1550	490	816	2046	551
LP6005500-DNA_H02_vs_LP6005499-DNA_H02__pv	1374	3802	878	816	573	2369	186	88	491	588	1146	874	2605	1890	550
LP6005500-DNA_H03_vs_LP6005499-DNA_H03__pv	2135	4843	374	683	1600	812	1282	1337	800	4432	518	888	1065	1908	426
LP6005501-DNA_A01_vs_LP6005499-DNA_A01__pv	306	95	453	424	102	412	277	0	565	401	208	124	103	96	153
LP6005501-DNA_B01_vs_LP6005499-DNA_B01__pv	2565	2345	1062	1363	939	1122	1283	390	909	1578	613	520	827	1046	770
LP6005501-DNA_C01_vs_LP6005499-DNA_C01__pv	1753	1153	1086	1147	913	2729	1875	500	3438	2509	692	1113	477	700	232
LP6005501-DNA_D01_vs_LP6005499-DNA_D01__pv	1722	1316	726	1196	1366	1991	917	508	2013	2211	957	655	1103	330	612
LP6005501-DNA_E01_vs_LP6005499-DNA_E01__pv	493	296	292	258	357	377	242	0	226	307	321	77	77	109	114
LP6005501-DNA_F01_vs_LP6005499-DNA_F01__pv	8003	3417	433	692	4858	461	1854	363	1532	2247	1475	105	1019	647	0
LP6005690-DNA_A02_vs_LP6005689-DNA_A02__pv	400	397	910	1017	445	1282	889	651	3028	1696	565	481	532	339	433
LP6005690-DNA_B01_vs_LP6005689-DNA_B01__pv	3429	3408	684	1248	971	999	728	377	1691	893	873	397	296	879	451
LP6005690-DNA_B03_vs_LP6005777-DNA_A01__pv	8067	5638	706	1275	6072	799	878	116	1231	1200	891	1625	716	379	390
LP6005690-DNA_C02_vs_LP6005689-DNA_C02__pv	516	24	803	2199	3	2645	1256	536	2649	1482	1060	839	612	543	661
LP6005690-DNA_C03_vs_LP6005689-DNA_C03__pv	9848	4788	724	1016	3726	1119	2530	1114	3351	2480	1329	633	602	334	626
LP6005690-DNA_D02_vs_LP6005689-DNA_D02__pv	9914	10620	219	763	5443	1270	1844	784	778	2834	2188	605	913	960	409
LP6005690-DNA_D03_vs_LP6005689-DNA_D03__pv	8990	9227	467	1449	2639	760	631	959	994	1478	1006	256	1333	1117	391
LP6005690-DNA_E01_vs_LP6005689-DNA_E01__pv	6401	4932	472	2089	2563	1537	1728	1471	5077	2631	1381	716	1279	1177	654
LP6005690-DNA_E02_vs_LP6005689-DNA_E02__pv	2	0	4	2	3	14	7	2	0	3	0	0	5	2	0
LP6005690-DNA_E03_vs_LP6005689-DNA_E03__pv	1680	786	712	640	658	1712	2220	571	1982	1101	144	68	202	401	737
LP6005690-DNA_F01_vs_LP6005689-DNA_F01__pv	7420	5377	839	1421	2180	1905	2377	716	1758	772	1298	415	305	2513	589
LP6005690-DNA_F02_vs_LP6005689-DNA_F02__pv	14784	7224	0	873	10380	925	1502	308	1127	225	2364	0	257	618	209
LP6005690-DNA_F03_vs_LP6005689-DNA_F03__pv	2038	998	807	1022	1090	1612	2445	160	1784	1089	1156	678	841	555	664
LP6005690-DNA_G02_vs_LP6005689-DNA_G02__pv	7916	3615	819	918	2463	1315	2312	416	2070	1738	951	369	442	107	727
LP6005690-DNA_H02_vs_LP6005689-DNA_H02__pv	25048	13396	606	0	5534	1834	1304	571	1579	1292	1159	541	753	767	654
LP6005691-DNA_A01_vs_LP6005689-DNA_C01__pv	1188	655	574	588	551	1686	1048	41	2106	756	325	712	119	212	395
LP6005691-DNA_A02_vs_LP6005689-DNA_F03__pv	662	328	397	566	243	807	357	135	609	362	551	203	140	167	165
LP6005691-DNA_B01_vs_LP6005689-DNA_E01__pv	7217	5145	1004	1550	3054	1703	1717	797	5174	3215	1318	429	1085	1283	561
LP6005691-DNA_C01_vs_LP6005689-DNA_A02__pv	444	223	841	402	92	1686	1882	0	2552	637	549	335	222	293	72
LP6005691-DNA_D01_vs_LP6005689-DNA_B02__pv	25114	23225	615	114	14244	773	467	0	1225	1566	81	853	1512	322	0
LP6005691-DNA_E01_vs_LP6005689-DNA_D01__pv	1349	728	880	845	749	527	136	0	195	1087	315	7	25	301	0
LP6005691-DNA_F01_vs_LP6005689-DNA_F01__pv	7594	5159	783	1222	1808	1193	669	58	1124	1258	479	431	359	676	38
LP6005691-DNA_G01_vs_LP6005689-DNA_G01__pv	0	0	63	0	10	71	18	0	10	25	24	0	3	17	32
LP6005691-DNA_H01_vs_LP6005689-DNA_H01__pv	1524	1280	305	185	704	378	317	45	577	470	268	0	143	109	70
LP6005935-DNA_A01_vs_LP6005979-DNA_A01__pv	11085	6926	888	1391	5306	2916	4928	1347	3922	3871	1455	626	611	646	1017
LP6005935-DNA_A02_vs_LP6005934-DNA_A02__pv	3015	11410	469	1379	2680	951	838	382	703	1380	829	1917	1437	940	607
LP6005935-DNA_A03_vs_LP6005934-DNA_A03__pv	237	145	593	623	0	1896	777	874	1734	1453	646	785	228	466	690
LP6005935-DNA_B01_vs_LP6005934-DNA_B01__pv	329	730	804	2589	583	339	232	939	1052	1477	1219	235	162	1439	1315
LP6005935-DNA_B02_vs_LP6005934-DNA_B02__pv	6572	5767	1289	3162	3085	687	744	125	1974	835	0	1148	2449	4210	703
LP6005935-DNA_B03_vs_LP6005934-DNA_B03__pv	11134	17306	485	1621	3216	1393	912	544	3203	467	341	707	2618	4763	367
LP6005935-DNA_B04_vs_LP6005934-DNA_B04__pv	810	766	688	1623	478	3306	1415	591	3102	1644	863	578	449	394	728
LP6005935-DNA_C01_vs_LP6005934-DNA_C01__pv	0	11448	0	3317	1499	13588	16136	125476	4015	0	3174	0	574	0	4117
LP6005935-DNA_C02_vs_LP6005979-DNA_B01__pv	7660	4869	1174	2589	2033	2439	3491	782	1996	1173	984	452	1004	1111	1177
LP6005935-DNA_C03_vs_LP6005934-DNA_C03__pv	369	308	463	601	101	867	652	226	604	565	343	0	92	152	264
LP6005935-DNA_C04_vs_LP6005934-DNA_C04__pv	12636	11566	803	1525	11142	2122	1488	1376	3066	3198	4152	693	1141	961	1059
LP6005935-DNA_D01_vs_LP6005934-DNA_D01__pv	11945	5592	1244	1793	3561	1937	2759	608	3974	1832	743	514	652	478	0
LP6005935-DNA_D02_vs_LP6005934-DNA_D02__pv	8510	3758	992	1783	3925	497	1588	691	1023	1673	295	29	937	798	352
LP6005935-DNA_D04_vs_LP6005934-DNA_C03__pv	1033	765	348	331	563	610	792	207	1322	901	282	357	169	134	104
LP6005935-DNA_E01_vs_LP6005934-DNA_E01__pv	8885	11752	674	1616	8528	2341	1117	767	1772	1575	1367	880	364	1274	856
LP6005935-DNA_E02_vs_LP6005934-DNA_E02__pv	4503	2863	907	2811	2411	1262	1939	363	962	863	638	331	125	1408	996
LP6005935-DNA_E03_vs_LP6005934-DNA_E03__pv	3523	2509	534	1690	959	1686	2497	211	1670	1175	1706	289	551	544	690
LP6005935-DNA_E04_vs_LP6005934-DNA_E02__pv	2305	1440	538	711	1002	786	522	98	998	598	147	296	90	136	199
LP6005935-DNA_F01_vs_LP6005934-DNA_F01__pv	84	91	723	2516	154	295	273	454	216	776	354	137	1756	343	605
LP6005935-DNA_F02_vs_LP6005934-DNA_F02__pv	21065	26249	2940	422	37341	0	2344	1271	120	2655	4377	940	395	2874	195
LP6005935-DNA_F03_vs_LP6005934-DNA_F03__pv	679	502	377	1081	450	16845	7586	25782	330	2573	0	4519	0	863	0
LP6005935-DNA_F04_vs_LP6007426-DNA_A01__pv	22702	15728	297	0	8816	94	248	895	1339	1283	417	471	7720	1066	0
LP6005935-DNA_G01_vs_LP6005934-DNA_G01__pv	3208	10668	502	490	6284	2438	2244	704	439	1260	2407	740	150	916	222
LP6005935-DNA_G02_vs_LP6005979-DNA_C01__pv	618	491	372	2854	522	1715	915	1486	5245	2019	947	562	1315	634	1286
LP6005935-DNA_G03_vs_LP6005934-DNA_G03__pv	953	264	1	1154	0	623	287	745	1211	1687	1366	0	299	972	570
LP6005935-DNA_H01_vs_LP6005934-DNA_H01__pv	6113	3821	741	3358	3180	1831	1051	983	3539	2017	908	483	1308	1660	1260
LP6005935-DNA_H02_vs_LP6005934-DNA_H02__pv	2483	2628	1210	2842	801	2014	365	848	1665	2379	1108	399	1854	2435	1489
LP6005935-DNA_H03_vs_LP6005934-DNA_H03__pv	646	0	3421	1154	2707	14017	1644	31228	1620	5278	336	2619	388	609	0
LP6007358-DNA_A01_vs_LP6007553-DNA_A01__pv	2201	1295	722	1401	808	919	1368	485	2511	1399	947	549	307	590	528
LP6007394-DNA_A01_vs_LP6007393-DNA_A01__pv	2629	1971	415	1098	1606	1549	402	115	481	1228	701	54	0	734	362
LP6007396-DNA_A01_vs_LP6007395-DNA_A01__pv	3297	2351	1375	1676	1104	2066	2229	278	1595	1094	615	487	961	818	660
LP6007398-DNA_A01_vs_LP6007397-DNA_A01__pv	2065	630	712	820	360	1450	3792	646	996	357	804	431	313	1114	174
LP6007399-DNA_A01_vs_LP6007397-DNA_A01__pv	2085	645	721	760	302	1421	3542	631	986	359	790	449	311	1092	196
LP6007401-DNA_A01_vs_LP6007400-DNA_A01__pv	8820	8034	1753	1459	2250	1387	1475	972	1641	963	1024	945	851	6825	938
LP6007402-DNA_A01_vs_LP6007400-DNA_A01__pv	4769	4453	348	439	2334	745	647	162	909	663	238	471	348	500	281
LP6007404-DNA_A01_vs_LP6007403-DNA_A01__pv	427	742	715	1796	228	1525	790	487	1916	1399	783	701	94	388	537
LP6007405-DNA_A01_vs_LP6007403-DNA_A01__pv	1173	917	267	435	492	483	143	172	668	550	235	12	0	167	165
LP6007407-DNA_A01_vs_LP6007406-DNA_A01__pv	5516	5545	32	2004	5943	2157	2320	787	2294	1948	2437	1181	590	752	705
LP6007409-DNA_A01_vs_LP6007408-DNA_A01__pv	1261	639	784	1547	272	2581	407	588	1159	1554	978	324	197	1126	670
LP6007410-DNA_A01_vs_LP6007408-DNA_A01__pv	4049	2892	713	1129	1888	1925	827	384	1926	1940	813	248	122	791	495
LP6007414-DNA_A02_vs_LP6007413-DNA_A02__pv	275	226	423	1050	186	1386	845	600	1869	1616	435	528	610	539	410
LP6007416-DNA_A01_vs_LP6007415-DNA_A01__pv	1588	857	1032	1870	455	1981	2713	523	2151	2187	1198	615	763	363	434
LP6007418-DNA_A02_vs_LP6007417-DNA_A02__pv	4832	2468	2744	2991	1300	379	738	926	645	3002	871	1373	632	2024	981
LP6007420-DNA_A01_vs_LP6007419-DNA_A01__pv	15857	9597	1003	1323	5562	386	297	701	533	649	5995	0	1672	2137	506
LP6007422-DNA_A01_vs_LP6007421-DNA_A01__pv	909	1091	765	1639	1027	1214	800	634	1090	1921	767	338	86	408	588
LP6007424-DNA_A01_vs_LP6007423-DNA_A01__pv	4671	1561	872	5483	2800	730	944	846	893	1591	1055	709	1123	667	1599
LP6007425-DNA_A01_vs_LP6007423-DNA_A01__pv	4931	1546	799	5579	2614	726	895	841	892	1532	748	770	1234	663	1572
LP6007427-DNA_A01_vs_LP6007426-DNA_A01__pv	29210	19768	86	634	11193	217	355	1271	1381	1280	173	441	10282	2142	210
LP6007428-DNA_A01_vs_LP6007426-DNA_A01__pv	188	178	859	439	91	355	371	0	182	187	55	8	75	118	249
LP6007430-DNA_A01_vs_LP6007429-DNA_A01__pv	3538	1120	722	977	740	2672	1893	827	3208	2094	851	728	559	727	626
LP6007432-DNA_A01_vs_LP6007431-DNA_A01__pv	16109	13109	0	1449	6426	487	20	514	55	838	1164	194	1588	2901	1270
LP6007434-DNA_A01_vs_LP6007433-DNA_A01__pv	3760	4363	307	980	2554	996	1617	532	1475	1381	598	819	616	677	4404
LP6007436-DNA_A01_vs_LP6007435-DNA_A01__pv	10020	8709	50	386	6249	1638	931	561	1448	2508	1750	567	966	1323	209
LP6007438-DNA_A01_vs_LP6007437-DNA_A01__pv	123	158	683	1845	205	456	852	255	192	1021	114	564	1191	881	394
LP6007440-DNA_A01_vs_LP6007439-DNA_A01__pv	13599	18541	590	2404	9598	1771	1253	1184	2308	3910	2227	1643	2152	1228	787
LP6007442-DNA_A01_vs_LP6007441-DNA_A01__pv	10048	58569	1971	10	10133	2432	413	2820	8114	0	2938	2292	488	18219	1780
LP6007504-DNA_A01_vs_LP6007566-DNA_A01__pv	2089	1313	268	739	959	574	569	254	588	664	640	73	217	511	261
LP6007506-DNA_A01_vs_LP6007505-DNA_A01__pv	1664	1282	466	1335	872	1762	1084	402	1859	1000	1882	537	923	572	689
LP6007508-DNA_A01_vs_LP6007507-DNA_A01__pv	1332	831	426	1811	947	923	826	186	523	934	1437	607	383	405	646
LP6007512-DNA_A01_vs_LP6007511-DNA_A01__pv	4868	3714	536	1313	2345	2941	1386	498	1179	2238	1167	797	1224	1102	463
LP6007514-DNA_A01_vs_LP6007513-DNA_A01__pv	1129	394	782	1761	286	1521	803	230	1322	2170	677	333	145	354	548
LP6007516-DNA_A01_vs_LP6007515-DNA_A01__pv	822	1045	856	4248	341	1506	369	1148	933	1557	1212	60	868	860	1718
LP6007518-DNA_A01_vs_LP6007517-DNA_A01__pv	9430	9515	1082	5994	6383	125	2225	836	1866	722	1145	1044	1308	335	1478
LP6007520-DNA_A01_vs_LP6007519-DNA_A01__pv	872	345	541	1490	266	1220	765	452	1820	1512	334	499	417	348	566
LP6007521-DNA_A01_vs_LP6007519-DNA_A01__pv	97	152	445	427	116	704	384	106	635	471	191	169	150	214	310
LP6007523-DNA_A01_vs_LP6007522-DNA_A01__pv	397	525	598	1671	309	1641	992	337	2775	2146	893	616	239	595	517
LP6007529-DNA_A01_vs_LP6007528-DNA_A01__pv	4183	4441	455	864	2449	1601	1090	875	2660	1629	4121	0	440	841	268
LP6007531-DNA_A01_vs_LP6007530-DNA_A01__pv	6152	10223	1366	2170	2933	1534	1348	372	783	2209	325	681	1607	2631	527
LP6007533-DNA_A01_vs_LP6007532-DNA_A01__pv	742	251	452	681	366	946	701	265	1088	1145	778	409	938	540	354
LP6007535-DNA_A01_vs_LP6007534-DNA_A01__pv	1125	105	403	615	448	552	566	172	593	1004	1001	347	727	258	156
LP6007536-DNA_A01_vs_LP6007534-DNA_A01__pv	719	112	439	708	265	402	407	150	520	875	806	324	2503	259	403
LP6007538-DNA_A01_vs_LP6007537-DNA_A01__pv	8809	4070	548	869	3257	917	847	420	1862	1708	1113	858	853	710	272
LP6007540-DNA_A01_vs_LP6007539-DNA_A01__pv	3188	3275	557	785	788	2209	1139	442	2342	1312	449	484	360	821	394
LP6007542-DNA_A01_vs_LP6007541-DNA_A01__pv	3491	1846	854	4214	1864	2008	925	997	2331	1715	342	1339	3412	3943	1458
LP6007544-DNA_A01_vs_LP6007569-DNA_A01__pv	1674	2112	983	1654	595	1892	1498	517	3044	1549	1238	638	273	1047	398
LP6007546-DNA_A01_vs_LP6007568-DNA_A01__pv	596	1584	566	249	290	1795	880	55	1207	870	1869	526	540	150	491
LP6007548-DNA_A01_vs_LP6007547-DNA_A01__pv	856	631	210	33	573	431	392	294	646	974	746	23	526	134	0
LP6007550-DNA_A01_vs_LP6007549-DNA_A01__pv	8500	8412	324	744	1651	1750	811	795	2027	1103	1978	584	1152	1371	345
LP6007552-DNA_A01_vs_LP6007551-DNA_A01__pv	2626	3003	644	2416	1221	766	1175	383	1238	1509	1102	503	2322	762	586
LP6007567-DNA_A01_vs_LP6007524-DNA_A01__pv	3460	2698	1095	1482	0	1738	915	358	1300	1049	864	534	441	1267	925
LP6007591_vs_LP6007590__pv	6516	21493	0	1559	6160	3785	1766	792	1908	1955	6491	1600	1107	2367	812
LP6007592_vs_LP6007590__pv	1454	960	708	608	411	1940	620	231	1294	964	555	221	388	548	451
LP6007594_vs_LP6007593__pv	309	590	889	1530	404	2993	1164	1712	2369	2751	541	0	272	673	1118
LP6007595_vs_LP6007593__pv	2195	1450	485	727	924	1109	805	341	1556	1155	179	523	0	447	422
LP6007597_vs_LP6007596__pv	12127	935	269	971	10604	1771	1864	762	2225	979	663	435	430	453	3449
LP6007598_vs_LP6007596__pv	4714	0	229	250	2416	668	425	280	1074	799	410	166	128	181	547
LP6007600_vs_LP6007599__pv	155	49	925	1017	0	871	811	265	538	340	415	79	0	149	353
LP6007602_vs_LP6007601__pv	15902	32527	1028	1587	3983	411	0	646	62	302	817	1340	952	4589	817
LP6008017-DNA_A01_vs_LP6008018-DNA_B01__pv	14963	11362	206	1899	4793	981	293	919	1534	1644	1056	873	0	403	1219
LP6008017-DNA_A02_vs_LP6008018-DNA_B01__pv	29670	12416	0	1663	7744	809	223	724	1642	1316	912	1243	140	0	1616
LP6008017-DNA_A03_vs_LP6008018-DNA_C01__pv	14992	13322	828	1535	8078	1389	1530	240	3468	1582	1147	1252	480	28	409
LP6008017-DNA_A04_vs_LP6008018-DNA_A01__pv	5008	3242	320	250	2506	2011	632	1330	1762	2669	6428	323	2673	323	265
LP6008017-DNA_B01_vs_LP6008018-DNA_B01__pv	20976	14462	0	1951	6830	916	149	695	1501	1455	1156	1093	0	41	1266
LP6008017-DNA_B02_vs_LP6008018-DNA_B01__pv	15036	10910	109	1720	4639	797	247	786	1395	1724	992	743	0	301	1081
LP6008017-DNA_B03_vs_LP6008018-DNA_C01__pv	15241	13453	882	1808	7979	1452	1526	324	3523	1362	1177	1490	499	0	866
LP6008017-DNA_B04_vs_LP6008018-DNA_A01__pv	2586	1587	311	522	1225	826	422	518	990	1234	1192	41	465	206	102
LP6008017-DNA_C01_vs_LP6008018-DNA_B01__pv	29835	18577	437	2261	5649	630	12	614	1565	1643	1401	1646	0	187	1824
LP6008017-DNA_C02_vs_LP6008018-DNA_C01__pv	14748	12982	921	1513	7741	1283	1481	185	3420	1315	1026	1187	445	35	699
LP6008017-DNA_C03_vs_LP6008018-DNA_C01__pv	14885	13516	829	1547	8150	1364	1500	235	3423	1353	1155	1338	452	8	722
LP6008017-DNA_C04_vs_LP6008018-DNA_C01__pv	1	6	22	25	0	17	11	23	4	0	26	0	0	0	0
LP6008017-DNA_D01_vs_LP6008018-DNA_B01__pv	21439	15951	0	2093	6956	876	250	632	1632	1741	1083	1190	0	280	1177
LP6008017-DNA_D02_vs_LP6008018-DNA_C01__pv	14914	13349	912	1806	8368	1340	1575	240	3500	1452	1093	1334	525	190	1526
LP6008017-DNA_D03_vs_LP6008018-DNA_A01__pv	4905	3178	720	1057	2210	2188	955	983	1880	2217	2774	305	1810	566	516
LP6008017-DNA_E01_vs_LP6008018-DNA_B01__pv	27775	17603	674	2225	6085	597	5	657	1617	1247	1269	1689	100	0	2316
LP6008017-DNA_E02_vs_LP6008018-DNA_C01__pv	14535	13417	905	1570	8638	1143	1824	54	3497	1076	1157	1632	543	1	3443
LP6008017-DNA_E03_vs_LP6008018-DNA_A01__pv	4717	3085	422	1007	2218	1791	706	1051	1796	2251	2736	195	1008	492	463
LP6008017-DNA_F01_vs_LP6008018-DNA_B01__pv	15720	12906	0	2245	5529	801	154	933	1776	1537	1108	1186	0	112	2163
LP6008017-DNA_F02_vs_LP6008018-DNA_C01__pv	15126	14137	675	1819	8939	1353	1481	321	3493	1472	1354	1316	387	128	1356
LP6008017-DNA_F03_vs_LP6008018-DNA_A01__pv	3521	2252	301	361	1617	1022	537	579	1143	1549	2515	25	1134	296	129
LP6008017-DNA_G01_vs_LP6008018-DNA_B01__pv	18163	12243	130	2097	5113	956	270	911	1537	1758	1119	1019	0	363	1193
LP6008017-DNA_G02_vs_LP6008018-DNA_C01__pv	16146	15168	877	1965	9318	1228	1526	473	3641	1217	1333	1586	752	0	2953
LP6008017-DNA_G03_vs_LP6008018-DNA_A01__pv	4963	2992	400	1144	2209	1885	816	1025	2062	2387	3465	287	1877	551	598
LP6008017-DNA_H01_vs_LP6008018-DNA_B01__pv	21676	16895	465	2257	6486	665	159	426	1694	1269	1114	1673	56	0	1956
LP6008017-DNA_H02_vs_LP6008018-DNA_C01__pv	14949	13196	960	1851	7801	1191	1544	100	3517	1157	954	1588	658	0	2439
LP6008017-DNA_H03_vs_LP6008018-DNA_A01__pv	6503	3212	458	12	2718	2032	638	1393	1766	2400	6491	334	2689	280	413
LP6008031-DNA_A01_vs_LP6008032-DNA_A01__pv	2546	1490	1606	3727	1503	477	777	1296	1986	1205	366	909	4677	1910	1249
LP6008031-DNA_A02_vs_LP6008032-DNA_C02__pv	2911	1885	1067	2100	1145	2253	4004	915	5008	2880	986	1321	3657	723	571
LP6008031-DNA_A03_vs_LP6008032-DNA_E03__pv	947	544	542	665	347	1601	998	556	2104	1018	1314	126	456	328	423
LP6008031-DNA_A04_vs_LP6008032-DNA_D03__pv	10915	6075	174	804	3868	1357	828	145	976	2616	1149	506	897	713	272
LP6008031-DNA_B01_vs_LP6008032-DNA_B01__pv	2186	2254	641	865	420	1324	721	137	704	543	907	499	452	570	306
LP6008031-DNA_B02_vs_LP6008032-DNA_D02__pv	745	753	42	2200	319	2074	694	1244	4588	1203	1510	213	88	736	888
LP6008031-DNA_B03_vs_LP6008032-DNA_F03__pv	111	295	982	1078	178	1828	656	194	1628	1033	894	481	906	150	436
LP6008031-DNA_B04_vs_LP6008032-DNA_C02__pv	143	200	501	514	169	613	631	212	842	432	171	0	106	198	176
LP6008031-DNA_C01_vs_LP6008032-DNA_C01__pv	4039	6522	567	2954	1670	3507	1545	1297	2866	2398	1917	720	1192	513	823
LP6008031-DNA_C02_vs_LP6008032-DNA_E02__pv	4130	2010	751	1720	1032	2721	1072	767	2600	1865	845	61	139	1745	766
LP6008031-DNA_C03_vs_LP6008032-DNA_G03__pv	0	0	9	18	0	78	0	0	20	14	11	11	2	6	12
LP6008031-DNA_D01_vs_LP6008032-DNA_D01__pv	2978	1114	327	2023	1179	538	1306	556	1417	809	632	422	591	540	804
LP6008031-DNA_D02_vs_LP6008032-DNA_F02__pv	4294	3516	463	1213	2868	1535	348	1025	1526	2090	670	149	457	437	587
LP6008031-DNA_D03_vs_LP6008032-DNA_H03__pv	566	396	709	2579	323	977	2355	613	2207	1278	1194	308	1100	513	689
LP6008031-DNA_E01_vs_LP6008032-DNA_E01__pv	6335	142	8640	0	2670	4624	0	19506	2717	9316	1100	9390	0	1506	294
LP6008031-DNA_E02_vs_LP6008032-DNA_G02__pv	8420	2839	564	2365	2852	1534	1977	795	4975	1297	1734	592	156	612	572
LP6008031-DNA_E03_vs_LP6008032-DNA_A04__pv	5385	4876	6838	0	4311	9176	838	42804	1628	5692	1473	10259	257	0	1428
LP6008031-DNA_F01_vs_LP6008032-DNA_F01__pv	2586	2123	748	1721	1379	1390	796	506	2316	1159	921	557	220	511	496
LP6008031-DNA_F02_vs_LP6008032-DNA_H02__pv	1441	1682	239	676	2055	751	514	30	288	441	771	160	43	234	103
LP6008031-DNA_F03_vs_LP6008032-DNA_H01__pv	9024	7536	1308	3793	2664	3297	1780	1196	1769	2735	1538	526	970	1608	1155
LP6008031-DNA_G01_vs_LP6008032-DNA_G01__pv	3687	3744	274	1375	2399	1029	586	411	1101	1395	920	568	499	1792	541
LP6008031-DNA_G02_vs_LP6008032-DNA_A03__pv	1484	662	969	2670	392	981	1229	594	1541	1569	833	879	1008	904	744
LP6008031-DNA_G03_vs_LP6008032-DNA_A02__pv	6073	1157	1281	5661	2908	196	0	1571	2881	2339	2371	613	1279	7629	2481
LP6008031-DNA_H01_vs_LP6008032-DNA_B02__pv	3834	3126	1001	1111	1269	2366	1103	363	1204	2988	1252	1416	340	839	782
LP6008031-DNA_H02_vs_LP6008032-DNA_B03__pv	396	1314	2780	0	236	8041	1438	24654	2077	5761	658	1700	436	206	1136
LP6008031-DNA_H03_vs_LP6008032-DNA_C03__pv	9936	17865	3644	126	4429	9634	3346	20537	916	1778	469	4540	272	0	0
LP6008051-DNA_A01_vs_LP6008050-DNA_C02__pv	96	12	556	1096	0	1051	462	166	1152	730	1892	58	849	106	323
LP6008051-DNA_A02_vs_LP6008050-DNA_E01__pv	1968	1445	555	1245	1002	1144	1057	655	998	1438	834	276	176	432	595
LP6008051-DNA_A03_vs_LP6008050-DNA_G02__pv	6126	25344	1222	2769	3013	795	730	1629	1389	2103	71	1028	2179	4083	701
LP6008051-DNA_B01_vs_LP6008138-DNA_B03__pv	3035	5774	318	1477	5069	582	1358	695	564	1011	1530	425	0	518	546
LP6008051-DNA_B02_vs_LP6008050-DNA_F01__pv	3552	2608	667	647	1650	3126	1098	362	3443	1647	1883	880	1098	542	664
LP6008051-DNA_B03_vs_LP6008050-DNA_G02__pv	5820	24384	1112	2527	2704	857	760	1208	1136	1883	0	1055	2058	4351	643
LP6008051-DNA_C01_vs_LP6008050-DNA_E02__pv	4039	3705	577	1062	2608	2014	1328	418	1582	2621	1055	774	752	693	503
LP6008051-DNA_C02_vs_LP6008050-DNA_G01__pv	2163	4240	1626	1982	367	895	521	611	630	1154	997	474	670	2948	958
LP6008051-DNA_C03_vs_LP6008050-DNA_G02__pv	6047	25290	1398	2797	3135	880	809	1762	1293	2895	0	1034	2262	4795	707
LP6008051-DNA_D01_vs_LP6008050-DNA_F02__pv	4327	2795	1067	2127	1493	2739	1149	795	3404	3154	1038	775	558	1527	913
LP6008051-DNA_D03_vs_LP6008050-DNA_G02__pv	5329	24655	450	2717	2825	927	698	1267	1768	1947	621	1123	1855	3123	796
LP6008051-DNA_E01_vs_LP6008050-DNA_A01__pv	2642	1932	1586	2763	1286	1406	1284	706	1105	1924	697	452	143	1699	783
LP6008051-DNA_E02_vs_LP6008050-DNA_A02__pv	1719	1177	786	516	330	1197	681	43	2662	471	622	1168	0	1946	10341
LP6008051-DNA_E03_vs_LP6008050-DNA_G02__pv	5920	24547	995	2315	2836	932	784	1397	1297	1851	350	951	1748	3619	726
LP6008051-DNA_F01_vs_LP6008050-DNA_B01__pv	4357	1859	896	2003	919	2257	1493	410	1782	1751	1268	590	135	798	256
LP6008051-DNA_F02_vs_LP6008050-DNA_B02__pv	1447	654	1305	7700	1147	1295	968	1279	2103	2227	0	1198	3149	1854	2229
LP6008051-DNA_F03_vs_LP6008050-DNA_G02__pv	5864	24387	1028	1933	2876	1012	814	1168	1126	1886	232	1088	1846	3614	731
LP6008051-DNA_G01_vs_LP6008050-DNA_C01__pv	787	2678	649	1647	1063	478	353	960	511	1542	1822	220	3179	657	242
LP6008051-DNA_G02_vs_LP6008050-DNA_B02__pv	301	56	319	456	141	897	312	114	881	511	361	274	184	135	230
LP6008051-DNA_G03_vs_LP6008050-DNA_G02__pv	6070	24660	1036	2223	2971	819	971	1818	1310	2521	123	961	1959	4322	718
LP6008051-DNA_H03_vs_LP6008050-DNA_G02__pv	5912	24407	1033	2507	2818	854	678	1243	1148	1942	177	1103	1940	3519	736
LP6008139-DNA_A01_vs_LP6008140-DNA_A01__pv	5004	6847	825	2685	2465	973	853	779	1791	877	664	1021	455	1537	2030
LP6008139-DNA_A02_vs_LP6008140-DNA_A01__pv	4842	5989	784	2231	2140	734	655	738	1567	1004	787	749	328	1156	1805
LP6008139-DNA_A03_vs_LP2000102-DNA_A01__pv	3267	3611	807	1684	2056	562	127	683	4179	0	1449	790	3882	847	2168
LP6008139-DNA_B01_vs_LP6008140-DNA_A01__pv	5330	6785	1167	2602	2051	954	864	641	1933	549	692	1194	430	1461	2641
LP6008139-DNA_B02_vs_LP6008140-DNA_A01__pv	4172	4596	548	1434	1750	560	537	675	1046	734	515	575	310	1246	1021
LP6008139-DNA_B03_vs_LP6005408-DNA_H03__pv	5303	7751	799	2021	5597	1144	1136	1251	735	2021	804	515	436	1070	1134
LP6008139-DNA_C01_vs_LP6008140-DNA_A01__pv	4781	5473	733	2439	2133	979	776	674	1606	1055	691	804	300	1422	996
LP6008139-DNA_C02_vs_LP6008140-DNA_A01__pv	3892	10763	1286	2545	2168	783	480	1068	1489	438	819	1323	403	1667	2157
LP6008139-DNA_C03_vs_LP6005408-DNA_H03__pv	5312	7692	793	2145	5524	1151	1143	1196	655	1881	874	624	369	1116	708
LP6008139-DNA_D01_vs_LP6008140-DNA_A01__pv	4847	4700	927	2159	1833	1141	1096	762	1664	1051	535	681	359	1526	990
LP6008139-DNA_D02_vs_LP6008140-DNA_A01__pv	4575	6748	778	2382	2211	847	659	1057	1511	897	686	917	355	1527	1611
LP6008139-DNA_D03_vs_LP6008140-DNA_A01__pv	5980	4180	284	571	2974	812	668	230	993	1011	294	383	356	374	146
LP6008139-DNA_E01_vs_LP6008140-DNA_A01__pv	3947	10457	1258	2636	2369	720	570	1317	1595	449	619	1454	595	1756	1845
LP6008139-DNA_E02_vs_LP6008140-DNA_A01__pv	5249	6560	790	2531	2258	959	837	937	1726	888	778	1040	417	1289	2335
LP6008139-DNA_F01_vs_LP6008140-DNA_A01__pv	5102	7028	932	2585	2462	932	892	1063	1651	744	737	1122	424	1688	2042
LP6008139-DNA_F02_vs_LP6008140-DNA_A01__pv	5276	4696	840	2313	2170	1194	1088	733	1984	942	649	719	324	1451	649
LP6008139-DNA_G01_vs_LP6008140-DNA_A01__pv	5168	6516	887	2846	2546	954	800	1012	1890	926	959	1083	390	1480	2411
LP6008139-DNA_G02_vs_LP6008140-DNA_A01__pv	3317	2587	65	109	1717	201	164	193	206	436	121	0	55	171	0
LP6008139-DNA_H01_vs_LP6008140-DNA_A01__pv	5180	5744	709	2438	2357	864	791	1040	1697	1061	798	836	369	1332	1752
LP6008139-DNA_H02_vs_LP2000102-DNA_A01__pv	3277	3582	847	1796	2040	637	137	712	4289	0	1357	793	3970	799	2283
LP6008141-DNA_A01_vs_LP6008138-DNA_A01__pv	7591	1279	936	1344	1749	4009	1579	0	3303	1358	1300	1858	733	1113	573
LP6008141-DNA_A02_vs_LP6008138-DNA_A02__pv	54853	8522	2227	1177	1151	1115	213	1057	4226	1325	1849	856	0	5644	919
LP6008141-DNA_A03_vs_LP6008138-DNA_F01__pv	3678	3079	425	403	1401	556	368	92	379	458	233	400	240	298	156
LP6008141-DNA_B01_vs_LP6008138-DNA_B01__pv	3089	5013	628	1008	2157	1960	1808	684	1364	1297	2874	0	495	576	0
LP6008141-DNA_B02_vs_LP6008138-DNA_B02__pv	3171	822	401	1228	1338	1736	3225	591	2776	1263	884	378	149	258	374
LP6008141-DNA_B03_vs_LP6008138-DNA_H01__pv	2892	2397	767	505	1058	1820	618	32	1512	1413	337	443	75	480	453
LP6008141-DNA_C01_vs_LP6008138-DNA_C01__pv	3083	2249	582	765	1227	1671	1108	674	2884	1360	1215	576	770	635	57
LP6008141-DNA_C02_vs_LP6008138-DNA_C02__pv	15147	19502	1059	2222	5115	2519	1758	1564	2765	1682	1036	814	127	2140	1014
LP6008141-DNA_C03_vs_LP6008032-DNA_A03__pv	1425	648	893	2556	389	1010	1127	625	1517	1534	886	837	973	890	699
LP6008141-DNA_D01_vs_LP6008138-DNA_D01__pv	1259	2935	306	6208	831	718	0	1473	1942	2434	0	856	11212	1938	1445
LP6008141-DNA_D02_vs_LP6008138-DNA_D02__pv	9860	30596	234	2357	4910	318	392	1108	27	592	2108	2037	6285	7233	816
LP6008141-DNA_E01_vs_LP6008138-DNA_E01__pv	3034	3028	1094	1335	1320	1826	1054	596	1622	1918	439	820	1463	3928	666
LP6008141-DNA_E02_vs_LP6008138-DNA_E02__pv	4959	5330	992	2151	3444	1401	2102	383	1256	242	193	1161	1868	1173	768
LP6008141-DNA_F01_vs_LP6008138-DNA_F01__pv	2593	1983	789	2942	1716	417	585	686	581	535	1260	583	456	751	782
LP6008141-DNA_F02_vs_LP6008138-DNA_F02__pv	13426	20288	499	2247	7146	733	912	1140	1777	1061	2294	632	305	2194	877
LP6008141-DNA_G01_vs_LP6008138-DNA_G01__pv	779	407	691	852	159	1758	1857	549	1030	1098	1542	423	365	241	414
LP6008141-DNA_G02_vs_LP6008138-DNA_G02__pv	7078	7227	81	649	4134	1396	1081	542	2110	2111	1236	660	756	1050	546
LP6008141-DNA_H01_vs_LP6008138-DNA_H01__pv	576	458	927	3397	675	557	329	758	867	1218	953	479	397	1386	926
LP6008141-DNA_H02_vs_LP6008138-DNA_H02__pv	1772	685	201	977	519	1238	1853	700	4753	1610	1235	289	614	241	860
LP6008143-DNA_A01_vs_LP6008144-DNA_A01__pv	3438	5623	643	3106	4715	2942	1215	349	2909	1507	1015	1350	94	336	978
LP6008143-DNA_A02_vs_LP6008144-DNA_A01__pv	2266	3102	685	2329	2212	2722	1057	161	2675	1415	631	1164	215	100	749
LP6008143-DNA_B01_vs_LP6008144-DNA_A01__pv	3221	5204	583	3006	4313	2812	1138	496	2874	1376	924	1149	106	316	949
LP6008143-DNA_B02_vs_LP6008144-DNA_A01__pv	1407	1820	229	787	1781	714	349	14	968	613	247	296	0	151	120
LP6008143-DNA_C01_vs_LP6008144-DNA_A01__pv	6567	6465	664	3616	7316	2941	1261	463	3012	1670	1017	1463	123	372	1124
LP6008143-DNA_C02_vs_LP6008144-DNA_A01__pv	12318	7853	1134	3524	11940	2672	828	637	2944	1651	1031	1442	212	179	1430
LP6008143-DNA_D01_vs_LP6008144-DNA_A01__pv	5307	7202	411	3480	7080	2815	1161	485	2929	1612	1056	1318	28	314	1271
LP6008143-DNA_D02_vs_LP6008144-DNA_A01__pv	5288	6059	632	3487	6561	2813	1126	507	2965	1450	1055	1382	75	256	1321
LP6008143-DNA_E01_vs_LP6008144-DNA_A01__pv	5116	5766	603	3243	6363	2779	1124	372	2868	1617	966	1327	103	283	1083
LP6008143-DNA_E02_vs_LP6008144-DNA_A01__pv	5171	5834	488	3363	6359	2671	1064	507	2838	1650	1015	1243	67	299	1099
LP6008143-DNA_F01_vs_LP6008144-DNA_A01__pv	123	250	41	80	157	102	20	0	144	141	25	0	17	0	76
LP6008143-DNA_F02_vs_LP6008144-DNA_A01__pv	6143	6675	650	3799	7193	2856	1304	494	2980	1592	1042	1427	84	343	1323
LP6008143-DNA_G01_vs_LP6008144-DNA_A01__pv	4040	5043	517	3036	5154	2867	1124	416	2845	1620	863	1210	191	242	847
LP6008143-DNA_G02_vs_LP6008144-DNA_A01__pv	5284	5972	631	3395	6467	2794	1115	460	2931	1600	1047	1335	40	269	1158
LP6008143-DNA_H01_vs_LP6008144-DNA_A01__pv	4577	5110	584	3060	5663	2334	983	378	2551	1446	924	976	42	232	904
LP6008143-DNA_H02_vs_LP6008144-DNA_A01__pv	7053	7028	659	3557	7836	2711	1035	408	2872	1548	1069	1430	60	295	1327
LP6008202-DNA_A01_vs_LP6008201-DNA_A01__pv	2437	1954	90240	32689	3546	14928	26958	7484	2545	4452	5239	1824	4181	3863	807
LP6008202-DNA_A02_vs_LP6008201-DNA_A02__pv	12100	17428	1841	1114	6673	1237	634	261	210	692	2049	722	1884	0	0
LP6008202-DNA_A03_vs_LP6008201-DNA_A03__pv	97	69	214	1372	146	164	0	187	735	145	0	115	1788	535	173
LP6008202-DNA_B01_vs_LP6008201-DNA_B01__pv	6857	10437	318	3153	4740	741	1604	849	2372	2598	552	998	2631	1394	817
LP6008202-DNA_B02_vs_LP6008201-DNA_B02__pv	2299	2454	723	1423	2263	2749	1215	991	3212	1668	1124	984	370	587	3607
LP6008202-DNA_B03_vs_LP6008201-DNA_B03__pv	90	3453	45	203	182	88	37	13	18	94	162	93	61	210	0
LP6008202-DNA_C01_vs_LP6008201-DNA_C01__pv	5295	4694	16834	7760	1153	3855	5948	2118	2591	3414	1950	348	2131	2030	811
LP6008202-DNA_C02_vs_LP6008201-DNA_C02__pv	1083	648	531	301	675	871	716	672	1115	1680	728	348	571	306	262
LP6008202-DNA_C03_vs_LP6008201-DNA_C03__pv	3273	2800	394	741	1616	1657	1369	626	1326	1165	319	637	336	1298	2263
LP6008202-DNA_D01_vs_LP6008201-DNA_D01__pv	0	451	38734	13493	1064	6388	10788	3161	1044	2290	2181	0	1778	1758	0
LP6008202-DNA_D02_vs_LP6008201-DNA_D02__pv	1079	975	693	2408	262	2069	762	383	2086	2214	852	744	1173	583	884
LP6008202-DNA_D03_vs_LP6008201-DNA_D03__pv	4179	2982	125	1143	2732	251	164	495	1099	505	2416	569	2246	187	379
LP6008202-DNA_E01_vs_LP6008201-DNA_E01__pv	5198	6131	291	598	1636	1537	1435	3659	2834	660	0	254	2119	3220	17282
LP6008202-DNA_E02_vs_LP6008201-DNA_E02__pv	2068	1295	2074	1102	867	1472	1560	407	1189	1097	877	222	129	246	245
LP6008202-DNA_E03_vs_LP6008201-DNA_D01__pv	0	408	30394	11444	1217	4712	9518	2647	1626	2091	1636	0	1929	2054	0
LP6008202-DNA_F02_vs_LP6008201-DNA_F02__pv	1806	883	1046	982	1077	1719	2356	310	1482	1002	590	625	472	471	437
LP6008202-DNA_G01_vs_LP6008201-DNA_G01__pv	343	495	4608	1651	517	1478	2187	1445	3402	2254	155	518	700	35	338
LP6008202-DNA_G02_vs_LP6008201-DNA_G02__pv	7486	4905	1185	2768	3929	422	681	470	971	1000	1024	758	1037	692	904
LP6008202-DNA_H01_vs_LP6008201-DNA_H01__pv	3595	6701	11123	5086	5013	2986	4334	1151	1226	1862	1759	524	764	797	0
LP6008202-DNA_H02_vs_LP6008201-DNA_H02__pv	3939	1962	727	1146	2105	987	1066	732	732	2327	1551	146	1192	553	452
LP6008208-DNA_A01_vs_LP6008203-DNA_A01__pv	0	4	640	646	0	914	381	113	734	766	413	358	324	301	379
LP6008208-DNA_A02_vs_LP6005979-DNA_A01__pv	18948	14140	278	1548	9587	1677	1077	1082	1564	2294	1660	679	1027	1246	1010
LP6008208-DNA_B01_vs_LP6008203-DNA_A01__pv	5	5	104	25	0	70	38	0	42	77	29	0	89	27	47
LP6008208-DNA_B02_vs_LP6005979-DNA_A01__pv	0	1	45	12	0	1	0	4	0	11	4	4	0	13	0
LP6008208-DNA_C01_vs_LP6008203-DNA_A01__pv	0	0	580	676	0	1009	418	298	1226	926	489	474	349	333	371
LP6008208-DNA_C02_vs_LP6005979-DNA_A01__pv	4789	4696	140	0	1729	2457	3377	1347	1882	2031	1771	899	708	625	2636
LP6008208-DNA_D01_vs_LP6008203-DNA_A01__pv	0	2	662	517	0	1012	423	128	634	997	391	437	290	346	303
LP6008208-DNA_E01_vs_LP6008203-DNA_A01__pv	0	0	631	479	0	1053	427	170	638	951	402	400	286	301	306
LP6008208-DNA_F01_vs_LP6008203-DNA_A01__pv	0	0	657	557	8	995	445	118	586	930	356	491	351	384	306
LP6008208-DNA_G01_vs_LP6008203-DNA_A01__pv	1	11	615	471	7	869	355	78	457	844	392	432	325	294	296
LP6008208-DNA_H01_vs_LP6005979-DNA_A01__pv	4663	4617	167	0	1660	2412	3395	1362	1898	1911	1551	883	667	551	2526
LP6008221-DNA_A01_vs_LP6008220-DNA_A01__pv	14968	8832	558	299	4444	1171	582	154	1093	998	1474	829	439	434	254
LP6008221-DNA_A02_vs_LP6008220-DNA_A02__pv	77	562	1818	2855	946	1431	302	304	4862	1952	683	1716	390	929	1388
LP6008221-DNA_A03_vs_LP6008220-DNA_A03__pv	1381	539	758	1687	184	2675	884	418	3064	1658	1339	517	220	645	456
LP6008221-DNA_A04_vs_LP6008050-DNA_H01__pv	2896	2954	763	6038	1561	956	163	1435	1104	1243	1294	773	214	2629	2210
LP6008221-DNA_B01_vs_LP6008220-DNA_B01__pv	0	94	323	289	57	241	117	91	306	161	114	30	213	145	80
LP6008221-DNA_B02_vs_LP6008220-DNA_B02__pv	1026	2737	880	1802	1067	505	813	261	771	1020	950	417	1073	915	297
LP6008221-DNA_B03_vs_LP6008220-DNA_B03__pv	5558	2625	797	1523	1328	1722	2377	523	1425	690	1115	580	176	741	917
LP6008221-DNA_C01_vs_LP6008220-DNA_C01__pv	8805	8689	915	978	3767	1761	1130	635	1208	3040	632	1424	2985	2377	424
LP6008221-DNA_C02_vs_LP6008220-DNA_C02__pv	226	103	486	1043	19	1256	406	211	662	571	355	245	283	134	568
LP6008221-DNA_C03_vs_LP6008220-DNA_C03__pv	1316	1141	309	1945	770	1091	764	540	1412	1218	984	276	670	913	859
LP6008221-DNA_D01_vs_LP6008220-DNA_D01__pv	5390	4771	1590	2757	3477	2976	5076	571	2510	1546	502	871	2125	1593	837
LP6008221-DNA_D02_vs_LP6008220-DNA_D02__pv	5650	3479	777	1189	1610	910	611	235	1587	1717	432	607	3329	358	254
LP6008221-DNA_D03_vs_LP6008220-DNA_D03__pv	7036	14051	2072	1544	3161	1015	1322	438	150	1858	1828	1306	433	2612	800
LP6008221-DNA_E01_vs_LP6008220-DNA_E01__pv	12716	6973	309	1579	11177	422	1163	635	817	1402	888	620	0	358	537
LP6008221-DNA_E02_vs_LP6008220-DNA_E02__pv	13387	8838	853	1013	5900	899	755	262	962	1619	760	723	623	1038	124
LP6008221-DNA_E03_vs_LP6008220-DNA_E03__pv	11740	10361	1641	2065	4153	1714	3126	766	1551	1594	1223	1098	406	1547	482
LP6008221-DNA_F01_vs_LP6008220-DNA_F01__pv	1994	1029	888	2681	1543	523	940	754	1005	1461	860	299	257	554	890
LP6008221-DNA_F02_vs_LP6008220-DNA_F02__pv	2852	0	8191	0	600	0	647	30303	7	6175	2453	2886	1707	1816	1166
LP6008221-DNA_F03_vs_LP6008220-DNA_F03__pv	6713	7317	1220	2267	4484	1492	1676	2300	2078	3791	1236	791	27	2129	860
LP6008221-DNA_G01_vs_LP6008220-DNA_G01__pv	34	22	1044	1902	74	481	628	84	351	1272	1017	554	457	357	652
LP6008221-DNA_G02_vs_LP6008220-DNA_G02__pv	3084	1777	329	1486	995	1496	1320	971	3817	1203	1026	400	319	1495	592
LP6008221-DNA_G03_vs_LP6008220-DNA_H02__pv	450	552	364	425	236	524	219	32	411	302	310	184	215	217	159
LP6008221-DNA_H01_vs_LP6008220-DNA_H01__pv	1077	1500	537	0	954	2322	2249	73	889	878	2803	1004	2479	290	217
LP6008221-DNA_H02_vs_LP6008220-DNA_H02__pv	1388	1195	1123	5162	414	1109	509	961	2061	791	1128	822	1097	2712	1618
LP6008221-DNA_H03_vs_LP6008220-DNA_D03__pv	1182	954	311	347	281	454	234	0	499	423	104	218	164	174	45
LP6008267-DNA_A01_vs_LP6008266-DNA_A01__pv	17312	12172	465	992	9537	2278	1550	156	2147	1879	856	893	741	712	437
LP6008267-DNA_A02_vs_LP6008266-DNA_G01__pv	929	727	947	1210	197	1575	727	412	2098	1011	502	244	361	611	601
LP6008267-DNA_B01_vs_LP6008266-DNA_B01__pv	24593	27805	1976	215	7529	1773	1004	642	764	1716	1288	876	1177	3688	635
LP6008267-DNA_B02_vs_LP6008266-DNA_H01__pv	7017	4675	882	1229	3069	1804	781	1291	1905	2523	1398	654	703	4102	1314
LP6008267-DNA_C01_vs_LP6008266-DNA_C01__pv	9264	2524	779	1438	3050	1803	3411	718	2181	2169	856	792	566	221	642
LP6008267-DNA_C02_vs_LP6008266-DNA_H01__pv	1147	318	742	1056	107	1717	358	125	1069	838	636	376	160	341	305
LP6008267-DNA_D01_vs_LP6008201-DNA_F01__pv	1339	796	833	1754	614	639	460	878	782	1468	1073	138	582	880	595
LP6008267-DNA_D02_vs_LP6008266-DNA_A02__pv	1504	518	207	3756	392	376	11837	3280	2014	0	4144	1511	481	1159	381
LP6008267-DNA_E01_vs_LP6008266-DNA_D01__pv	3712	2507	415	925	1630	1663	934	1017	2112	2349	738	477	787	1138	471
LP6008267-DNA_E02_vs_LP6008266-DNA_A02__pv	2385	889	529	2980	348	604	854	1020	2112	3397	751	1177	685	1014	1033
LP6008267-DNA_F01_vs_LP6008266-DNA_E01__pv	9837	8206	1151	1285	3535	1278	787	464	1003	2408	1091	501	768	1809	728
LP6008267-DNA_G01_vs_LP6008266-DNA_F01__pv	438	882	39	649	0	480	0	2332	1207	267	1872	22	6323	921	4307
LP6008267-DNA_H01_vs_LP6008266-DNA_G01__pv	505	863	479	1788	564	2344	1180	1297	1911	2041	1050	497	973	412	1102
LP6008269-DNA_A02_vs_LP6008268-DNA_C02__pv	141	140	716	667	51	784	361	42	697	288	397	323	107	122	254
LP6008269-DNA_A03_vs_LP6008268-DNA_C03__pv	61286	54563	0	0	22130	310	551	0	189	533	436	1157	1731	0	0
LP6008269-DNA_A04_vs_LP6008268-DNA_C04__pv	1188	802	743	421	225	905	452	31	778	447	352	343	162	296	308
LP6008269-DNA_A05_vs_LP6008268-DNA_C05__pv	2115	1489	810	964	301	2959	1440	183	2851	821	1264	619	373	83	412
LP6008269-DNA_A06_vs_LP6008268-DNA_B06__pv	69	263	418	819	333	1329	485	473	944	1302	695	304	386	747	223
LP6008269-DNA_A08_vs_LP6008268-DNA_A08__pv	5915	3182	1077	220	1864	1512	2240	437	2231	1848	913	393	607	349	687
LP6008269-DNA_A09_vs_LP6008268-DNA_A09__pv	1649	1198	894	937	591	1874	1071	254	2292	1850	781	384	509	373	476
LP6008269-DNA_A10_vs_LP6008268-DNA_A10__pv	791	951	1193	1833	359	1932	904	224	2168	929	590	814	711	781	2332
LP6008269-DNA_B02_vs_LP6008268-DNA_D02__pv	1207	681	658	752	394	1620	686	205	1164	1228	626	594	171	304	405
LP6008269-DNA_B03_vs_LP6008268-DNA_D03__pv	315	703	726	269	443	897	340	0	471	480	305	231	74	801	180
LP6008269-DNA_B05_vs_LP6008268-DNA_D05__pv	7278	3544	1069	1277	3640	1014	1391	458	2255	1489	1100	777	467	679	343
LP6008269-DNA_B06_vs_LP6008268-DNA_C06__pv	13195	8389	269	608	8517	2353	3006	1969	2238	3425	1460	255	631	352	414
LP6008269-DNA_B07_vs_LP6008268-DNA_B07__pv	61	35	1523	1598	0	652	740	0	688	807	524	707	279	239	674
LP6008269-DNA_B08_vs_LP6008268-DNA_B08__pv	4463	1598	583	464	1189	716	492	355	742	699	238	56	391	479	620
LP6008269-DNA_B09_vs_LP6008268-DNA_B09__pv	877	333	1147	1307	647	2589	1295	0	2518	1155	805	802	483	505	422
LP6008269-DNA_B10_vs_LP6008268-DNA_B10__pv	1652	2839	0	1549	1703	1041	1682	3350	3799	4897	1452	298	804	1187	1263
LP6008269-DNA_C04_vs_LP6008268-DNA_E04__pv	1665	1324	504637	159281	21610	104756	168522	33583	9087	0	1829	32748	28458	0	9694
LP6008269-DNA_C05_vs_LP6008268-DNA_E05__pv	9553	6802	75	728	1984	1769	346	1066	1661	2418	722	675	503	1345	901
LP6008269-DNA_C06_vs_LP6008268-DNA_D06__pv	638	841	1763	4919	806	645	518	260	1465	967	742	1049	196	809	3683
LP6008269-DNA_C07_vs_LP6008268-DNA_C07__pv	1903	883	979	1527	1022	2655	2548	227	2151	1228	1831	651	645	396	795
LP6008269-DNA_C08_vs_LP6008268-DNA_C08__pv	5200	8332	590	3234	3647	1227	1382	1302	3468	3173	1077	903	578	830	518
LP6008269-DNA_C09_vs_LP6008268-DNA_C09__pv	7208	8734	294	733	3950	461	664	106	593	989	565	608	944	1455	338
LP6008269-DNA_C10_vs_LP6008268-DNA_C10__pv	2307	2001	759	550	407	2195	754	84	731	1126	384	344	176	314	405
LP6008269-DNA_D02_vs_LP6008268-DNA_F02__pv	2049	1693	1376	1207	642	1637	1779	594	1485	2514	897	761	1169	632	751
LP6008269-DNA_D03_vs_LP6008268-DNA_F03__pv	3545	1632	1316	1165	992	4154	1474	265	2185	1305	484	5	536	245	542
LP6008269-DNA_D04_vs_LP6008268-DNA_F04__pv	489	240	477	243	168	1076	253	113	784	657	431	27	66	173	181
LP6008269-DNA_D05_vs_LP6008268-DNA_F05__pv	0	1891	1922	1103	2233	6117	2588	24578	1530	1060	810	16807	262	0	746
LP6008269-DNA_D06_vs_LP6008268-DNA_E06__pv	1853	1527	775	904	253	1471	613	650	1484	1165	741	211	251	1062	700
LP6008269-DNA_D07_vs_LP6008268-DNA_D07__pv	4583	4940	556	1320	2063	1887	1112	497	2906	2198	818	861	533	757	580
LP6008269-DNA_D08_vs_LP6008268-DNA_D08__pv	48535	41474	1115	1641	8291	995	456	557	1439	98	526	1863	1401	1929	1015
LP6008269-DNA_D09_vs_LP6008268-DNA_D09__pv	0	2122	503767	160644	22015	104989	166992	35948	10290	0	1756	34760	29591	0	11063
LP6008269-DNA_D10_vs_LP6008268-DNA_D10__pv	2767	3020	975	3649	985	1220	1091	837	2675	1860	1285	2677	794	2109	791
LP6008269-DNA_E01_vs_LP6008268-DNA_E01__pv	1733	879	422	1279	670	1331	885	1361	2285	2260	625	102	313	494	433
LP6008269-DNA_E02_vs_LP6008268-DNA_G02__pv	4981	5166	396	185	1008	1484	638	552	802	1460	1596	517	1260	988	1277
LP6008269-DNA_E03_vs_LP6008268-DNA_G03__pv	662	1178	718	1152	42	1859	754	0	1406	1505	488	779	354	777	364
LP6008269-DNA_E04_vs_LP6008268-DNA_G04__pv	16288	11534	1051	574	6905	1480	828	364	3156	2051	1048	792	725	740	54
LP6008269-DNA_E06_vs_LP6008268-DNA_F06__pv	76	184	1145	743	188	517	595	139	496	897	808	570	0	490	515
LP6008269-DNA_E07_vs_LP6008268-DNA_E07__pv	6469	1503	8501	3468	3370	16491	2231	41002	4299	8612	1523	1672	147	1439	458
LP6008269-DNA_E08_vs_LP6008268-DNA_E08__pv	2579	2830	721	1822	968	737	738	950	1136	1152	705	721	967	1227	580
LP6008269-DNA_E09_vs_LP6008268-DNA_E09__pv	243	130	558	878	127	764	409	93	307	679	537	490	225	481	334
LP6008269-DNA_E10_vs_LP6008268-DNA_E10__pv	5710	3128	818	2481	1989	1347	2024	725	2155	1437	1068	626	722	1777	975
LP6008269-DNA_F01_vs_LP6008268-DNA_H01__pv	536	281	543	422	191	606	304	91	357	422	142	71	107	93	118
LP6008269-DNA_F02_vs_LP6008268-DNA_H02__pv	2545	1308	746	1915	855	889	945	758	1281	1749	1304	307	393	753	726
LP6008269-DNA_F03_vs_LP6008268-DNA_H03__pv	3363	0	1013	649	854	1000	1550	1142	2525	2214	2921	668	394	120	482
LP6008269-DNA_F04_vs_LP6008268-DNA_H04__pv	956	567	832	793	77	1625	692	0	2032	600	675	730	680	492	249
LP6008269-DNA_F06_vs_LP6008268-DNA_G06__pv	1323	694	1046	1682	399	1317	631	230	1213	1081	391	364	458	387	534
LP6008269-DNA_F07_vs_LP6008268-DNA_F07__pv	24	80	568	243	30	1413	149	0	20	257	115	338	291	378	582
LP6008269-DNA_F08_vs_LP6008268-DNA_F08__pv	8763	2180	765	1794	3147	675	1158	304	1171	1069	657	517	1109	1248	1371
LP6008269-DNA_F09_vs_LP6008268-DNA_F09__pv	1040	811	854	1675	448	1624	372	441	1046	1807	1119	972	280	635	902
LP6008269-DNA_G01_vs_LP6008268-DNA_A02__pv	2548	6608	626	934	1632	529	185	116	287	195	292	227	155	368	303
LP6008269-DNA_G02_vs_LP6008268-DNA_A03__pv	1824	878	871	850	693	1412	1854	285	1109	1161	835	288	549	375	381
LP6008269-DNA_G03_vs_LP6008268-DNA_A04__pv	11528	15629	397	1775	7092	1457	354	671	1778	953	1084	853	635	785	264
LP6008269-DNA_G04_vs_LP6008268-DNA_A05__pv	621	634	633	523	364	1570	427	172	390	1222	436	468	221	94	375
LP6008269-DNA_G06_vs_LP6008268-DNA_H06__pv	10665	14236	437	1297	4237	2788	982	148	1185	1622	1188	590	1289	1232	1305
LP6008269-DNA_G07_vs_LP6008268-DNA_G07__pv	7203	6630	433	606	951	685	333	416	446	823	374	407	317	401	159
LP6008269-DNA_G08_vs_LP6008268-DNA_G08__pv	2337	2489	850	1898	1486	1354	423	684	933	1372	1091	609	320	551	1066
LP6008269-DNA_G09_vs_LP6008268-DNA_G09__pv	1	2	38	10	0	13	7	0	7	0	0	23	0	0	0
LP6008269-DNA_H01_vs_LP6008268-DNA_B02__pv	59	31	385	201	0	325	135	0	43	103	82	0	18	0	122
LP6008269-DNA_H02_vs_LP6008268-DNA_B03__pv	10376	11024	204	782	8779	1955	1739	440	836	2137	956	393	456	120	639
LP6008269-DNA_H03_vs_LP6008268-DNA_B04__pv	1025	1956	501	733	157	1972	420	179	679	1533	442	441	1208	796	470
LP6008269-DNA_H05_vs_LP6008268-DNA_A06__pv	2488	2112	1489	2630	2402	2529	1433	936	2432	2619	3033	596	951	1114	911
LP6008269-DNA_H06_vs_LP6008268-DNA_A07__pv	5739	1982	1208	1292	2049	1055	969	618	1645	2407	1754	1157	390	1470	711
LP6008269-DNA_H07_vs_LP6008268-DNA_H07__pv	3483	8957	257	75	1656	874	606	525	897	2012	1159	174	235	1097	74
LP6008269-DNA_H08_vs_LP6008268-DNA_H08__pv	1254	838	0	799	1060	1029	2318	657	1402	1396	1080	736	2630	9317	1961
LP6008269-DNA_H09_vs_LP6008268-DNA_H09__pv	1646	20600	13	1109	22338	479	989	600	89	0	4528	408	229	2673	909
LP6008280-DNA_A01_vs_LP6008264-DNA_A01__pv	2131	2018	804	1184	801	1353	1255	588	2270	1805	892	591	627	349	440
LP6008280-DNA_A02_vs_LP6008264-DNA_A02__pv	3323	1859	431	1846	1874	478	569	308	1178	585	246	661	399	386	282
LP6008280-DNA_A03_vs_LP6008264-DNA_A03__pv	1141	625	866	572	418	4235	2808	310	1919	1326	861	901	712	388	1189
LP6008280-DNA_A04_vs_LP6008264-DNA_H03__pv	1465	4208	747	849	1222	476	603	467	409	801	0	340	1550	3307	522
LP6008280-DNA_A05_vs_LP6008264-DNA_H04__pv	1847	385	604	303	252	584	337	6	696	362	248	263	60	443	291
LP6008280-DNA_A07_vs_LP6008264-DNA_H06__pv	2195	952	631	430	759	592	306	90	494	531	311	492	187	165	135
LP6008280-DNA_B01_vs_LP6008264-DNA_B01__pv	0	1929	754	0	1053	8390	194	27592	3266	2102	1167	0	781	0	2623
LP6008280-DNA_B02_vs_LP6008264-DNA_B02__pv	64	0	781	470	22	1763	602	352	793	1180	551	391	135	0	542
LP6008280-DNA_B03_vs_LP6008264-DNA_B03__pv	388	165	424	163	236	1643	846	300	1443	618	1393	301	2494	555	618
LP6008280-DNA_B04_vs_LP6008264-DNA_A04__pv	13	0	77	20	14	0	4	0	3	0	6	34	4	0	0
LP6008280-DNA_B05_vs_LP6008264-DNA_A05__pv	5817	4630	1904	1680	2198	1917	1423	368	4909	2323	441	1052	724	861	427
LP6008280-DNA_C01_vs_LP6008264-DNA_C01__pv	21234	8076	1166	1855	3916	1778	1997	164	1403	1389	693	1624	877	875	1514
LP6008280-DNA_C02_vs_LP6008264-DNA_C02__pv	8734	8342	1307	605	3283	1292	1156	288	684	1504	1498	954	2519	1509	320
LP6008280-DNA_C03_vs_LP6008264-DNA_C03__pv	1709	1513	324	0	516	1752	478	1175	6072	690	4038	274	13300	267	2152
LP6008280-DNA_C04_vs_LP6008264-DNA_B04__pv	0	0	100	9	28	4	25	14	0	0	0	40	8	0	1
LP6008280-DNA_C05_vs_LP6008264-DNA_B05__pv	1300	907	1203	916	612	1718	609	176	920	894	423	656	314	442	512
LP6008280-DNA_C06_vs_LP6008264-DNA_B06__pv	3323	4210	618	345	2145	712	324	0	624	544	287	455	175	345	145
LP6008280-DNA_D02_vs_LP6008264-DNA_D02__pv	5360	3086	1188	1361	2925	369	1770	609	973	1027	832	673	759	751	646
LP6008280-DNA_D03_vs_LP6008264-DNA_H01__pv	0	3	129	15	0	76	40	0	1	64	5	19	11	0	21
LP6008280-DNA_D05_vs_LP6008264-DNA_E04__pv	2375	2157	966	327	875	1076	573	95	566	469	275	354	480	345	262
LP6008280-DNA_E01_vs_LP6008264-DNA_E01__pv	9826	0	967	1675	2575	1492	1991	550	2093	1849	984	443	392	371	926
LP6008280-DNA_E02_vs_LP6008264-DNA_E02__pv	7610	9684	1389	2143	4896	1657	2308	394	1753	1248	528	1007	2201	671	591
LP6008280-DNA_E03_vs_LP6008264-DNA_D03__pv	3990	3136	220	487	1375	617	689	434	656	653	536	19	132	640	245
LP6008280-DNA_E04_vs_LP6008264-DNA_D04__pv	7525	3078	1319	1016	1717	3737	990	141	4020	1633	770	957	492	703	287
LP6008280-DNA_E05_vs_LP6008264-DNA_D05__pv	2350	5277	601	386	1111	591	74	0	142	257	249	238	196	351	418
LP6008280-DNA_F01_vs_LP6008264-DNA_F01__pv	9272	4340	2211	4004	4236	1165	3074	1059	2456	2471	1522	1170	740	2866	1532
LP6008280-DNA_F02_vs_LP6008264-DNA_F02__pv	3659	2957	1435	1548	958	3073	1415	463	1807	2847	585	1528	365	1149	751
LP6008280-DNA_F03_vs_LP6008264-DNA_E03__pv	17518	20779	960	737	6900	1069	1365	307	1054	1057	1323	1164	712	1188	279
LP6008280-DNA_F05_vs_LP6008264-DNA_E05__pv	1847	2201	467	700	781	936	1057	377	1112	884	349	520	297	404	262
LP6008280-DNA_F06_vs_LP6008264-DNA_E06__pv	3003	2008	848	558	1542	2384	773	106	1432	1175	220	679	269	336	223
LP6008280-DNA_G01_vs_LP6008264-DNA_G01__pv	299	502	339	55	114	43	64	88	53	0	0	76	69	56	45
LP6008280-DNA_G02_vs_LP6008264-DNA_G02__pv	187	223	683	819	320	811	389	463	1177	1567	553	615	493	311	419
LP6008280-DNA_G03_vs_LP6008264-DNA_F03__pv	644	391	527	978	270	1369	1429	536	1100	1120	399	510	147	152	390
LP6008280-DNA_G04_vs_LP6008264-DNA_F04__pv	1183	698	933	164	394	972	1203	144	833	478	1320	661	435	232	303
LP6008280-DNA_G05_vs_LP6008264-DNA_F05__pv	2941	2021	1026	517	592	2208	953	146	1891	1362	764	848	296	958	200
LP6008280-DNA_G06_vs_LP6008264-DNA_F06__pv	52	25	420	381	31	469	220	0	292	392	166	118	73	31	120
LP6008280-DNA_H01_vs_LP6008264-DNA_H01__pv	1306	926	605	1893	614	1823	684	689	1966	1420	945	941	186	355	836
LP6008280-DNA_H02_vs_LP6008264-DNA_H02__pv	9412	9187	222	726	4960	781	904	1468	1447	3249	1978	269	1492	5789	646
LP6008280-DNA_H04_vs_LP6008264-DNA_G04__pv	5753	2268	1066	960	1728	2647	1310	392	1610	1423	734	915	412	337	545
LP6008280-DNA_H05_vs_LP6008264-DNA_G05__pv	3071	687	826	531	1210	975	710	286	991	677	159	341	320	208	326
LP6008280-DNA_H06_vs_LP6008264-DNA_G06__pv	8921	7581	1092	839	3278	1109	660	225	3130	1149	506	616	941	753	374
LP6008334-DNA_A01_vs_LP6008335-DNA_A01__pv	41272	41953	774	0	49629	52	0	246	0	1054	649	1547	290	1371	0
LP6008334-DNA_A03_vs_LP6008335-DNA_E02__pv	3623	3986	532	1178	1046	1401	1029	1186	2725	2421	4997	1189	4293	551	695
LP6008334-DNA_A04_vs_LP6008335-DNA_E03__pv	1820	1208	640	2433	571	2697	1263	1276	3090	3304	680	797	635	874	783
LP6008334-DNA_B01_vs_LP6008335-DNA_B01__pv	3402	2946	820	1470	1589	1716	2466	285	1740	1127	1073	615	11	436	646
LP6008334-DNA_B02_vs_LP6008335-DNA_F01__pv	2931	2011	757	1791	1338	679	1182	522	2308	816	502	327	548	959	317
LP6008334-DNA_B03_vs_LP6008335-DNA_F02__pv	23285	29363	6432	1669	12764	23444	4989	68334	4173	14963	2438	19890	0	2655	0
LP6008334-DNA_C01_vs_LP6008335-DNA_C01__pv	3104	1506	843	2562	739	1950	1240	559	2228	1407	939	907	616	605	774
LP6008334-DNA_C02_vs_LP6008335-DNA_G01__pv	2114	3121	1022	1476	830	1666	3102	694	4680	0	4357	937	1903	970	505
LP6008334-DNA_C03_vs_LP6008335-DNA_G02__pv	2540	3123	835	2388	498	2243	826	659	809	1967	910	2343	946	3987	1471
LP6008334-DNA_D01_vs_LP6008335-DNA_D01__pv	3062	1237	886	1128	1406	1117	925	0	1627	836	849	1016	921	480	384
LP6008334-DNA_D02_vs_LP6008335-DNA_H01__pv	3566	7218	819	3044	3760	675	902	1037	1621	4331	602	857	1711	2273	678
LP6008334-DNA_D03_vs_LP6008335-DNA_H02__pv	9893	5881	1025	5330	3988	960	842	2338	9546	2901	604	1038	1854	1581	2130
LP6008334-DNA_E01_vs_LP6008335-DNA_A01__pv	2436	2327	399	142	430	495	296	64	266	625	13	154	1299	480	82
LP6008334-DNA_E02_vs_LP6008335-DNA_A02__pv	3309	2133	946	1739	1640	952	1475	481	2260	1309	747	902	453	810	481
LP6008334-DNA_E03_vs_LP6008335-DNA_A03__pv	2099	2935	0	4519	1803	2209	2474	2696	2481	3067	1423	0	331	1051	1444
LP6008334-DNA_F01_vs_LP6008335-DNA_B01__pv	565	360	828	726	39	3413	1091	402	3975	2405	366	497	330	551	470
LP6008334-DNA_F02_vs_LP6008335-DNA_B02__pv	4984	2610	484	715	1788	980	1339	238	1723	771	621	488	136	493	390
LP6008334-DNA_F03_vs_LP6008335-DNA_B03__pv	608	237	371	1769	91	2375	480	467	1657	1771	919	429	119	331	926
LP6008334-DNA_G01_vs_LP6008335-DNA_C01__pv	1072	644	337	448	372	630	336	388	761	528	255	51	98	174	268
LP6008334-DNA_G02_vs_LP6008335-DNA_C02__pv	2382	2678	549	2104	2146	971	1022	646	1420	797	1005	445	600	820	645
LP6008334-DNA_G03_vs_LP6008335-DNA_C03__pv	0	0	1039	555	0	1388	651	357	850	1242	974	151	867	149	476
LP6008334-DNA_H01_vs_LP6008335-DNA_D01__pv	1562	824	953	1448	733	1013	996	751	1630	1163	662	629	270	323	395
LP6008334-DNA_H02_vs_LP6008335-DNA_D02__pv	1488	1092	913	4103	465	1771	1751	785	1660	1315	671	1058	374	1270	1121
LP6008334-DNA_H03_vs_LP6008335-DNA_D03__pv	4770	6850	148	967	2224	1977	530	778	733	4647	2880	122	1584	1839	1172
LP6008336-DNA_A01_vs_LP6008333-DNA_A01__pv	4	110	809	1807	250	1182	357	763	1700	3360	489	37	479	710	654
LP6008336-DNA_A02_vs_LP6008333-DNA_A02__pv	0	0	911	567	19	1118	454	51	588	753	571	460	262	313	389
LP6008336-DNA_A03_vs_LP6008333-DNA_A03__pv	33	35	413	1035	63	403	306	93	694	236	442	281	142	83	358
LP6008336-DNA_B01_vs_LP6008333-DNA_B01__pv	429	289	654	1169	77	1075	595	196	935	969	815	267	472	259	417
LP6008336-DNA_B02_vs_LP6008333-DNA_B02__pv	1561	1881	745	558	259	1676	567	47	368	644	945	710	531	549	271
LP6008336-DNA_B03_vs_LP6008333-DNA_B03__pv	42	18	415	212	16	352	108	0	39	227	95	116	37	11	132
LP6008336-DNA_C01_vs_LP6008333-DNA_C01__pv	477	160	560	1842	352	762	1254	996	3858	2128	0	878	1697	964	272
LP6008336-DNA_C02_vs_LP6008333-DNA_C02__pv	1908	1186	373	254	940	472	161	191	896	724	250	106	133	284	153
LP6008336-DNA_C03_vs_LP6008333-DNA_C03__pv	562	458	715	1206	132	1231	1073	693	1499	1067	971	743	967	925	538
LP6008336-DNA_D01_vs_LP6008333-DNA_D01__pv	2611	0	4130	1683	2520	10868	2557	29881	128	7575	2168	2344	0	1440	2416
LP6008336-DNA_D02_vs_LP6008333-DNA_D02__pv	0	3	113	13	0	20	2	0	0	0	0	0	6	0	14
LP6008336-DNA_D03_vs_LP6008333-DNA_D03__pv	9958	6695	1000	2368	1405	871	829	565	2388	3184	2206	1067	430	3076	2014
LP6008336-DNA_E01_vs_LP6008333-DNA_E01__pv	8504	1824	392	2797	3430	628	1192	888	1571	1218	1614	412	279	506	923
LP6008336-DNA_E02_vs_LP6008333-DNA_E02__pv	16158	16218	1372	755	3258	1866	1049	503	1234	958	700	1005	713	2028	572
LP6008336-DNA_E03_vs_LP6008333-DNA_E03__pv	242	316	551	467	186	579	501	30	153	933	496	264	0	356	151
LP6008336-DNA_F02_vs_LP6008333-DNA_F02__pv	1122	610	307	1435	413	610	602	854	1174	1648	850	132	1557	403	723
LP6008336-DNA_F03_vs_LP6008333-DNA_F03__pv	1160	612	1097	2220	368	2633	3945	817	2108	1349	4201	477	5033	475	1244
LP6008336-DNA_G01_vs_LP6008333-DNA_G01__pv	1576	395	529	1714	874	1304	891	302	1241	633	765	464	0	813	469
LP6008336-DNA_G02_vs_LP6008333-DNA_G02__pv	407	3289	819	2318	2930	343	453	485	325	287	643	632	634	1570	1103
LP6008336-DNA_G03_vs_LP6008333-DNA_G03__pv	2824	1137	600	3361	1059	966	427	1169	3515	1377	862	766	1110	1922	2225
LP6008336-DNA_H01_vs_LP6008333-DNA_H01__pv	2437	1822	959	2341	1252	1495	2338	1062	4066	1598	1130	854	577	874	668
LP6008336-DNA_H02_vs_LP6008333-DNA_H02__pv	0	0	50	1	10	28	7	16	1	0	0	8	2	8	0
LP6008336-DNA_H03_vs_LP6008333-DNA_H03__pv	161	679	382	1033	184	1231	916	830	6068	1202	519	168	660	492	395
LP6008337-DNA_A01_vs_LP6008338-DNA_A01__pv	1137	674	423	515	566	411	417	131	487	487	244	156	200	217	81
LP6008337-DNA_A02_vs_LP6008338-DNA_A02__pv	1070	787	144	0	507	805	1341	527	684	321	0	37	567	355	2021
LP6008337-DNA_A03_vs_LP6008338-DNA_A03__pv	2270	2890	0	3319	1782	1116	395	1250	984	455	588	0	1345	0	1532
LP6008337-DNA_A04_vs_LP6008338-DNA_A04__pv	1184	850	517	310	415	532	300	0	534	435	155	153	142	136	176
LP6008337-DNA_A06_vs_LP6008338-DNA_G05__pv	3264	2358	57	1972	1921	1478	1762	1526	2636	1861	744	341	909	541	803
LP6008337-DNA_A07_vs_LP6008338-DNA_E06__pv	0	0	506	362	0	483	0	409	627	0	1454	353	8632	0	29
LP6008337-DNA_B02_vs_LP6008338-DNA_B02__pv	239	294	668	481	69	683	453	72	435	290	372	218	74	241	223
LP6008337-DNA_B03_vs_LP6008338-DNA_B03__pv	1242	1024	519	548	595	819	477	104	736	891	373	280	200	221	373
LP6008337-DNA_B04_vs_LP6008338-DNA_B04__pv	845	1927	519934	164027	24179	108335	172325	35968	9922	0	0	34102	30074	0	11162
LP6008337-DNA_B05_vs_LP6008338-DNA_A05__pv	2724	1692	666	535	819	768	432	95	771	425	368	215	164	502	199
LP6008337-DNA_B07_vs_LP6008338-DNA_F06__pv	1665	1183	0	3501	1110	1498	477	1649	2862	2490	1678	701	0	678	1747
LP6008337-DNA_C01_vs_LP6008338-DNA_C01__pv	4328	3010	1364	1210	1293	2112	630	131	1500	1490	1250	513	651	772	465
LP6008337-DNA_C02_vs_LP6008338-DNA_C02__pv	45	83	561	429	85	1262	345	174	1363	1254	458	428	347	471	289
LP6008337-DNA_C03_vs_LP6008338-DNA_C03__pv	4771	1995	816	205	1413	2197	901	275	2092	1745	906	809	491	258	372
LP6008337-DNA_C04_vs_LP6008338-DNA_C04__pv	2175	4742	460	421	1482	726	290	92	542	647	194	256	480	962	243
LP6008337-DNA_C05_vs_LP6008338-DNA_B05__pv	3104	1901	572	817	771	955	662	314	1992	1549	265	249	299	492	299
LP6008337-DNA_D01_vs_LP6008338-DNA_D01__pv	563	48	492	441	277	928	394	166	582	665	317	433	72	100	301
LP6008337-DNA_D02_vs_LP6008338-DNA_D02__pv	366	225	393	169	124	342	251	0	233	303	47	208	95	176	128
LP6008337-DNA_D03_vs_LP6008338-DNA_D03__pv	1158	614	1123	1086	413	1690	835	0	1343	1382	653	747	182	333	449
LP6008337-DNA_D04_vs_LP6008338-DNA_D04__pv	565	303	268	358	281	257	368	186	477	372	15	104	103	236	157
LP6008337-DNA_D05_vs_LP6008338-DNA_C05__pv	269	0	433	441	54	1018	279	99	832	654	312	233	64	27	244
LP6008337-DNA_D06_vs_LP6008338-DNA_A06__pv	20038	16634	1816	2823	8969	1396	2461	1465	6744	3760	1552	1335	855	1980	0
LP6008337-DNA_E01_vs_LP6008338-DNA_E01__pv	4938	2844	676	644	1277	959	416	285	1216	558	407	360	146	215	158
LP6008337-DNA_E03_vs_LP6008338-DNA_E03__pv	2646	1733	822	669	1180	816	811	398	936	1061	585	487	308	290	227
LP6008337-DNA_E04_vs_LP6008338-DNA_E04__pv	3850	3701	609	973	1985	1227	747	315	3236	1360	679	773	175	636	143
LP6008337-DNA_E05_vs_LP6008338-DNA_D05__pv	1959	2037	498	366	1063	985	504	129	622	688	276	307	121	191	230
LP6008337-DNA_F01_vs_LP6008338-DNA_F01__pv	241	99	325	198	43	298	299	32	266	299	94	67	99	14	202
LP6008337-DNA_F02_vs_LP6008338-DNA_F02__pv	2362	2014	760	1236	1056	1661	807	620	1576	2090	815	202	509	760	669
LP6008337-DNA_F03_vs_LP6008338-DNA_F03__pv	2633	1807	660	686	732	905	1122	75	1466	945	324	202	73	415	113
LP6008337-DNA_F04_vs_LP6008338-DNA_F04__pv	6361	5265	809	776	3695	3099	1444	0	1922	2712	549	758	30	1054	692
LP6008337-DNA_F05_vs_LP6008338-DNA_E05__pv	3665	3016	1382	1319	1381	3121	2302	446	4784	2961	1351	1423	1055	1642	509
LP6008337-DNA_F06_vs_LP6008338-DNA_C06__pv	12451	8629	794	459	4762	1104	711	282	1380	1087	184	429	864	791	74
LP6008337-DNA_G01_vs_LP6008338-DNA_G01__pv	2369	1579	911	1610	652	2312	1126	278	2292	1572	884	761	309	413	329
LP6008337-DNA_G02_vs_LP6008338-DNA_G02__pv	4169	1714	723	1011	1309	697	581	161	1193	740	500	490	117	223	321
LP6008337-DNA_G03_vs_LP6008338-DNA_G03__pv	5669	3783	570	1322	1544	1556	783	537	2397	1520	838	580	273	667	564
LP6008337-DNA_G04_vs_LP6008338-DNA_G04__pv	4433	228	947	494	505	1651	290	0	854	762	560	647	93	316	369
LP6008337-DNA_G05_vs_LP6008338-DNA_F05__pv	2398	768	713	816	895	477	439	187	907	856	571	465	274	220	341
LP6008337-DNA_G06_vs_LP6008338-DNA_C06__pv	13573	6859	794	839	4437	2167	1164	369	1857	2092	582	656	447	569	367
LP6008337-DNA_H01_vs_LP6008338-DNA_H01__pv	493	378	553	337	141	1029	330	0	660	468	258	288	54	179	89
LP6008337-DNA_H02_vs_LP6008338-DNA_H02__pv	36517	32094	854	1801	13164	1535	272	740	2422	2798	1448	1130	991	1904	351
LP6008337-DNA_H03_vs_LP6008338-DNA_H03__pv	1704	854	1265	1041	320	912	738	168	751	463	344	450	17	231	377
LP6008337-DNA_H04_vs_LP6008338-DNA_H04__pv	2919	4246	604	396	1716	773	441	15	776	775	292	536	426	516	434
LP6008337-DNA_H06_vs_LP6008338-DNA_D06__pv	10114	13397	474	2635	4085	1000	670	1331	1873	2779	853	713	1362	1417	1299
LP6008341-DNA_A01_vs_LP6008340-DNA_A01__pv	3400	2727	742	905	623	2140	806	60	2021	768	521	709	171	530	316
LP6008341-DNA_A03_vs_LP6008340-DNA_F02__pv	4268	5189	516951	163947	23287	108149	173280	35837	11001	0	559	34103	29542	2003	10668
LP6008341-DNA_B01_vs_LP6008340-DNA_B01__pv	8138	10618	1283	904	2350	629	603	551	1100	883	1492	768	1415	2895	685
LP6008341-DNA_B03_vs_LP6008340-DNA_G02__pv	711	502	471	480	415	920	349	102	438	715	429	294	93	152	140
LP6008341-DNA_C01_vs_LP6008340-DNA_C01__pv	4755	3197	688	194	2748	1242	888	98	1115	1023	1144	488	548	309	325
LP6008341-DNA_D01_vs_LP6008340-DNA_D01__pv	10398	8835	854	1119	5470	2214	4311	711	2643	2985	1646	945	893	1310	421
LP6008341-DNA_D02_vs_LP6008340-DNA_A02__pv	0	6	81	29	3	36	2	14	9	0	15	13	11	9	0
LP6008341-DNA_E01_vs_LP6008340-DNA_E01__pv	2533	3646	485	299	1213	464	418	75	767	565	382	339	670	613	160
LP6008341-DNA_E02_vs_LP6008340-DNA_B02__pv	7300	4891	334	674	3170	735	748	385	1759	1758	364	288	399	714	0
LP6008341-DNA_F01_vs_LP6008340-DNA_F01__pv	1971	2177	718	545	861	980	580	121	1572	740	249	489	238	558	288
LP6008341-DNA_F02_vs_LP6008340-DNA_C02__pv	1693	1845	810	1920	868	1144	2076	153	1019	1273	842	615	369	387	704
LP6008341-DNA_G01_vs_LP6008340-DNA_G01__pv	2676	2707	913	1103	1385	1913	1159	627	1624	2108	795	778	360	687	433
LP6008341-DNA_G02_vs_LP6008340-DNA_D02__pv	701	607	750	551	230	994	396	94	619	459	447	238	190	264	237
LP6008341-DNA_H01_vs_LP6008340-DNA_H01__pv	8206	9188	819	1043	3053	1995	1734	1433	3010	6140	892	1095	2717	2527	510
LP6008341-DNA_H02_vs_LP6008340-DNA_E02__pv	2806	3577	584	502	284	913	350	103	747	715	271	504	300	585	292
LP6008460-DNA_A01_vs_LP6008340-DNA_A02__pv	2638	1848	887	1934	954	2978	290	0	444	1065	1197	444	682	1040	680
LP6008460-DNA_A02_vs_LP6008340-DNA_C04__pv	5001	4401	702	490	2480	1977	1227	346	1485	1976	1361	757	583	457	392
LP6008460-DNA_A03_vs_LP6008340-DNA_G04__pv	2264	2952	1275	1461	1872	720	832	771	2340	1538	1725	645	1401	188	414
LP6008460-DNA_A04_vs_LP6008340-DNA_D05__pv	1629	1057	568	2310	450	2641	701	1180	1349	2560	1096	480	595	791	1132
LP6008460-DNA_B01_vs_LP6008340-DNA_A03__pv	533	763	563	925	405	3726	276	391	1085	1543	1920	364	600	82	793
LP6008460-DNA_B02_vs_LP6008340-DNA_D02__pv	4071	2031	971	4828	1905	2166	1123	1417	1860	2935	1613	859	863	1295	1976
LP6008460-DNA_B03_vs_LP6008340-DNA_H03__pv	833	372	841	1245	235	1612	1315	0	1376	586	1521	744	397	362	298
LP6008460-DNA_B04_vs_LP6008340-DNA_F02__pv	2732	6351	462122	146493	18995	91370	148892	30850	10257	0	6159	24442	24160	5888	6686
LP6008460-DNA_C01_vs_LP6008340-DNA_B03__pv	1236	1458	954	3802	814	914	1411	1554	2377	2581	4082	631	2876	56	1626
LP6008460-DNA_C02_vs_LP6008340-DNA_D03__pv	105	127	643	621	119	669	519	482	924	1424	644	157	751	93	203
LP6008460-DNA_C03_vs_LP6008340-DNA_H05__pv	2766	1639	501	1340	644	1287	612	776	456	1189	764	58	231	475	423
LP6008460-DNA_C04_vs_LP6008340-DNA_F03__pv	3247	0	17818	0	2925	13821	2740	50798	1078	9562	847	8126	102	0	0
LP6008460-DNA_D01_vs_LP6008340-DNA_E02__pv	2844	14702	361	2102	0	1072	589	555	778	1408	0	1194	2814	2666	331
LP6008460-DNA_D02_vs_LP6008340-DNA_E03__pv	438	108	0	2231	68	260	494	1319	1068	412	749	0	336	722	2718
LP6008460-DNA_D03_vs_LP6008340-DNA_A05__pv	1372	1316	1073	837	683	1567	915	370	691	1246	1265	301	660	424	544
LP6008460-DNA_E01_vs_LP6008340-DNA_F04__pv	648	1099	823	1546	530	1109	486	214	1299	814	684	321	523	532	591
LP6008460-DNA_E02_vs_LP6008340-DNA_E04__pv	553	4	754	3702	280	1419	910	1321	3462	1299	1431	228	1319	1195	1185
LP6008460-DNA_E03_vs_LP6008340-DNA_B06__pv	1903	889	1144	1351	551	2790	3046	1431	5688	2129	1580	576	583	3123	698
LP6008460-DNA_E04_vs_LP6008340-DNA_H02__pv	2862	1612	814	2238	917	1715	794	746	2114	1483	1423	838	798	631	886
LP6008460-DNA_F01_vs_LP6008340-DNA_B02__pv	7435	5355	826	1419	4070	1462	1113	457	1982	1456	987	833	364	1025	349
LP6008460-DNA_F02_vs_LP6008340-DNA_E05__pv	2424	3659	0	1852	2056	2614	1186	2872	7872	5533	830	969	1385	1488	686
LP6008460-DNA_F03_vs_LP6008340-DNA_C03__pv	26338	18342	705	887	10672	939	393	100	1142	1079	775	1356	651	1402	543
LP6008460-DNA_F04_vs_LP6008340-DNA_H04__pv	2859	1790	1288	5229	943	1909	241	1097	2348	2376	2031	654	411	1477	2096
LP6008460-DNA_G01_vs_LP6008340-DNA_B04__pv	3923	4738	9373	0	3699	12738	3692	50985	0	3690	1064	5414	0	1560	0
LP6008460-DNA_G02_vs_LP6008340-DNA_G02__pv	2258	2007	1	2161	1270	1406	1422	1083	1819	2397	1240	615	357	534	775
LP6008460-DNA_G03_vs_LP6008340-DNA_C05__pv	8419	6916	1004	480	1318	1557	867	1528	1373	2530	871	346	1166	3643	571
LP6008460-DNA_H01_vs_LP6008340-DNA_C02__pv	2093	2224	765	1437	873	1356	2177	17	1042	1265	1020	672	467	495	530
LP6008460-DNA_H02_vs_LP6008340-DNA_G03__pv	3686	2303	640	850	1484	819	705	193	725	726	294	393	310	100	167
LP6008460-DNA_H03_vs_LP6008340-DNA_D04__pv	4973	6591	521	1566	4108	1326	1454	348	1563	1497	1234	342	303	110	659
PD44724a_vs_PD44724b__pv	5902	5925	13	922	3940	2913	1272	693	1873	1788	2057	853	1443	1699	774
PD44725a_vs_PD44725b__pv	2208	2428	852	1029	1093	1601	681	505	1062	1193	467	707	455	594	587
PD44726a_vs_PD44726b__pv	1768	716	407	297	583	700	875	0	1125	193	456	557	182	180	268
PD44727a_vs_PD44727b__pv	8974	3262	709	1589	1515	2039	596	488	451	371	1616	606	353	4356	1012
PD44728a_vs_PD44728b__pv	1372	421	789	2165	762	1477	1467	820	1702	1894	591	902	1724	809	959
PD44729a_vs_PD44729b__pv	340	161	633	1862	291	2332	1279	294	2023	689	1083	1008	96	547	574
PD44730a_vs_PD44730b__pv	3617	2644	1023	2243	1382	1458	1107	444	1414	352	1025	823	591	763	946
PD44731a_vs_PD44731b__pv	630	506	497	1229	178	2522	753	199	914	1107	722	815	593	309	458
PD44732a_vs_PD44732b__pv	115	152	487	282	90	1313	1849	185	782	734	1153	345	0	74	382
PD44733a_vs_PD44733b__pv	0	828	12559	0	714	11653	580	49492	1071	3347	1044	7317	786	0	1313
PD44734a_vs_PD44734b__pv	4491	2997	227	2480	2527	1347	2699	796	1730	1879	1682	781	296	1107	982
PD44735a_vs_PD44735b__pv	2982	1919	533	1720	1139	3091	1430	794	2468	2557	1558	815	427	317	747
PD44736a_vs_PD44736b__pv	1646	2448	586	1811	738	1707	1367	1013	1911	1845	745	1299	584	1941	1096
PD44737a_vs_PD44737b__pv	2506	1695	1443	2086	834	2363	1036	210	3102	1320	589	1174	1296	1223	455
PD44738a_vs_PD44738b__pv	8919	7003	895	3624	2695	2528	832	797	1917	2041	1412	1165	817	5066	1419
PD44739a_vs_PD44739b__pv	3104	2922	650	1886	2725	1402	1149	480	2045	1406	642	561	357	574	507
PD44740a_vs_PD44740b__pv	28223	18914	1415	3639	14008	1136	3321	1192	1254	541	2451	1215	432	0	2941
PD44741a_vs_PD44741b__pv	663	408	1235	1736	458	1320	1451	312	859	717	1474	780	583	805	493
PD44742a_vs_PD44742b__pv	1346	5017	1427	2801	2452	393	913	949	2134	1925	313	2750	4017	1344	744
PD44743a_vs_PD44743b__pv	1660	724	947	2157	901	1577	721	438	2006	0	1607	951	27	546	853
PD44744a_vs_PD44744b__pv	10799	10365	485	0	6422	1816	1399	666	1168	780	6202	510	1157	0	164
PD44745a_vs_PD44745b__pv	13971	7858	38	4135	5749	2627	2957	995	2148	3415	2197	1114	2220	2095	232
PD44746a_vs_PD44746b__pv	271	102	455	667	14	712	411	367	907	1125	430	469	369	186	410
PD44747a_vs_PD44747b__pv	2943	2716	514	1181	1168	1074	797	47	1303	872	416	964	522	796	385
PD44749a_vs_PD44749b__pv	2085	2429	744	983	884	322	617	82	399	475	504	501	819	288	335
PD44751a_vs_PD44751b__pv	783	666	131	134	476	594	168	177	432	369	93	155	111	119	149
PD44752a_vs_PD44752b__pv	1871	571	581	1345	751	1849	857	306	3984	1187	983	645	483	366	451
PD44753a_vs_PD44753b__pv	467	405	1199	1658	341	905	1616	429	804	1100	1026	650	226	562	301
PD44758a_vs_PD44758b__pv	5400	2885	902	722	1329	809	546	391	553	1148	261	596	575	596	278
PD44759a_vs_PD44759b__pv	2468	1634	653	1776	505	1187	754	906	1851	1605	1132	446	152	998	735
PD44760a_vs_PD44760b__pv	1411	2559	970	1777	875	1274	919	176	909	926	81	803	820	858	783
PD44761a_vs_PD44761b__pv	669	394	1281	2575	315	2818	587	214	1566	1175	806	836	360	1005	816
PD44762a_vs_PD44762b__pv	170	84	552	909	34	1025	963	260	384	684	738	464	226	350	211
PD44763a_vs_PD44763b__pv	2124	2039	284	1959	1671	1691	945	758	1800	1192	1380	834	364	636	917
PD44764a_vs_PD44764b__pv	754	682	298	1714	207	1280	110	689	434	1438	677	271	2409	1208	773
PD44765a_vs_PD44765b__pv	13889	22723	465	2679	4367	1751	2621	766	1188	2457	2366	1847	927	1315	991
PD44766a_vs_PD44766b__pv	1308	0	5697	0	3342	18513	0	40046	279	5968	1	15954	639	0	0
PD44767a_vs_PD44767b__pv	6179	12410	2182	2424	2291	708	812	224	968	1246	130	3023	1800	1740	476
PD44769a_vs_PD44769b__pv	257	0	455	2006	27	1088	626	367	872	1109	1130	409	32	26	779
PD44770a_vs_PD44770b__pv	3151	2245	109	0	722	4625	117	14554	435	1056	660	13179	616	223	1127
PD44772a_vs_PD44772b__pv	2942	1115	1005	3131	1320	1653	728	1100	3089	1790	1893	714	2339	2046	1304
PD44773a_vs_PD44773b__pv	3469	2343	1620	2377	1896	5162	1498	0	1059	1121	1055	721	241	131	823
PD44774a_vs_PD44774b__pv	24	261	893	992	103	2040	399	3	115	693	1005	228	600	171	571
PD44775a_vs_PD44775b__pv	229	925	0	0	0	43089	5542	53328	3031	0	437	0	369	0	0
PD44776a_vs_PD44776b__pv	4339	15504	517	4131	7677	824	486	546	721	371	621	1088	2127	1386	1426
PD44777a_vs_PD44777b__pv	727	330	93	1816	514	2025	737	1086	2348	2226	906	398	54	476	564
PD44778a_vs_PD44778b__pv	1379	4840	1490	1833	1234	2130	932	397	474	1584	761	778	1194	2879	828
PD44780a_vs_PD44780b__pv	75	41	619	669	34	879	378	0	1376	287	707	358	5	282	171
PD44781a_vs_PD44781b__pv	12064	7618	252	982	6397	1510	1564	1383	688	3115	3517	796	392	1148	777
PD44782a_vs_PD44782b__pv	13423	15647	10	1426	7284	1391	1123	716	1480	1798	1703	732	2767	1058	690
PD44783a_vs_PD44783b__pv	2920	1188	1565	2218	1110	191	177	812	1363	1041	1169	1158	0	5028	1180
PD44784a_vs_PD44784b__pv	739	341	767	3763	417	2321	1228	852	3624	1343	596	1115	627	986	1056
PD44785a_vs_PD44785b__pv	7799	6554	826	1727	5930	801	1030	624	888	1343	1385	786	352	915	755
PD44786a_vs_PD44786b__pv	835	284	286	311	373	764	552	160	275	813	595	332	158	431	151
PD44787a_vs_PD44787b__pv	842	993	906	1249	177	1995	1007	453	3295	900	912	610	430	974	605
PD44788a_vs_PD44788b__pv	2236	1553	66	2405	1308	1478	1107	1484	3614	2608	985	52	1742	960	712
PD44789a_vs_PD44789b__pv	4090	3404	214	3910	1086	1768	1634	1659	1432	2585	3093	305	633	589	1670
PD44790a_vs_PD44790b__pv	4647	5079	657	1301	1116	799	902	704	1661	957	779	720	640	1492	385
PD44791a_vs_PD44791b__pv	3499	1903	386	207	643	609	300	112	522	652	107	325	47	357	137
PD44792a_vs_PD44792b__pv	8006	11334	669	602	4635	150	2314	498	1634	2009	1061	842	902	934	102
PD44793a_vs_PD44793b__pv	416	248	566	957	110	1548	1124	343	1166	609	696	648	259	203	571
PD44794a_vs_PD44794b__pv	396	82	224	3598	62	909	453	837	1328	582	2055	415	590	598	1461
PD44795a_vs_PD44795b__pv	9544	12302	60	1137	5638	775	162	771	1310	728	818	578	456	701	208
PD44796a_vs_PD44796b__pv	1673	1842	1273	5747	1651	2052	421	1194	1640	1674	1101	1321	1186	945	1696
PD44797a_vs_PD44797b__pv	3234	2424	899	2804	2453	2191	1478	782	4194	3731	1054	2191	1512	1029	1008
PD44798a_vs_PD44798b__pv	1270	514	421	1206	478	1232	974	107	1414	983	413	769	297	307	336
PD44799a_vs_PD44799b__pv	1609	527	951	1204	407	1735	1245	219	1778	1278	599	998	410	459	485
PD44800a_vs_PD44800b__pv	3087	1663	1008	1292	1036	1630	1170	357	2519	1601	945	1074	1025	696	668
PD44801a_vs_PD44801b__pv	4426	2361	623	669	839	2103	1160	398	2416	1170	846	988	22	500	365
PD44802a_vs_PD44802b__pv	125	172	383	637	79	684	499	137	390	452	335	347	65	283	287
PD44803a_vs_PD44803b__pv	4670	3875	1759	2990	1511	2499	1458	661	4451	2434	1479	1582	406	1310	1141
PD44804a_vs_PD44804b__pv	800	773	297	758	567	573	506	259	535	264	351	282	0	210	366
PD44805a_vs_PD44805b__pv	8926	19615	949	228	6158	1383	2880	0	1173	804	2970	1648	1475	465	24
PD44807a_vs_PD44807b__pv	123	212	616	1001	259	783	689	191	231	994	946	137	518	311	442
PD44808a_vs_PD44808b__pv	755	326	517	2901	148	1079	554	586	839	1114	703	842	2540	543	1488
PD44809a_vs_PD44809b__pv	1365	1140	234	2717	360	1726	377	451	1100	2158	1441	526	308	1208	1337
PD44810a_vs_PD44810b__pv	3320	5543	443	1134	4630	2192	3930	1931	1045	395	4991	634	49	994	0
PD44811a_vs_PD44811b__pv	2869	1451	174	932	768	851	665	1038	1100	2253	423	283	766	507	358
PD44813a_vs_PD44813b__pv	2292	3159	658	1472	1161	1321	793	481	637	1328	499	865	708	876	505
PD44814a_vs_PD44814b__pv	734	487	1124	3853	354	1570	525	611	1839	1029	756	1060	600	949	1332
PD44815a_vs_PD44815b__pv	1929	1347	772	981	741	497	788	464	783	1572	395	564	1484	1135	544
PD44816a_vs_PD44816b__pv	1767	660	574	1353	168	2803	1456	613	1919	1583	904	760	239	636	520
PD44817a_vs_PD44817b__pv	0	6	567	2370	177	529	1188	1034	2662	713	1626	206	185	221	1099
PD44818a_vs_PD44818b__pv	5738	5606	711	1161	1261	1022	1511	479	1092	997	542	671	405	915	563
PD44819a_vs_PD44819b__pv	16146	12641	1587	2249	5065	1680	2881	537	2596	1015	730	1800	1148	2245	1127
PD44820a_vs_PD44820b__pv	1508	1025	740	735	291	1427	882	284	1501	1154	512	918	606	623	419
PD44821a_vs_PD44821b__pv	4601	3264	724	692	1205	1599	2111	299	1769	1514	966	930	494	1343	532
PD44823a_vs_PD44823b__pv	864	369	798	861	483	850	855	199	750	840	367	614	736	410	410
PD44824a_vs_PD44824b__pv	2657	3403	973	1604	1286	2772	1046	192	2087	1361	1027	1587	1933	797	896
PD44825a_vs_PD44825b__pv	3898	4575	1741	970	1170	16589	3912	43438	0	13459	4616	19250	0	7414	0
PD44826a_vs_PD44826b__pv	1979	1529	618	1914	855	1953	1683	850	2062	1276	868	887	646	511	835
PD44827a_vs_PD44827b__pv	1202	919	617	775	389	843	562	1334	1305	1661	302	143	700	614	503
PD44828a_vs_PD44828b__pv	8237	6717	526	1109	3728	2258	1105	813	2153	1886	668	548	697	91	777
PD44829a_vs_PD44829b__pv	3856	1004	1746	3910	1252	4149	2459	1461	5858	1481	1462	1732	1095	3263	1713
PD44830a_vs_PD44830b__pv	3561	1568	417	1192	659	2447	1325	632	4903	1131	1231	1125	250	1294	225
PD44831a_vs_PD44831b__pv	15580	12640	1853	0	12185	940	2357	761	0	2541	3442	1169	364	354	332
PD44832a_vs_PD44832b__pv	1569	2453	0	31	0	11768	7566	34582	2732	2138	523	13406	316	0	619
PD44833a_vs_PD44833b__pv	11598	10759	472	3218	6728	915	660	791	1690	1573	950	840	594	165	581
PD44834a_vs_PD44834b__pv	1549	1617	1078	2506	1054	1183	1016	522	542	1082	426	619	1321	635	688
PD44835a_vs_PD44835b__pv	2316	856	572	1414	514	722	809	750	3139	1304	576	384	1410	873	158
PD44836a_vs_PD44836b__pv	1962	2511	803	2643	841	3557	2721	1716	1513	3153	1255	1004	662	2321	1454
PD44837a_vs_PD44837b__pv	807	367	260	377	215	500	814	0	614	377	194	319	75	127	227
PD44838a_vs_PD44838b__pv	538	462	0	6292	300	2596	1256	1255	1990	2744	3690	253	0	290	1655
PD44839a_vs_PD44839b__pv	512	1105	783	1528	242	1748	410	285	974	708	602	1091	2325	1091	502
PD44840a_vs_PD44840b__pv	3232	3062	621	1721	1518	1196	976	339	1107	1126	971	1029	58	834	346
PD44841a_vs_PD44841b__pv	7121	4297	7137	0	3251	11740	2715	36573	658	6028	1424	11193	617	3364	0
PD44842a_vs_PD44842b__pv	0	555	633	683	590	1179	617	220	1210	638	840	620	452	242	358
PD44843a_vs_PD44843b__pv	3684	8726	1020	3279	2402	2774	1249	716	2356	1179	1629	1264	1199	2066	1291
PD44844a_vs_PD44844b__pv	314	169	524	1028	0	1350	798	295	1814	938	388	487	486	362	438
PD44845a_vs_PD44845b__pv	2739	837	1120	580	936	1815	2868	90	2372	869	1214	506	340	360	539
PD44846a_vs_PD44846b__pv	6217	1137	361	764	3354	954	888	934	1534	1190	840	145	54	410	418
PD44847a_vs_PD44847b__pv	2336	1934	648	991	426	2209	943	200	1031	1281	479	661	494	877	663
PD44848a_vs_PD44848b__pv	7714	11620	3199	4574	2483	1039	2499	1330	1477	3451	695	2501	3732	2744	2029
PD44849a_vs_PD44849b__pv	419	374	633	2713	429	1804	2395	1365	3295	1831	1654	795	560	93	1088
PD44850a_vs_PD44850b__pv	3042	6580	1341	1350	2507	2876	1337	0	1111	1558	433	1301	1180	1134	661
PD44851a_vs_PD44851b__pv	2261	1523	410	510	703	1922	690	698	1003	1721	1815	436	1341	755	655
PD44852a_vs_PD44852b__pv	2199	2768	1121	4243	991	2079	452	727	1356	1740	894	1098	443	1061	1752
PD44853a_vs_PD44853b__pv	1817	1762	435	397	739	1837	1093	463	2689	1346	579	600	263	155	305
PD44854a_vs_PD44854b__pv	1813	1893	564	1422	1268	1747	971	601	1469	1761	1447	403	737	1072	517
PD44855a_vs_PD44855b__pv	4508	1316	905	1007	641	1404	944	724	2041	1274	1005	422	442	1143	858
PD44856a_vs_PD44856b__pv	11669	6203	831	843	3984	1973	2935	20	1166	1286	835	1097	247	493	935
PD44857a_vs_PD44857b__pv	11878	11022	841	2251	3878	1047	478	273	962	698	555	1791	682	706	473
PD44859a_vs_PD44859b__pv	3776	6535	3097	158	3714	4874	0	21388	340	3848	188	4359	2343	309	1706
PD44861a_vs_PD44861b__pv	2565	2344	608	2203	2195	1195	2519	1236	2026	2067	1080	637	592	725	634
PD44862a_vs_PD44862b__pv	0	2011	1237	1348	1397	419	834	458	37	505	3888	498	3258	883	357
PD44863a_vs_PD44863b__pv	4547	4139	733	916	454	1783	1026	400	2915	466	1998	698	1186	392	258
PD44864a_vs_PD44864b__pv	6485	5163	851	1360	1609	1008	2023	407	1188	858	1109	743	749	829	485
PD44904a_vs_PD44904b__pv	9209	6644	1710	7151	5978	1528	1311	1678	1531	1770	1886	1195	0	2298	2083
PD44905a_vs_PD44905b__pv	667	754	1177	3481	991	928	1642	753	502	1588	1441	706	1559	962	919
PD44906a_vs_PD44906b__pv	890	1964	421	2526	1906	724	583	682	621	1037	1139	292	0	591	809
PD44908a_vs_PD44908b__pv	4947	6215	647	1756	1355	1451	1047	487	496	1184	1284	1134	160	1060	1039
PD44909a_vs_PD44909b__pv	414	78	791	698	55	2025	604	0	1646	324	498	578	5	368	285
PD44910a_vs_PD44910b__pv	4189	2416	472	947	2014	2028	1059	579	2490	2697	1162	829	669	499	446
PD44912a_vs_PD44912b__pv	25397	9083	2138	1012	1707	1237	2586	904	2622	1990	538	1293	2300	2602	559
PD44913a_vs_PD44913b__pv	590	1116	1262	2617	890	1043	686	277	1281	687	361	974	680	989	901
PD44914a_vs_PD44914b__pv	1296	1642	2074	3332	155	1012	1302	484	1047	1232	560	1328	1821	2396	1054
PD44915a_vs_PD44915b__pv	2173	2778	386	1227	836	716	879	319	2075	1027	316	672	603	618	480
PD44916a_vs_PD44916b__pv	741	468	518	802	98	1342	890	54	719	968	974	541	611	1497	636
PD44917a_vs_PD44917b__pv	33	37	273	747	11	357	309	125	259	103	282	139	342	141	352
PD44918a_vs_PD44918b__pv	2942	2947	447	404	1414	1416	1476	282	1418	1022	888	417	755	229	257
PD44919a_vs_PD44919b__pv	5480	973	887	585	2481	1497	1261	0	1138	935	544	604	493	0	394
PD44920a_vs_PD44920b__pv	6360	4638	611	1271	3538	890	521	534	724	843	871	607	348	614	712
PD44921a_vs_PD44921b__pv	861	1064	221	856	518	548	212	195	197	256	257	283	154	451	304
PD44922a_vs_PD44922b__pv	19498	17423	1118	3303	16716	406	3074	196	1791	1342	3227	1096	1748	1383	579
PD44923a_vs_PD44923b__pv	2419	1289	2435	6314	793	2231	4116	1267	2495	2067	2285	1411	1445	668	2878
PD44924a_vs_PD44924b__pv	617	577	915	1359	253	3021	998	0	1377	1122	456	782	766	496	666
PD44925a_vs_PD44925b__pv	2621	2070	351	3224	1385	1053	1896	1588	3970	1871	1757	609	655	1225	1036
PD44926a_vs_PD44926b__pv	976	552	918	855	104	2308	981	184	1745	1473	706	572	291	257	383
PD44927a_vs_PD44927b__pv	6680	3839	526	657	2781	1704	975	501	1366	1705	517	599	867	326	250
PD44928a_vs_PD44928b__pv	3672	1096	637	1196	1158	2395	1241	795	2898	2627	811	545	109	280	444
PD44929a_vs_PD44929b__pv	5239	3105	601	1499	3001	1825	1043	554	994	1457	794	577	705	586	455
PD44930a_vs_PD44930b__pv	3564	8403	0	3168	1541	1301	1248	883	1480	1952	256	1277	4041	4907	1255
PD44931a_vs_PD44931b__pv	6306	10468	0	277	7044	7252	875	36725	752	3823	1238	21830	296	561	668
PD44932a_vs_PD44932b__pv	8055	1757	448	1724	2374	1140	630	670	1517	1010	798	471	130	96	773
PD44933a_vs_PD44933b__pv	57	0	761	681	95	846	760	190	133	0	1501	293	3462	185	254
PD44934a_vs_PD44934b__pv	36843	8277	2650	1170	11097	515	916	304	2212	686	734	2341	2006	0	162
PD44935a_vs_PD44935b__pv	1173	821	783	2930	691	688	836	757	2053	1899	1114	958	226	507	716
PD44936a_vs_PD44936b__pv	801	819	504	624	409	982	489	137	400	705	300	582	278	514	171
PD44937a_vs_PD44937b__pv	2993	3693	1813	1936	1440	1804	1524	73	1609	1907	2519	1118	1513	1903	1217
PD44938a_vs_PD44938b__pv	3520	3095	234	1062	2492	796	2534	1343	955	1615	623	637	0	518	3105
PD44939a_vs_PD44939b__pv	1304	753	899	1603	709	2013	1220	484	1955	1547	1058	701	823	527	679
PD44941a_vs_PD44941b__pv	1060	427	715	3264	404	1437	1033	417	1899	225	732	995	337	811	731
PD44942a_vs_PD44942b__pv	4031	2255	616	1104	1443	2105	1126	358	1548	1020	684	492	261	231	545
PD44943a_vs_PD44943b__pv	181	255	534	1255	240	997	203	554	1158	997	573	355	10	413	647
PD44944a_vs_PD44944b__pv	3352	1648	505	1601	1425	1371	1177	934	1630	2123	650	578	226	426	886
PD44945a_vs_PD44945b__pv	13547	12240	885	2005	5728	706	703	104	2486	852	0	1484	2069	1479	109
PD44946a_vs_PD44946b__pv	2372	2179	916	1701	692	1858	738	241	1480	1165	160	421	925	797	713
PD44947a_vs_PD44947b__pv	356	250	236	502	313	388	187	91	508	297	267	163	175	225	186
PD44948a_vs_PD44948b__pv	5498	6567	447	1579	1942	1117	772	477	644	863	3506	798	2262	687	907
PD44949a_vs_PD44949b__pv	2344	1541	534	0	1043	1676	1040	314	1036	169	3567	507	554	699	111
PD44950a_vs_PD44950b__pv	661	272	189	299	285	499	417	56	976	604	0	334	396	216	251
PD46225a_vs_PD46225b__pv	2380	2292	530	1689	447	2208	1395	587	3339	1568	1578	978	1288	893	389
PD46226a_vs_PD46226b__pv	1989	0	366	1850	282	3391	1456	520	1680	2254	1309	1142	1107	1419	788
PD46227a_vs_PD46227b__pv	4882	15615	2248	3145	1118	807	518	1815	577	1182	207	1504	2053	12738	1501
PD46228a_vs_PD46228b__pv	8233	3719	653	453	1230	1548	757	0	3289	1200	646	1045	570	232	263
PD46229a_vs_PD46229b__pv	9270	9646	412	2953	2428	1504	640	975	1872	1781	1795	1320	687	1002	1176
PD46230a_vs_PD46230b__pv	1957	1357	658	1101	1251	1203	569	829	2204	1792	1974	552	5378	346	391
PD46231a_vs_PD46231b__pv	120	56	223	992	86	646	241	278	601	678	1234	208	483	122	327
PD46232a_vs_PD46232b__pv	2099	1349	454	1557	843	1156	1592	230	1392	1324	765	334	232	457	322
PD46233a_vs_PD46233b__pv	1290	5590	1843	6310	3294	1602	606	1054	1187	868	296	1542	2425	2683	1100
PD46234a_vs_PD46234b__pv	69	26	801	1063	180	568	820	505	912	1077	653	476	243	502	370
PD46235a_vs_PD46235b__pv	4276	1715	800	940	669	3495	1126	398	1957	1985	1700	698	586	776	526
PD46236a_vs_PD46236b__pv	1717	938	788	1749	720	2339	1169	131	2926	1461	610	1304	359	686	581
PD46237a_vs_PD46237b__pv	13408	2047	1648	4385	3593	2127	1248	1418	1800	1719	1241	906	835	1829	1290
PD46238a_vs_PD46238b__pv	1136	633	1033	5021	708	0	133	1062	860	903	1150	474	329	1295	1431
PD46239a_vs_PD46239b__pv	2278	1839	755	1048	986	1493	690	394	1066	1064	629	585	462	386	397
PD46240a_vs_PD46240b__pv	724	409	792	1346	74	961	964	398	587	872	469	644	32	549	511
PD46241a_vs_PD46241b__pv	13680	6091	1345	3190	4714	3473	883	752	3030	1820	1063	1161	1088	1603	1366
PD46242a_vs_PD46242b__pv	11567	58321	2454	1452	3021	811	2721	997	1937	174	1313	3249	4195	3930	543
PD46243a_vs_PD46243b__pv	522	800	506	2527	621	2028	1410	977	837	1651	2924	909	709	141	1244
PD46244a_vs_PD46244b__pv	240	0	826	381	43	2309	1744	0	1980	256	534	835	101	223	294
PD46245a_vs_PD46245b__pv	0	0	513	3280	360	986	285	828	2433	449	593	495	1853	3607	951
PD46246a_vs_PD46246b__pv	1686	4470	1147	4490	2226	2258	1330	1168	1113	1999	1440	1368	1506	3192	1964
PD46247a_vs_PD46247b__pv	1548	3398	1542	1753	1367	4277	2162	215	1563	1237	1102	1263	920	668	817
PD46248a_vs_PD46248b__pv	14756	9092	1281	204	8130	1338	1727	449	1197	788	1068	1285	564	285	398
PD46249a_vs_PD46249b__pv	9834	6620	814	1300	5984	2431	1916	499	3157	2018	752	1414	280	321	403
PD46250a_vs_PD46250b__pv	150	3	1090	2044	208	342	422	461	426	248	326	405	3466	543	699
PD46251a_vs_PD46251b__pv	240	447	2273	0	457	8389	940	23369	1164	1501	112	3128	463	0	1004
PD46252a_vs_PD46252b__pv	997	2372	0	0	0	789	551	2656	21567	1615	0	0	1744	322	1489
PD46253a_vs_PD46253b__pv	5583	6122	1057	737	972	2746	4000	313	1664	1593	1697	1208	705	1543	561
PD46254a_vs_PD46254b__pv	4828	3737	952	564	2131	1652	2535	243	1760	793	638	600	463	596	324
PD46255a_vs_PD46255b__pv	232	622	769	1115	1282	2443	1045	331	1839	216	1545	403	357	423	756
PD46256a_vs_PD46256b__pv	1323	3098	827	553	165	2059	955	376	861	928	713	926	79	1227	509
PD46257a_vs_PD46257b__pv	161	34	672	365	16	2759	866	404	1817	1182	468	405	449	180	289
PD46258a_vs_PD46258b__pv	3643	2399	626	1936	1431	1076	1557	745	1660	1259	697	329	871	945	735
PD46259a_vs_PD46259b__pv	1738	1989	761	2616	1283	667	1662	483	795	1576	1154	623	979	558	838
PD46260a_vs_PD46260b__pv	183	223	385	604	109	792	349	469	978	1157	2464	561	2065	683	170
PD46261a_vs_PD46261b__pv	319	299	719	948	309	835	355	151	717	768	561	618	303	227	384
PD46262a_vs_PD46262b__pv	673	539	125	778	78	790	418	181	360	512	453	189	592	358	460
PD46263a_vs_PD46263b__pv	4659	1577	649	672	1862	638	1275	82	2720	0	421	767	70	204	280
PD46264a_vs_PD46264b__pv	2741	2104	484	2485	1192	450	1136	585	1467	423	870	610	797	367	705
PD46265a_vs_PD46265b__pv	5531	4498	666	1251	2162	1810	1396	514	1477	1952	1126	605	652	277	599
PD46267a_vs_PD46267b__pv	0	11	52	142	29	45	0	34	5	128	35	6	39	55	21
PD46268a_vs_PD46268b__pv	1611	51	350	1002	619	1470	437	829	1298	1367	1065	149	397	874	744
SLX-16751	1727	1127	365	390	505	865	358	46	662	512	260	336	176	296	186
SLX-16752	4356	8821	786	741	4227	833	505	33	736	583	405	445	239	375	247
SLX-18929	126262	116895	51487	59645	60803	49330	47822	24951	70158	43781	36491	28513	29949	26667	31026
SLX-18949	13629	12550	952	1170	7616	1868	1462	547	1856	1284	718	873	638	544	717
SLX-18950	542	144	611	262	127	382	235	152	327	238	90	101	95	135	183
SM-4AX82_vs_SM-4AWN8__pv	2120	1285	1133	2307	708	1987	909	630	2933	1359	621	322	293	733	760
SM-4AX83_vs_SM-4AWN9__pv	1243	449	479	939	692	350	555	273	626	404	60	140	671	203	213
SM-4AX84_vs_SM-4AWNA__pv	7369	5776	726	1149	3759	1496	858	449	2674	1510	609	672	560	22	421
SM-4AX85_vs_SM-4AWNB__pv	99	392	2158	1943	430	1804	1302	1087	2093	1174	1006	415	734	203	540
SM-4AX86_vs_SM-4AWNC__pv	4103	3421	1206	1228	1305	1039	1872	430	1644	674	487	206	1486	662	385
SM-4AX87_vs_SM-4AWND__pv	46	130	345	464	105	578	514	82	1342	444	259	226	42	238	155
SM-4B295_vs_SM-4AWNE__pv	6976	4631	1466	3350	1969	1217	1811	576	1498	1346	1240	704	923	1521	732
SM-4B296_vs_SM-4AWNF__pv	6275	6535	3028	7855	3513	255	405	1493	1245	1214	4072	1716	5412	1873	2637
SM-4JPP6_vs_SM-4JPUS__pv	1470	721	913	2660	400	1150	851	988	3718	846	1805	867	0	2692	1313
SM-4JPP7_vs_SM-4JPUT__pv	806	948	552	1201	704	1113	429	340	520	1414	702	393	778	535	457
SM-4JPP9_vs_SM-4JPUT__pv	934	953	520	1116	759	1069	406	305	485	1321	679	353	723	548	468
SM-4JPPA_vs_LP6005333-DNA_B01__pv	2567	1311	742	1640	1000	3825	5368	755	4428	3157	1954	986	346	771	872
SM-4JPPB_vs_LP6005333-DNA_B01__pv	2113	1346	943	1385	876	3778	5401	647	4483	2875	1911	1079	399	739	897
SM-4JPPC_vs_LP6005333-DNA_B01__pv	2725	1257	846	1498	1054	3846	5399	713	4479	3039	1908	1039	416	736	837
SM-4JPUV_vs_SM-4JPUS__pv	79	135	245	856	151	563	278	235	527	464	488	293	0	523	276
SM-4JPUW_vs_SM-4JPUS__pv	0	0	2	21	14	7	0	16	0	48	10	0	0	32	0
SM-4JPUX_vs_SM-4JPUT__pv	469	409	925	1087	408	892	572	33	444	1116	635	251	440	657	353
SM-4JPUY_vs_LP6005333-DNA_B01__pv	3578	1996	692	1646	1792	3782	5502	733	4513	3118	2063	1159	289	769	999
SM-4JPUZ_vs_LP6005333-DNA_B01__pv	3520	1932	831	1645	1753	3465	5216	730	4368	3183	2020	893	318	678	956
SM-4JPV1_vs_SM-4JPUS__pv	1268	713	934	2190	253	1033	835	755	3143	771	1528	734	0	2359	1076
SM-4JPV2_vs_SM-4JPUS__pv	1814	1109	870	2423	432	1185	1007	959	3766	1000	1737	778	0	2702	1194
SS6003109_vs_SS6003108__pv	5329	2726	1000	2104	1857	883	1088	358	1563	922	52	482	3807	747	496
SS6003111_vs_SS6003110__pv	2467	2320	945	3335	1669	2306	1282	657	2664	2614	979	712	867	777	774
SS6003113_vs_SS6003112__pv	3674	5932	429	702	741	1263	263	102	1638	503	425	379	363	767	284
SS6003115_vs_SS6003114__pv	8485	7057	558	1305	5056	1225	1323	301	1807	1346	619	414	869	424	476
SS6003117_vs_SS6003116__pv	0	4	182	0	0	1193	0	0	740	0	5637	242	2838	0	0
SS6003119_vs_SS6003118__pv	101	173	400	1234	178	746	467	310	491	692	384	249	134	317	705
SS6003121_vs_SS6003120__pv	1658	26063	809	2300	6631	2062	1004	478	1404	602	417	1153	2029	1747	491
SS6003125_vs_SS6003124__pv	5518	3890	176	1395	816	1121	314	451	1531	974	850	330	289	1211	614
SS6003129_vs_SS6003128__pv	6452	5064	665	2475	3073	2601	2714	604	2674	1708	1849	997	415	1301	633
SS6003131_vs_SS6003130__pv	286	156	533	656	238	1250	795	246	1184	755	409	115	268	176	421
SS6003133_vs_SS6003132__pv	447	89	744	199	147	857	781	35	6108	0	3277	538	1766	62	145
SS6003135_vs_SS6003134__pv	15938	6822	677	672	4248	725	763	173	944	1165	429	947	1310	453	498
SS6003137_vs_SS6003136__pv	1604	924	821	1253	409	1563	829	425	2479	1464	523	768	106	541	696
SS6003149_vs_SS6003148__pv	20008	16474	0	1572	15441	1569	1847	1335	477	957	4617	593	1972	2771	1146
SS6003302_vs_SS6003301__pv	3101	2493	629	1346	758	1167	942	560	1655	1686	965	631	549	1458	560
SS6003303_vs_SS6003301__pv	2115	1815	477	1217	449	895	408	331	1292	1050	685	345	516	796	391
SS6003305_vs_SS6003304__pv	131	168	616	3920	287	971	480	680	751	744	479	259	1592	491	1519
SS6003306_vs_SS6003304__pv	246	221	737	2026	134	920	343	417	548	622	192	123	1035	423	740
SS6003308_vs_SS6003307__pv	780	383	623	448	293	1118	1413	106	824	490	863	239	453	390	345
SS6003309_vs_SS6003307__pv	942	331	679	902	310	1310	1816	159	1120	642	1141	322	673	517	447
SS6003311_vs_SS6003310__pv	162	126	803	285	189	1436	1723	1629	10175	3291	76	359	587	100	293
SS6003312_vs_SS6003310__pv	0	125	490	0	97	1274	1188	1814	9842	3329	44	275	580	86	189
SS6003314_vs_SS6003313__pv	5186	3761	551	718	2849	715	1286	300	852	1081	509	493	1385	252	311
SS6003315_vs_SS6003313__pv	5173	3816	484	737	2912	736	1274	352	831	1097	454	467	1433	245	309
SS6003317_vs_SS6003316__pv	14752	7281	254	1228	5498	1340	2026	570	1626	501	1061	529	263	363	663
SS6003318_vs_SS6003316__pv	14672	7352	268	1411	5528	1347	2109	569	1644	437	1145	604	224	422	652
SS6003320_vs_SS6003319__pv	6035	4923	963	1216	1686	2216	830	412	1398	1475	609	1223	1244	1372	669
SS6003321_vs_SS6003319__pv	5857	4706	822	1261	1645	1992	818	370	1366	1340	421	1246	1097	1335	659
SS6003323_vs_SS6003322__pv	4388	890	812	1498	3067	1910	1548	541	1403	728	1449	597	311	0	461
SS6003324_vs_SS6003322__pv	3218	730	988	1330	2062	1750	1288	349	1180	716	1156	317	402	194	563
