MutationType	SBS96A	SBS96B	SBS96C	SBS96D	SBS96E	SBS96F	SBS96G	SBS96H	SBS96I	SBS96J	SBS96K	SBS96L	SBS96M	SBS96N	SBS96O	SBS96P	SBS96Q	SBS96R	SBS96S	SBS96T
A[C>A]A	0.0008846639753475375	0.002489365466741564	0.0046820905178806245	0.001102042809926238	0.009288502520881594	0.041256037475541234	0.012048523701378237	0.07936888836324214	0.019887677488615738	0.003311053823897965	0.0012389772533817095	0.004330907476796687	0.03667556301504374	0.00717994121068326	0.013322695355396718	0.010630678799003363	0.00098107446428909	0.006800476969920802	0.006530243036903906	0.01009624450874444
A[C>A]C	0.0006029914185325003	0.0008845104821700547	0.006083575520700833	0.0007494011413842729	0.0059721899963915345	0.028768577046692372	0.008505276363874999	0.017299020700156688	0.017117072902114158	0.0007855345963315798	0.000941839560552243	0.0029699980854688618	0.014928732357976114	0.0028640395557111703	0.002104214081897867	0.00799784784624353	0.000789592415339494	0.0031418483315642466	0.0788422321677208	0.0021682622838577357
A[C>A]G	4.1584527959817446e-05	0.00031897300989658107	0.005230046766810119	8.518268058076995e-05	0.0008802959668100811	0.0049021224407479165	0.0022562694826629014	0.003579200616106391	0.0012514789955566325	2.8698525856796626e-05	0.00011541353300020216	5.6105409557501844e-05	0.003065375577076338	0.00016852983517650938	0.0009006495468176765	0.0010382629769753824	0.0004414748002812496	0.0007868377631284671	0.0014186736257906887	0.0014572839373553177
A[C>A]T	0.001043246867491689	0.0010782849257084336	0.0020114864309602022	0.0012387360477223437	0.0014591326536374752	0.0313634219635278	0.0020671513639695725	0.030253927875310182	0.013188175531337039	0.006263237136823592	0.0038229529388781975	0.00029502190929385773	0.029085364602506162	0.0020949446175077425	0.004592807176548377	0.007172345304163173	0.0014102967186381981	0.007703547395533797	0.03137643887102604	0.0046408086143842784
A[C>G]A	0.00016234344284155744	0.0008016198620228971	0.010276823471300304	0.00017985113406998165	0.000762807120919772	0.03251410648599267	0.004010821051662788	0.002783780511817895	0.004707179025514307	0.003916552802547812	0.0007930102335658137	0.00019373536103126402	0.004452035361845773	0.003563748312521077	0.016825170040130615	0.0019955311496419556	0.006007385108619929	0.0022918880656096347	0.0010817460098661805	0.003348801020855585
A[C>G]C	0.0005507914608388092	1.0211947125636602e-05	0.004094045865116641	0.0003206641742353089	0.001045662205084227	0.02082101976312697	0.0033992556760058506	0.002894343525986187	0.0027743321180606364	0.000760409717322625	0.0011899785400310066	0.001055471682271218	0.0008526460448242505	0.0006186395080784102	0.011764636466279626	0.0012679926947140774	0.002140042825136334	0.0014662418916022645	0.0025938620127271862	0.0005235708907374237
A[C>G]G	0.00011060337200659213	0.00010588237187519875	0.00495872016204521	0.00022230515001832915	0.00013950988635155209	0.00845791256148368	0.0006501716324339282	0.0002522357762736156	0.0005228785211359171	8.756918755676187e-05	5.008873782162518e-05	4.357337700920139e-05	0.0002597668858099665	0.0003310774339248496	0.0004414121693974433	0.00041080965283657374	0.0015371017006691546	0.001150963773020568	0.00020610744173851518	0.000503052616554411
A[C>G]T	0.0021723778205923736	0.0001415326406559995	0.008176292925141751	7.092334234744688e-05	0.0015477924005499596	0.03339878768473863	0.0014604747966456184	0.00042421220118428536	0.0042044611116292	0.0035543078889604656	0.0006697431707458236	0.0006981854271404215	0.0034071396197512755	0.001437925832191597	0.035836644165217875	0.0007092135828794172	0.006868837997317314	0.0016394722117850254	0.0031191934300297186	0.0044307014842781415
A[C>T]A	0.00010964055205048975	0.0003183451564639112	0.0493904833458364	0.005466499298685446	0.012842875528294826	0.00942539331694621	0.06103619506501287	0.0055538771744007235	0.007641863034791023	0.08525716318935156	0.012446401110264651	0.007238037606603983	0.026483263419242578	0.03567298452034948	0.002708292545072188	0.012031850421733697	0.0002896964330825461	0.006641760450632917	0.0004962492513486851	0.0008869386985071484
A[C>T]C	0.00032129854015216705	0.0003596032897536287	0.02117936491407454	0.0022091057775968322	0.003294061604446419	0.007990944933364517	0.045581776596605776	0.0023426627553572127	0.00849648213661637	0.02572762522660196	0.00603179534408164	0.01018569122243207	0.010322382527170703	0.004832098176834577	0.0026521391424636897	0.007897775069868657	0.00025635346952555463	0.002541868482769182	0.0016675087512311184	0.0033115918637881196
A[C>T]G	0.00225820524302174	0.0006985006619774753	0.03775979569926858	0.0038766486808954753	0.2977100856900215	0.002921725565921036	0.006850044569699282	0.011435168474144337	0.050664913485311006	0.025805669262512015	0.019011649998175742	0.025302637117409568	0.03091505911283511	0.01267772184401759	0.004233523084780384	0.018514507623389364	0.0022227488047498276	0.012512964474594164	0.013495408331333166	0.017213744298539477
A[C>T]T	0.0003409772822559201	0.0017669678917882378	0.03456264556571841	0.0009890114066953128	0.0031950763779914487	0.01768925897203735	0.06371191971376539	0.0033522631881794675	0.014985314670935359	0.028299274722114204	0.0058276284861133515	0.00025905309287828506	0.024389775733463466	0.004334885259886225	4.0418991185256876e-05	0.009781612807390047	0.002028212858563062	0.010321369848791572	0.0043091533664826485	0.006602692704355226
A[T>A]A	7.16936195905158e-05	0.0006160031380882672	0.007281547740967661	0.0016123123201533867	0.0015157742975582403	0.007517456190529778	0.0025416209830825156	0.0006806839428123084	0.014957286143567863	0.0019379944496231748	0.004871334209848407	0.011710922218859195	0.029411927606910467	0.004835743519257159	0.018174259470775722	0.00486723695450928	0.0017063949725620762	0.004392791229873253	0.004077989953977522	0.007143548416265048
A[T>A]C	0.0010512912687850266	0.0006927805178775187	0.006620717916637659	0.002218947657755052	0.0013438358082120984	0.00610364499789307	0.0031101899156378747	0.0024283428711421463	0.011762098343595142	0.003601525492194926	0.0031801054605507116	0.018276944436132907	0.011147963899976316	0.002090662895520945	0.0006043883892078635	0.0023384806310448305	0.0011380317675509736	0.003221715428379455	0.03767890905216336	0.001242970883370394
A[T>A]G	0.0001747316974898967	0.0006941635068506003	0.008092038962990046	0.0010527060055769218	0.0015581930727348663	0.011683625186327845	0.005296486287843436	0.0024036035531025844	0.007564933032072695	0.0001581530027137571	0.0015789603081657112	0.002645206346401733	0.02308023867942393	0.001255598458116224	0.003854799741005991	0.004211128383176401	0.002441352919919381	0.004451562434417885	0.004494629008113407	0.0020662802409367833
A[T>A]T	0.0013504346376050982	0.006961512404959649	0.0016772874684012145	0.006965007455037266	0.004419063944610868	0.011352011122444348	0.004145966421273522	0.005295924966764665	0.05680329034477472	0.025332604378461836	0.02450732405461647	0.026609970490448175	0.024698219795085127	0.043000768918544055	0.004062685302833056	0.010236932498402894	0.00031289417724983924	0.013588326961518403	0.00713188838489871	0.006974051863701096
A[T>C]A	0.001002888749889603	0.0012542185916060134	0.07201743682473898	0.003937810957021926	0.0018856772101101332	0.004402434170664448	0.004089617886524583	0.0032790796695406927	0.026096283836755937	0.013827237167045417	0.04734249282954261	0.012158075655653681	0.0353523987242952	0.030408450655875472	0.03082000809162855	0.004388783353814469	0.003210066436539453	0.010870422347093732	0.0029391644512611567	0.0047493207293869185
A[T>C]C	0.00013137056755470455	0.0028182178685959764	0.022993598874658346	0.009492366045713425	0.0009370456284052183	0.011408610446378588	0.0007200443704892583	0.0018420507009718676	0.008814154128049267	0.005533492550253868	0.013916202233638614	0.009872918016277253	0.005492851848609461	0.011028328900458292	0.004073157084407285	0.001516562373737668	0.001717317606729921	0.010014087996645686	0.006694167647510767	0.0020999831515724258
A[T>C]G	0.0006488764747554252	0.0001559731158490979	0.07714269279688597	0.005693612495023401	0.0001286770882518922	0.0028735310383987502	0.0010235654467138128	0.00015288314218853255	0.007211872185779772	0.021666950142011046	0.04795981649287553	0.004145214776868307	0.009160165334279834	0.03592613963838909	0.004051270911116613	0.0011514410151177946	0.0009871110774738647	0.005874779472679796	0.0005996206807844861	0.001048956472000906
A[T>C]T	0.0008806443706126164	0.007084642717149109	0.058234625987708566	0.010428626646287738	0.003880188848724803	0.022921139147132636	0.005815456865450447	0.0016767781027524893	0.023632819009838626	0.0025220421180443815	0.0175112375265453	0.008970413011594609	0.02776890719961375	0.006248088157663479	0.01779057202860713	0.006667172625946563	0.0033477263381327927	0.0100256212084072	0.003424478573368218	0.009773218535588952
A[T>G]A	0.00035611558468235516	0.000983064326630796	0.007334879724774509	0.003812260152946692	0.0008045461938246439	0.003925220275947714	0.00034678999532374824	0.0002374004861028442	0.003378735783905612	0.0001355101790813335	0.0006569008880223693	0.0013909925466980533	0.006702858505334009	0.0007710672472497965	0.04597511552646756	0.0031127124205231668	0.00035031053887998984	0.004912789108341707	0.0014853196530350513	0.004227075164407324
A[T>G]C	0.002810392809071345	0.0010063868137117897	0.004290575315244496	0.011143657602369786	6.27079482565225e-05	0.0021593340284889566	0.0007391163842924051	0.00017426010870148664	0.0017290906882341992	0.0006094653657806273	0.0014850158224726329	0.0027392741218209265	0.0013526563369000546	0.0004997446767543933	0.0067965615065768365	0.0013822924193381994	2.1808580893258288e-05	0.003925109476104968	0.001542532051622402	0.0005763033826520256
A[T>G]G	0.0004195118750681397	0.0006524636545336768	0.008324487785808741	0.0052325233616866175	1.966308025958522e-05	0.011932637359946966	0.0008263411614587613	0.0020474357169587166	0.0008904925660776703	0.0007157418775059166	0.0010630324244233708	0.0007995655491205453	0.007063944171648472	0.001029540657418202	0.008635538021102548	0.0023520064207405086	0.0004026724707284528	0.007175501842432452	0.0027759657019050792	0.000303727034002229
A[T>G]T	0.044140871599316595	0.038863607155159116	0.003663927888090888	0.09967672397196294	0.0001778724169626577	0.003423721986841249	0.006264821838537377	0.001550999496735956	0.011800261721567949	0.0018314464318323022	0.003105670967347609	0.00209825054884402	0.0066397409766135	0.002763546084954126	0.008446615665387708	0.0024852924306863226	0.000508684876244627	0.01794001310474481	0.0021550151203226257	0.0019806739473221652
C[C>A]A	0.0011477698188100476	0.0009642622613518561	0.0020738595209480763	0.00024390320618484306	0.00225749256324737	0.022190841330215334	0.004868969382238173	0.05392899782210588	0.010516173054036276	0.017054688089258016	0.016473843036682426	0.0008074864484614474	0.018814685203135013	0.00258992962883654	0.00721272337064147	0.005248351913178339	0.0040787910379567836	0.010373039338526723	0.02717999342083931	0.04907209566654638
C[C>A]C	0.00039106584984857493	0.0005699650453543665	0.0006252928631201527	1.691006717092021e-05	0.0035464735183632	0.021530394044704734	0.0044931684081384446	0.010926884420436118	0.0009930127052789435	0.028568576984107495	0.022251361340613614	0.0066018159243139965	0.01025544848642356	0.007075520186581821	0.0029064281595260577	0.003543510197661883	0.0023201657109507387	0.0025371114661693	0.022269622299820185	0.015327369081764885
C[C>A]G	0.00020464696497240147	7.128456453188894e-06	0.003188088378519751	0.00010927566494739525	0.0038612926839850844	0.0032307419281942204	0.002440319744071804	0.005264808423147235	0.00014484513308252726	0.002939807803326411	0.005753858615644276	0.00017171153535507422	0.0004131924526899632	0.001624193879043263	3.460185952701737e-05	6.773054262192701e-05	0.0009761888497797621	0.0004203770525237488	0.0018990609701781036	0.00587178720528027
C[C>A]T	5.8742653975385714e-05	8.556396494195764e-05	2.6652746496032942e-05	0.0008500003421005988	0.001047693158131103	0.004723686873175786	0.0010266234341882743	0.027707654880127705	0.02144987818197388	0.08252638714095667	0.0816702685649509	0.0038625393851135074	0.0013117144716069044	0.0029370236257626613	0.0027570263582994735	0.00027752006061233634	0.0038443871055810494	0.01732984160702305	0.038119689861312506	0.04332984720655867
C[C>G]A	0.0002111527488697988	0.0005460052523221748	0.002082926596831908	0.0002381290960450656	8.035574646438327e-05	0.02675807867012918	0.002781802371478989	0.0007663883171693898	0.002316665428680091	0.00017670359072154994	0.0005104105213414377	0.00014531964278286018	0.002493324241782477	0.0007111938847589738	0.008194374206475914	0.0031563044893555344	0.005143231934402138	0.002895336880326919	0.001262058397547613	0.0025618758278219676
C[C>G]C	1.0349083732667259e-05	0.0005526978417189526	0.004009772178949788	0.00014142367580864557	0.0001390631160306898	0.022866618450731038	0.0030620669269701465	0.0009402638607967841	0.0006580598585678174	0.0005367538824570141	0.00037068000600885424	0.00035024459493854064	0.0033821141781783786	0.0009278961534826826	0.00458592295460403	0.0009704984120508149	0.0019842065809643826	0.003299235027077632	0.0010705550021856637	0.002234125781979268
C[C>G]G	3.646232764789101e-05	0.00012244289265196074	0.00209177190635819	0.00014488274178853366	0.000974093094425804	0.006913284278009087	0.0020890342901402617	4.3191185449310903e-05	9.91024969522296e-05	6.303803347691428e-07	0.00011722328940983733	1.22963276767773e-05	0.0003412480084772767	0.00010861640041504275	0.0003106358432126295	0.00014812091274732551	0.001535725505615119	0.0004713171277555693	0.00033588339020246136	0.0012367009014153006
C[C>G]T	0.0007454602982618898	0.00016593178300894522	0.0033887042825847067	0.0007501632185140856	0.00014502047293506464	0.03711240512132645	0.003166172844350675	0.0008040447734133598	0.0035961856563331692	0.00011216822623389589	0.00044929253452622657	0.0009123183196731397	0.0021927545347577636	0.0007275595348872085	0.0161527664270252	0.0029514907337725165	0.007766248426400125	0.0019213192580061688	0.003505300896591507	0.0032709325777496826
C[C>T]A	0.0005396682307978864	0.0008742483533266271	0.010023824052885174	0.0025616698187869227	0.004417048634117471	0.018078561733476817	0.0884667319431901	0.004382158557127695	0.01423885156493634	0.01600956342127591	0.0032584618557017025	0.008403005217202008	0.012657325533218682	0.00476190447847048	0.007978594438522123	0.02664279003068805	0.004261335518289769	0.012087442218637456	0.01305762756592594	0.011632246494040786
C[C>T]C	0.00047715099142352197	0.0008003793752529437	0.003344118129582415	0.0002218170228303955	0.0016725655852511904	0.006263353523811842	0.10085440835356713	0.001398725278799372	0.007343039411218562	0.016921688194888474	0.011101263048061819	0.010115748410113156	0.00043309633325184414	0.007853222515946013	0.00511655435219444	0.007673224031073763	0.0020831437480852656	0.007933356510748547	0.04318756488338113	0.007134857687486981
C[C>T]G	0.0013671053800339728	0.0011859597625448934	0.01859677330320874	0.002063417812016433	0.19881082320213317	0.014999423065285787	0.02876856691419686	0.011292270374189868	0.018072925142903654	0.012115055089536081	0.024971794773043777	0.0201405093970776	0.0008289400604352805	0.03529691666465027	0.002271754712206624	0.0023921099082242154	0.004858366780560575	0.006552151854797518	0.006048326188607975	0.011466320459007655
C[C>T]T	0.000588341727063451	0.0014101278812409894	0.01841044477187097	0.0018486928543267902	0.005770315849222243	0.016458512332290412	0.08149231716990471	0.001210897614717495	0.020794676166493446	0.014875571174605298	0.0091511806607602	0.007499883137177676	0.012087745805295359	0.00461361536804821	0.00334973186252055	0.017559543089941145	0.0060438637239858505	0.005078470492244976	0.04171884288266301	0.010119540601850762
C[T>A]A	3.729451827537646e-05	0.0002901910859587078	0.002110775730060358	0.0020631349406064555	0.00011915574397292701	0.0003274023193158976	0.0006735535242298034	2.6566432894000664e-05	0.0020987565001160382	0.00012256413643960446	0.0006095541034274284	0.00043345712325801723	0.021466645643347874	0.0015602263626785925	0.009461509980261325	0.001452261563204653	0.00278773479181109	0.011329842782986816	0.03897912518680096	0.004556569635538437
C[T>A]C	0.008011276591103523	0.012196840664371848	0.000419512617188183	0.011860635305754841	0.001122966711001486	0.008482746194582433	0.0018083702006139592	0.0011352333791126963	0.0008458148735592458	0.002478196398183285	0.0029290952042556454	0.0028382371097104625	0.018534053456969558	0.0026321804368019774	0.0006417166977487601	0.0032785629651156203	0.002428983971760912	0.013494869615378775	0.0385864760838449	0.005459911805608634
C[T>A]G	0.0020035534836354858	0.0031806423897113856	0.003741055021295324	0.0075081959855742755	0.0003846536968600623	0.005858154008223209	0.002645780536270166	0.0005130982036369642	0.001647090688616812	0.00021356452590661051	0.0010171438330481106	9.215273718032798e-05	0.021264266698621213	0.0017222977834182144	0.003178324219482647	0.0016806247422924425	0.004891104340087622	0.011203091896401089	0.038826501175761224	0.005873306309303361
C[T>A]T	0.027481989892199635	0.055853916917927564	0.001982491292446244	0.007960172989597076	0.0002810013700959563	0.00511246754618992	0.001297876572283685	0.0010072182925704035	0.0010455723427698067	0.0015065275515713074	0.0004589776953436437	0.00016391080300762355	0.04742276956513524	0.0045803718528743854	0.01493807923910208	0.007966406871331856	0.002712867439465332	0.028780773704296284	0.05279965902119875	0.009757546321529592
C[T>C]A	0.0004652730416375573	0.005511684845667332	0.020602143922820688	0.017380171085707843	0.0010559036409819068	0.0006049811658573654	0.001555439547626048	0.0007499366771401247	0.006774570156631504	0.00795674286661583	0.0331846589948982	0.0025314226080489226	0.014483054866548628	0.020012077300554643	0.026907689705491067	0.0024971405157773532	0.0017905306338206672	0.010798038727894891	0.009073575535789132	0.0014070474143315227
C[T>C]C	0.01735134653467685	0.051963244941085576	0.0093749999164138	0.06115301591530442	0.0053053460442461075	0.015400206758640707	0.005831137012345376	0.0006296215970160164	0.0013976849552930512	0.004980639083364754	0.017527197919305765	0.0016847853898936211	0.002270016105220336	0.008937788794149828	0.00600125331576133	0.0009919884397485107	0.004505800210172311	0.018870838653326907	0.017399847861379384	0.006476242646767702
C[T>C]G	0.008315670302605663	0.027202708810567855	0.0369775925129652	0.05058989204093814	0.0031423489227041753	0.00022529197839732637	0.0032917781503600373	7.085244210714156e-05	0.00019684821509836128	0.01650339557358659	0.05486222805022201	0.0013697560820857433	0.0004253599486064902	0.04274671782874185	5.036319944849057e-05	0.0002697076974551268	9.712072875750918e-05	0.013504840097607317	0.011482366667594762	0.0012166779044047457
C[T>C]T	0.0802639524757798	0.2457363230884075	0.01960373484042043	0.04305560397696188	0.0015388598861217485	0.004557506882980066	0.008655206424030823	0.0023700827477497067	0.006596296943111497	0.009514627386720534	0.03331323619695364	0.0046182978547138565	0.011681810619865963	0.03145992723147484	0.00860519910882466	0.005024061791708848	0.0003247377297232483	0.030889361367678447	0.026923101027984203	0.007917127638685472
C[T>G]A	0.001287279108563156	9.465633930220802e-05	0.0012016737952687353	0.006067150056333048	0.00027794241330494457	0.006478794045513496	0.0012505904466808442	0.00032819276701232815	0.006338474980682749	0.00012200036545088011	0.0019485994459028007	0.00036918834889664845	0.0016883027185359322	0.0021124627578717058	0.017019561963155867	0.0022045437702036	0.0002802312116129019	0.009139165474890604	0.0018910540546057746	0.0027396387965158103
C[T>G]C	0.02744087019003928	0.003353403299806327	0.0025218643225896997	0.021846796057477576	0.00029197438752302785	0.002547098621348992	0.0002887727391774107	0.0004643180446199294	0.0002696849836022246	0.0025809223590442967	0.008102202899698095	0.0030076737773459703	0.0013000206870281805	0.004878525601063574	0.003806046937883483	0.002016963540883595	0.0005640771354089417	0.024511052379675345	0.006361860099365865	0.0030723061814577173
C[T>G]G	0.010374708929273765	0.0017801300518866267	0.003044793529026663	0.014528046061401255	2.986221634280062e-05	0.01298984582349658	0.0012402008065125769	5.341285066924092e-05	0.005911192493247654	0.0020544156825867497	0.009939234969232984	0.005375594731895134	0.006138857195031966	0.006909691615132033	0.003963624582773075	0.0025260961779848224	0.0013511689524060074	0.022262991220652416	0.0028686603453970745	0.003944092060513164
C[T>G]T	0.5110645807981491	0.266521315490083	1.198327542701527e-05	0.08636859118712567	0.00020464426050815335	0.0008342669516709831	0.004940715871715913	0.0011904617696760595	0.014270778380565204	0.0012549500835145166	0.0066326586624341375	0.007666606765195644	0.0061230896829707815	0.0109610444564189	0.0190610652504654	0.0059243888495104325	0.001189469231084987	0.10061838887343603	0.01799981627551776	0.013494156031124372
G[C>A]A	0.0009669426939123668	0.0012378802115325307	0.0031628083442847973	0.000549743719133988	0.005502531047795147	0.0059695667441316365	0.016992586812707662	0.1725657407939434	0.006595412353445311	0.0005832813137310591	0.0017458454006151793	0.0073414533368364515	0.008965310223575607	0.008283585502522686	0.008865718924136196	0.002158524507267583	0.0026997406174413202	0.01426839637365373	0.010331080755861123	0.011959861962869755
G[C>A]C	9.38977125289155e-05	0.0007202186394836392	0.004124820487806573	0.000353702507690718	0.001965851158296573	0.009594234804739244	0.004818052758874756	0.026037607870996	0.004964913074996657	0.004172057457093615	0.0011994095842506787	0.010656623954884708	0.006352986098472898	0.0014144283128571132	0.0013393219551438497	0.0020079947636716332	0.001131174065029973	0.007496319953911149	0.05282857329398394	0.0053263254175301925
G[C>A]G	7.898351029624416e-05	0.00021395342626350612	0.003857719941996038	6.651466077487616e-06	0.002165063368389383	0.0019425136761653868	0.004394764420809224	0.00812981951329857	0.0008902389412238392	0.0001828775166531651	0.0006976682513306421	0.0018567428400274367	0.000864877179813877	0.00020697350916594253	9.882232005990736e-06	0.0002668798461944313	0.00042970433721365765	0.0008951581161455389	0.000828069310430545	0.0017202016763534728
G[C>A]T	0.0002355110058119418	0.00023536088742284622	8.267888974292481e-05	0.0005841038067014657	0.0007503916889592424	0.008229854609468065	0.004567481993949602	0.08988798332214355	0.007618219463223829	0.010965372664878658	0.012802763562810274	0.01983207002468407	0.01077016572960273	0.001317926840881689	0.004985278620300782	0.004101680085173374	0.0005328706187307251	0.020846878848235613	0.003139337817804416	0.01703874211513903
G[C>G]A	2.8685942588987078e-05	0.00033759244545854137	0.005197130533400923	0.0004982054747969732	0.00038861583107965456	0.015659650022163987	0.0006980799194099096	0.0021205868379911407	0.0013324661894086997	0.0007376864979531801	0.00010536709963229555	0.0006369033249476673	0.0021941097395465478	0.0008787568554372007	0.005282613690244034	0.0018021282181725838	0.0017104698385228402	0.0016166045651171332	0.002896731417858973	0.0005502793559746413
G[C>G]C	0.0005207376987382304	8.95775826938916e-06	0.00442739938525483	0.00036630276404900976	0.000451792594823186	0.011805092556867748	0.0007931313574920451	0.0007682937584403405	0.0007309677949180428	0.0018888003415049753	0.0004422589616019576	0.0030191040663630703	7.144104008760105e-05	0.0013190303418058544	0.011749944989336654	0.0004320125519755081	0.0020879437539424546	0.0036068825378189977	0.019861468009650707	0.0016841729946998284
G[C>G]G	0.0001232315409797593	1.7772677783987369e-06	0.003715374387335032	1.555792136969103e-07	0.00023262276446298113	0.0029402639135951178	0.0010922098899827687	0.0001592769831440141	0.00013840763947873115	2.70053250811316e-05	0.00028651964553773725	0.00020535323211293174	1.2112246979086195e-05	0.0002514007976938604	0.00020854794676011934	0.0001267628952815994	0.0006897111914295238	0.00018867840982642292	0.00040801657589790985	0.00032855181985636954
G[C>G]T	0.0006706580221944023	0.00014615398432076332	0.004469979081070051	0.00041559479284267273	0.000521076747094386	0.022013957081362605	0.0015628865817725753	0.001141606728619081	0.0021919922106026207	0.0015914129562443122	0.00043735265833144216	0.0006928729714529857	0.0015667475307221785	0.0011027473380506253	0.011017770957201719	0.00010717804837664419	0.004375792648643255	0.0031789910331854274	0.006183926578145474	0.0018514202303729875
G[C>T]A	0.00016494235815617503	0.00011580148729722098	0.016299091429256733	0.0023819615939008358	0.007827397824382245	0.005334752119580225	0.032138424377877624	0.0031494198899819433	0.0021213022871055813	0.07590958035737276	0.011177524808590616	0.04119975228700787	0.008258718301846787	0.01801446836217502	0.003332824833674679	0.008009759278593265	0.003721708308888065	0.001586255677855313	0.022334331279620527	0.0018301888021599808
G[C>T]C	0.0007178519707376687	1.5243839482543995e-05	0.013342741760552248	8.547691595409759e-06	0.003679244741850821	0.00031862817152869527	0.023482634378792142	0.0002282131050078272	0.0015984544789665303	0.07478660161048174	0.020116029780670737	0.08513557963445782	0.0016489635334065672	0.02277066662972149	0.0020328534336818364	0.0027370296298771307	0.0021415904016138495	0.0029285533494752933	0.005660238459175671	0.001262858570020581
G[C>T]G	0.0001871531004332554	0.0008372392069325656	0.0020277324711944333	0.002564164888778911	0.19400594481825828	0.0008407589246685439	0.006253057994390113	0.009707047179703264	0.03451160281622093	0.0674457772732523	0.010180192550662607	0.1790468561053276	0.005078833748276731	0.03409705419957916	0.00590007367134495	0.004598474905221515	0.001987374190020262	0.016077245317709696	0.0037913589168329397	0.017013857488503894
G[C>T]T	0.0008918381865940161	0.0008891096326460464	0.022059603983536364	0.0007919315907389266	0.004409025328437192	0.005165305488746526	0.02640966218972335	0.0028111496544934197	0.012655211817473174	0.051203112836927175	0.009869940941191157	0.05125921036303043	0.012402243305346929	0.008983533071036462	0.0030244431821610566	0.006970531972412888	0.003451868602615195	0.005282396234276728	0.005347002141410485	0.0021100653469582707
G[T>A]A	0.00012828859800962048	4.2067325091489626e-05	0.003262653201352805	0.0003078798746097505	0.0001425495572619227	0.0006768020415324071	0.00047508707539089254	0.0002488515554390573	0.003988690381474706	0.0002559440666116507	0.0015418618403600713	0.0013787559801603654	0.022408936897292734	0.0012414690075949952	0.0020715296119303856	0.00010995058925582823	0.0024233313230797647	0.00935523194889538	0.0017355129940700973	0.0020548457805982224
G[T>A]C	0.0018704422079026698	0.002811264380463399	0.002835612277616747	0.0028168118165340273	4.717716247891234e-05	0.005236915736459196	0.0010710377164487108	0.0011200104964596014	0.003063565166299895	0.0023918835264339577	0.002257088159152772	0.006706917755305767	0.006407953370828182	0.00187015879693787	0.0004472879095595068	0.001757104095557452	0.0010604513481266623	0.00411536765092751	0.016684706887230276	0.0005806106705317231
G[T>A]G	0.0004067952022264124	0.0012128793218289502	0.0032778551406227054	0.0018147740642889402	0.0006145864011559734	0.007300361882313155	0.0015486827469226258	0.0008499504122797129	0.0021946010737082283	0.0004597478852861414	0.0017516449308335553	0.0021060618186843384	0.013976423441432417	0.0026854170213339084	0.0012643074838194189	0.0014658207107568159	0.0012915272794696902	0.004663152015889161	0.0017361958596139007	0.0021313198595241047
G[T>A]T	0.004029799814568832	0.011608385301660746	0.004109431432792917	0.0044181760828942065	0.0001400077586001535	0.01439375363435829	0.000493684811468327	0.0026904456825577656	0.004077761117364469	0.003639206905383617	0.002101442330269492	0.0010236486730027445	0.021316990675404667	0.0046343938720718346	0.0014150140993952683	0.004029324183589779	0.0005588753943236325	0.008818980439982003	0.0050015018757549115	0.0014657429941621167
G[T>C]A	0.00020805143056950497	0.00019130323661309618	0.0196115012250375	0.0036317007023164674	0.0001789638676766071	0.0013217465626327285	0.0017891351364642536	0.0004718121609067929	0.013093612530034904	0.013224800890660846	0.04759700046526268	0.043323984565213323	0.01173316826336944	0.02235428007844866	0.008801382316742093	0.00047203710931857125	0.0012055120412282107	0.011532252285448956	0.0002277762849622428	0.0009416831811244197
G[T>C]C	0.0019433037034443715	0.010426947463303804	0.012313681066036225	0.013797793004196137	0.0005706774102947328	0.003300018751512395	0.0012277217501061885	0.001973387958665424	0.0073589333745194855	0.00573045465699735	0.013198217372235376	0.03775436687283218	0.0015561425402315877	0.004265301340822898	0.004682760379859247	9.239646012321751e-05	0.0024273628490627743	0.019652522956736668	0.007578901174478233	0.0015356063326035993
G[T>C]G	0.0011931716864030766	0.005795325122773648	0.029508837861940265	0.013083401863463223	0.00114016824479993	0.0006315334730126873	0.0010772295914704265	8.691946848994006e-05	0.0027112779220916055	0.010838455045428505	0.04033250398410018	0.02857303667627275	0.0007306913832558426	0.02810880939561518	3.157713884153067e-05	0.0010388378538723313	0.0006473211573028543	0.009857399717741995	0.00013232274780068564	0.0008113961312726103
G[T>C]T	0.0043652995561721045	0.022069327590055764	0.022946940736845136	0.008845315244062476	0.00107125873608082	0.008099899278022349	0.004919564975036941	0.0017629135826075805	0.013314947126647013	0.004183905512698276	0.02917113470751792	0.027527507606893778	0.013664944229135305	0.009976609751960927	0.010044313039397821	0.0035550562333937705	0.0022774859905393807	0.010276033246330685	0.0014959790235659928	0.004545565669892658
G[T>G]A	0.00010630084322601677	0.00024283436484838004	0.004140635274350643	0.001758721778216568	0.00017856359589235	0.005151103410637006	0.00012796319943684847	0.0006109442491119086	0.0010339138806189734	4.3882168982261565e-05	0.0004635845444405705	0.0004819892335610172	0.003964385777595453	0.00017531347362151312	0.007368864930234849	0.0016950115109793842	2.9655167056434314e-06	0.004924229130600158	0.00057152937237543	0.0006729811548952272
G[T>G]C	0.005984842317644507	0.0014544531493672643	0.0040360412150621415	0.00585715622687443	9.943769037372454e-05	0.0019398654648685042	0.00016693387332400938	4.0328222350269684e-05	0.0003419184849873306	0.00021880176162916376	0.0007910612811287532	0.003867085160687566	0.00030096757378796334	0.0001750809412010807	0.003178351268405095	0.00023460488703286976	0.0002710912454084173	0.009885540294891736	0.004170810282928869	0.0007623432877816468
G[T>G]G	0.0021378497201367283	0.0006772198714104801	0.004925013607367873	0.005006162187649741	0.0005403348256369952	0.011317834898363799	0.0016489373678778634	0.0005554350032467636	0.001480017958340524	0.0005070376092008663	0.0016580968817872094	0.003710760609654244	0.007225851390925527	0.0007724046039285801	0.0032818088355998044	0.0016349430912753538	0.0009836967319911006	0.011019528768209108	0.0016219557613185317	0.0021979196068132294
G[T>G]T	0.0972820418253541	0.06129708156734705	0.0031204766228606785	0.05410033547505736	0.0009237463667295809	0.0014190049719087453	0.00023265469775933317	0.0025279293467387874	0.0019328919152302318	0.0038923999140572096	0.004198763251830567	0.02421310167387128	0.0031915315196524917	0.007551867408706054	0.002072650041310844	0.00033177835484058706	0.00039881802713701844	0.06159785809352246	0.0005385739835198563	0.0015847423628454274
T[C>A]A	0.00039017271751137707	0.0007522288501331274	0.0034016211690498363	0.0018265065151453483	0.0021136288169222805	0.004551826225581847	0.006101147317997386	0.0855734671311234	0.027986696857281373	0.0015436387473320367	0.002326886911724543	0.0025832610081205614	0.015593704776866274	0.008931118617358891	0.019387615654617548	0.008750964226842703	0.023817268365994095	0.009180740108263323	0.006956832378120423	0.1836925352877006
T[C>A]C	0.0005864745375025135	0.0008125549107330742	0.0009167173751324235	0.0013170891979554717	0.004735062210122124	0.01793709757272154	0.0074013947354841896	0.04977751200459898	0.011334614621128388	0.002923826466364117	0.0025848341455834535	0.007098749928118196	0.013657007302552752	0.0028599137260870208	0.004082293494153346	0.002577484749306936	0.012834658795036376	0.0028853858462920307	0.0344033618234098	0.07156550327455626
T[C>A]G	6.129399876938771e-05	0.00014812603794560946	0.0032662208885885775	9.744909271873129e-05	0.001133639741127139	0.0003366251001788492	0.0015036811521988906	0.008309625722939468	0.002453595801080408	0.0002110388382521882	0.0002500176223139974	0.0006277054469740136	0.0011492763151893068	0.0014598470146648325	0.00019007443685862649	0.00033306033028183746	0.0013175268560547064	0.0005329852412614	0.00014654661369726206	0.03358500535751227
T[C>A]T	0.002524694531573914	0.0006969922624176256	0.00440231310293365	0.003782751284872796	0.0006908634401735876	0.007871057183453841	0.005057350559850661	0.16238061356544495	0.08007053578372615	0.017787152228178924	0.014532324725298515	0.006166864418391142	0.006397972375407479	0.017964950090487142	0.011408196230871883	0.007584785521012165	0.014293258703738449	0.02676349428013542	0.024483529157936574	0.19024848538078368
T[C>G]A	0.0005134778630315987	0.00026446051929684744	0.0019361492797224833	0.0007258318471986884	0.00028419694400798746	0.014379559637991444	0.0003142821641623975	0.004409713053887625	0.003660242507943087	0.0002558980356845886	0.0005147553234175587	0.00019764305539205258	0.002646647800129882	0.0011104794384569137	0.013770531067405911	0.012364700966423605	0.18447760352492332	0.007599037036585497	0.0009491888522029538	0.0013034634402975414
T[C>G]C	0.0006060265983506951	0.0002746616198084991	0.00202912053008214	0.0009117830024395064	4.429705257689096e-05	0.029962195940315725	0.004709452494746074	0.0002100410570119358	0.004611145678791217	0.00021719734391844995	0.0008451817417350703	0.000823266220018158	0.0017968230433430747	0.00046754651749013933	0.010658019427675754	0.0017045427033642554	0.04215719112753868	0.002444135871958232	0.001992689767878687	0.005392451927502407
T[C>G]G	1.209396871213871e-05	0.00015084877871229983	0.003757505532819778	3.9058856521727456e-05	0.00012961109555777777	0.0029725567759014667	0.0003206553708476067	0.00011597524513279334	1.646152755124827e-05	2.0514671754626812e-05	4.088483743903737e-05	8.343718141496062e-05	0.0004689965174935971	4.3580476092907454e-05	0.000801279662323634	0.00034529097777354084	0.011070261742919684	0.0007844680465147006	0.00022557920807596775	0.0007074460336429693
T[C>G]T	0.0028450132873515345	0.0004221770455804893	0.0007804383021341151	0.0011664266156706773	0.0014052036131851373	0.04360300118662417	0.005747955865113527	0.0021338361518978004	0.010488533686578172	0.0006391926827290997	0.0029688780511100115	0.0020081517913847326	0.004379680789022485	0.0026371312694885274	0.05070054306089878	0.01757118981340318	0.21772380453348159	0.002478806234647166	0.007328513896092772	0.011901952000237923
T[C>T]A	0.00030919630442980263	0.0013140800753866945	0.0034060726372916613	0.0036177406146950418	0.0027144548621057933	0.0019569463756171513	0.04007467320307181	0.0103466830893979	0.005152094695476972	0.013319135042114091	0.008129470205395008	0.0019881583806122837	0.009725804725752255	0.003135233339671839	0.0004423000383994548	0.299202011346817	0.17931806337833406	0.022881979467938518	0.0017809740827022327	0.010133269149694975
T[C>T]C	0.0014617444239413675	0.0003033266690402045	0.0033477612644789703	0.00582888749905112	0.004650119604135397	0.020854861425235866	0.07804829001426697	0.000552305229919885	0.01913333426135302	0.014095807748681967	0.008270483109064858	0.017957876305095852	0.005977118537867034	0.006345403712815559	0.009109311484033242	0.09903003348410129	0.03266469868109105	0.005682743530664134	0.007408343878827956	0.015049183515455242
T[C>T]G	0.0015770407031232025	0.0010355534694741562	0.022741308119148016	9.60659758940829e-05	0.11543785789608955	0.0003538715864173725	0.006273612376020377	0.010377434021793306	0.025741742010228337	0.0056850786933534125	0.007533256189962891	0.016059984727122355	0.006665618748608998	0.01182389450172878	0.0026884174426895103	0.0370333448164165	0.02370781127549708	0.00552914985695763	0.006355498786253005	0.00541254176886185
T[C>T]T	0.0008733960139329284	0.0015380784095482577	0.005405396542349624	0.006083657287684147	0.007939624770078807	0.013926255241978427	0.06830868177860976	0.0024824289311914127	0.02504291164688766	0.010550443336560984	0.010996001631661784	0.00860855185377119	0.011333743298972581	0.007748525589804039	0.007656002690790684	0.20241649490594865	0.08763353243872518	0.011808745378957293	0.011727952879387885	0.016938772846046547
T[T>A]A	0.0013637711454593325	0.0020122135455406635	0.0005576819232690784	0.0002524004245461051	0.009189117315102526	0.004793899332670123	0.013015389486022313	0.006870743511289196	0.08242042530979961	0.009042291997853136	0.00811249244895121	0.027137276833876966	0.01725426992104761	0.049273379317458406	0.031883061027154325	0.008401103677919974	0.0020143829718019582	0.030281799494216992	0.007683347946535947	0.013678717840890909
T[T>A]C	0.0009553757059913115	0.0025594207539688797	0.0009600088796469088	0.005346206006128341	1.8591275511879267e-05	0.011446786163840443	0.0025822937106131576	0.0014404747094156187	0.004212106549006457	0.0012126281694452247	0.0012274571103338377	0.002564250976167386	0.01720866855047643	0.0019682571215630103	0.006831733625847846	0.0038026663640048355	0.0015709288273510539	0.00570936790416297	0.013425354309380055	0.0012966595986275472
T[T>A]G	0.00013614694270009674	0.0009341997777228243	0.0024065229825646385	0.0021077277072472497	9.694847002373882e-05	0.006521408550208435	0.002738319288240746	0.0006798424680117767	0.003641491022008508	0.00011580193908299856	0.0022796523996985343	0.0009129321309765796	0.014192811955697835	0.0021243318632970585	0.00904639016930014	0.002062279769968882	0.0019436056857230141	0.0042162629204740365	0.0025289285043254496	0.0018152678194442858
T[T>A]T	0.004330454549842109	0.014352041859390739	0.00010565441826197027	0.015198573663830758	0.0070198430290948095	0.015217004180843942	0.0010697659605304777	0.0035656444472767987	0.01786502677024685	0.013392567215581661	0.013760752461694	0.009192229673214375	0.0444360716813726	0.05758387135714293	0.023444027714431284	0.004886695062538831	0.0016445694617875915	0.01169208643254338	0.005226363059927294	0.006288796750113875
T[T>C]A	0.0009060521640096794	0.0061396106116008015	0.022638744961703195	0.0028115736497708317	0.0007243252993312725	0.00012058407039174951	0.0015984234954853585	0.005273305235081353	0.008104138654278422	0.012347846744335448	0.0334776373974164	0.00879732691014432	0.02440242933646006	0.01885437877047574	0.08135700956732035	0.0032969169590996196	0.001559908615122598	0.004354874188295465	0.0031596045274617825	0.0005640016116507864
T[T>C]C	0.001083205201356153	0.006279942275024951	0.013803436922840775	0.02588511905260384	0.004296082851020515	0.007603248760686256	0.0018335912301361698	0.0008400462500580336	0.015982464217105644	0.012058089303784072	0.023231998332310468	0.02742192874569446	0.0018634310186678537	0.03570530030631926	0.018793075002729892	0.0005474979949225388	0.002649812871619375	0.018774738647122154	0.0016840191949999697	0.00356168681101885
T[T>C]G	8.590909936810937e-05	0.00442057895486194	0.028602426551282405	0.015440524318255483	0.0010371650702340465	0.00015589021847330515	0.0003603653449247494	0.0013896153287714695	0.004423625119527875	0.013403594343923032	0.0254994309527101	0.004996789166705939	0.0038731407940069467	0.027332786723505705	0.015537297589704395	0.00030562244055141747	0.001226144394996513	0.0014030629201349288	0.0003445885397374099	0.0003975639776426807
T[T>C]T	0.0037126544100119013	0.02383316358551383	0.02485513732675463	0.02750644227489829	0.0054490870683546275	0.011765009244903922	0.004289749754793274	0.00036945958866347017	0.013972198765791973	0.018908429516114253	0.03957538234908886	0.016643874986482843	0.006699167144887934	0.06628518141014501	0.018284758291207254	0.0006527022540841181	0.0029794283788637595	0.0042651942594527145	0.00018113002876910255	0.004547090832551728
T[T>G]A	0.002239681715494953	0.00031359625846274266	0.004000023613972537	0.0042973197252818875	0.00045605301120226014	0.007843733561701155	0.0014890247207857556	0.0008470667427057023	0.0026115254713361923	0.00019493212851209502	0.0009174337628348624	0.0004545122366705463	0.006020324479432691	0.00186047734485929	0.0662364707812667	0.001317197018251688	0.002072879057144746	0.009667194942582334	0.00034004184904944996	0.00455986838683085
T[T>G]C	0.005316053141727678	0.0006232311069703427	0.0066509610563516616	0.017917031058110298	0.00046207698615646103	0.0052714182373310905	0.0010899064962250078	0.00020255084042572873	0.0008093329170284249	0.0007507710764141199	0.0005739094984982036	0.0008893907199762852	0.004753700304077938	0.0009213762452802813	0.014892540657892823	0.0015049463069748826	0.0007948586935054434	0.008009806805486117	0.0013663683973864523	0.001404707563861567
T[T>G]G	0.0019171060113294515	0.0009832504791499213	0.005824807927710935	0.009341160164680331	0.0030457325733295876	0.013375110935419798	0.0006952788792332172	0.0026477913033450024	0.004728928873506115	0.003363545638478853	0.0041990155534886555	0.002923308362356195	0.005996565232810099	0.016098222380882363	0.0170784752368927	0.001827907939837674	0.001098059118863619	0.01098668876807663	0.0017692972455054892	0.0009834366333770848
T[T>G]T	0.08034308800473809	0.05552068938677507	0.001814177702198017	0.20709475955367088	0.008031264777487564	0.002819299524361432	0.003907613238839163	0.001043853664222774	0.027896182750468186	0.010285094486332405	0.008106581627683754	0.00909266181585207	0.018123716469863757	0.05163802395079983	0.04009833346493542	0.0021223237215452213	0.001984680206533536	0.028702587105447916	0.0004429888684677155	0.006468181680225598
