MutationType	SBS96A	SBS96B	SBS96C	SBS96D	SBS96E	SBS96F	SBS96G	SBS96H	SBS96I	SBS96J	SBS96K	SBS96L	SBS96M	SBS96N	SBS96O	SBS96P
A[C>A]A	0.002779357966966927	0.000628890294767256	0.0018572077739044022	0.010942808911204338	0.0003230862421697721	0.026683440570253878	0.010643780974205583	0.0010250142294695019	0.06864986757189036	0.03906978744082153	0.01562569547141902	0.006597791287935806	0.0023495390759511073	0.01480273205973208	0.01288529076706618	0.005945639221341357
A[C>A]C	0.0008967794629150408	0.00042493015908890705	0.0057171795833855866	0.006680008189752698	0.00012098596167818937	0.017118756162934005	0.007983596310485154	2.6507977757396883e-05	0.014215222911909223	0.022359744772315025	0.013126337179215625	0.0014998405810306816	0.002476339091406743	0.0021719727298360712	0.006985306843028884	0.07064976209402084
A[C>A]G	0.0003034693396093644	3.696451619704731e-05	0.004447010720614344	0.0005259398079060702	6.4883486737822e-05	0.003913176975896931	0.0020329553217743523	0.0	0.0033237858535721896	0.0035687628692248835	0.0006330380995021605	2.406081189843328e-05	0.0005475282358630182	0.0008795240986710269	0.0011379549521541897	0.001274063218064839
A[C>A]T	0.0013263247472932562	0.001004013545025373	0.00013466480727932788	0.0023123604862007032	0.0005099077682321101	0.02077408677013591	0.0026095268616384655	0.00465644370764494	0.026030898079276086	0.03066336480434984	0.010239764078985917	0.0007285500663541798	0.0014905965164738865	0.00651916087112636	0.00947665447043255	0.02994773928448558
A[C>G]A	0.0007624689395888709	0.0001654422861652715	0.007538750045001507	0.0019880474783712998	0.00018079423897117257	0.025724444267340003	0.0043705611780751495	0.0022339306095382197	0.0020182877887273206	0.010201990390861514	0.003330292213926441	6.276612806318529e-05	0.006252999518532306	0.015103520780801773	0.001560875787222444	0.0007291427354342085
A[C>G]C	1.0234538011752662e-05	0.0005419808582373662	0.0033537954352796076	0.0013066584513289853	0.0002588650306248575	0.016387594130821526	0.002799455953761935	0.0005520895949739497	0.001868236425681971	0.004694311433793839	0.0021053771645485	0.0012583145613170928	0.0024874710606527513	0.010268883689306677	0.0011044577296139473	0.0021068416085026913
A[C>G]G	7.78823569064083e-05	0.0001419070357496821	0.003755893219728023	0.00017641144587806596	0.000265081047874844	0.006922187286720146	0.0005904951445402835	2.9073882526518525e-06	0.00010802535395979021	0.002008799047257695	0.00022570576208385295	2.4786769573056352e-05	0.0015936035636113957	0.00027432853449016757	0.0002005402921857945	0.000191028367821075
A[C>G]T	0.0001228841165882861	0.002082624989678152	0.006553618256933987	0.0026338729532435537	2.2087380522862078e-05	0.026498561467044057	0.0023093878591084653	0.001802862379232451	0.0004561155204199272	0.008873415889580414	0.0023571217305294575	0.00027221604180221825	0.007044902759604156	0.03237658338621259	0.000394016699411429	0.0019563981123366953
A[C>T]A	0.0007869789531265979	0.000652871388782321	0.03533513060584664	0.02077126807253808	0.005900685157976113	0.014917600802171783	0.07310262927785516	0.05428624052368104	0.002985492434277814	0.029124837475043023	0.001845764809218864	0.001630204726775623	0.0003375359516735844	0.005002707687439354	0.010506361427363444	0.00066649164692554
A[C>T]C	0.0003588528759961885	0.0005674869793722662	0.015822479993104935	0.006113831296330318	0.0018503849538974463	0.010062729186145588	0.04664215832203627	0.014149873241782188	0.00216517674329225	0.011553686058614404	0.0053235224061928335	0.008298263285774737	0.0006768494256152981	0.0019412649672575653	0.005916241245373385	0.0012112801734036178
A[C>T]G	0.0007519327820871318	0.002638427749334369	0.04194619330391288	0.26372415909171104	0.0031283045566645826	0.007287394823023444	0.003850760252932606	0.01864302621688694	0.013880991682735853	0.02248889810219407	0.03447476988976987	0.029910763500859954	0.003686720069267463	0.0029721291639004045	0.0189357663714909	0.02016033083037473
A[C>T]T	0.0018639019158435985	0.0008147803766012577	0.025156399447470904	0.005392048057867525	0.0005892344130522873	0.021598836574237792	0.06351312720775604	0.013667076740646735	0.0035442723891464995	0.02380145635828376	0.00914334492670605	0.00020853346490862213	0.0018788179351600306	0.0001396012094818907	0.00845713391018198	0.004982929357412002
A[T>A]A	0.0004229550109251092	3.614250853626655e-05	0.007776283541694283	0.002403375586611219	0.0015218280058252277	0.005204583441131913	0.002775182498612594	0.001930720711898175	0.0019165372791467234	0.022967580812517555	0.017231190796243027	0.01063293401664123	0.001579776371890885	0.018243973053991794	0.005561690996659308	0.003828688089880365
A[T>A]C	0.00040376838934005275	0.0010551201128400861	0.007431124897208065	0.0026879501978401095	0.0019528209062846145	0.0017417338869927944	0.003727622418140527	0.00213224653975993	0.0016157968884508592	0.012468446100705381	0.011707163055776619	0.017509054576978086	0.0017577103095287705	0.00043484236650094977	0.0017795239612864726	0.03413518182188272
A[T>A]G	0.0006934867891541216	0.00017133106240229087	0.007116721925325691	0.00122024842700921	0.0008265264300643924	0.008410664813063573	0.004609704532427713	6.731231114827096e-07	0.001835816828883253	0.019481641124526505	0.008340716894694922	0.002412545232414809	0.0019925283702337503	0.004932428052299656	0.005252186489990003	0.004808740995707922
A[T>A]T	0.00655318396911025	0.001655582519061975	0.0021136582784252607	0.010039731453638524	0.008017153036780656	0.012485509982999179	0.008136674762804094	0.027255040250718593	0.0056638892183545975	0.027430831797770224	0.05770644717663526	0.026143863789737223	0.000560171107401623	0.006070911318338448	0.009949079000769415	0.0067250402583156985
A[T>C]A	0.0009545737770173451	0.0009589532032343442	0.07724177110940218	0.0020242419710174504	0.0076856987688224765	0.00675537425960138	0.0015858563354747657	0.027652313649654387	0.003276226291432977	0.02790337774879299	0.03376549118943512	0.011416453033113108	0.0031131766041652335	0.029341092174872754	0.0051913267303474306	0.005180264669389585
A[T>C]C	0.0022452084328709668	0.0005772106426965173	0.023591188460588455	0.0007510685865394466	0.010897765424102545	0.011088977991603315	0.0003636746686962481	0.009439493835787289	0.0014675371857209062	0.007063943598070186	0.010341720386408269	0.010089706122875214	0.001913877890459844	0.0036913005262613294	0.0017180430498739449	0.007397394058294595
A[T>C]G	0.0001516450903852383	0.000712687599467527	0.07920768343657256	6.21515667233019e-06	0.009956284899119055	0.0056868672514533945	0.0003176407375729177	0.036255382135510446	0.00017786763846547988	0.010018748500850052	0.01367572541466481	0.0024024830726055223	0.001651546081915615	0.004067340428137024	0.00116285547820112	0.002439325229504316
A[T>C]T	0.005439203147776425	0.0015548803601798003	0.058097458101809024	0.00383597719646059	0.012065275834407658	0.020486958829220383	0.0036085461748708567	0.0048069988291244954	0.0037694468977861107	0.026317161636427045	0.023684910334646703	0.008184013628400863	0.003733764210104721	0.014578413559123874	0.006250829786269151	0.005167822971059347
A[T>G]A	0.0007230345137034625	0.0008267496893062985	0.008422003554180265	0.0006824298854189692	0.0038061345231253656	0.005511057369876653	0.001008167981834831	1.9797023924184033e-08	0.0006100379388818195	0.004030455644809404	0.0029807989076433223	0.0010128297523651936	0.00040742609729748643	0.04133170075714588	0.003538014253907022	0.0013814260158409974
A[T>G]C	0.0006457683143977896	0.003398734264425002	0.004535691094119102	0.0001633789102616187	0.010818827778100967	0.002443080511588647	0.0010559424783896248	0.0005412171539064729	0.0001533879375747264	0.0014473014175862956	0.0013012815164493707	0.0027104749084683136	5.939482401484552e-05	0.005872694613412023	0.0014850225544799662	0.0016592300586635246
A[T>G]G	0.0004933419642621	0.000809089408125169	0.007431967511773109	2.2469013378727394e-05	0.00535129759949632	0.010540796411722064	0.0009259855158131725	0.0005954428932236624	0.0009235846777446568	0.0069593291932251305	0.0007337034957993086	0.0012056048180743915	0.00040647276764812124	0.008117461370304228	0.0029794754640897736	0.003243874779553153
A[T>G]T	0.036348488856106996	0.04738942102715373	0.0028726141959473724	0.0014584644415469895	0.09442324253916741	0.003951504541120167	0.009538465079851448	5.9859946641712085e-05	0.0016488940865389279	0.009731035794538911	0.006637408212843629	0.002283921298519771	0.0004319381399880162	0.005170065137292852	0.0022126938227386137	0.0029558537383005136
C[C>A]A	0.0013956464200164192	0.001058386720949784	0.0010589834789038763	0.002054112760327371	0.00010907615656826966	0.019509024476632476	0.003896062693508225	0.01751396712474525	0.057909038238227364	0.01813196497410536	0.008690146113280207	0.0013654605320064042	0.004384301971411333	0.009599481890909374	0.00945567315397784	0.0284372981749475
C[C>A]C	0.0010177696807950269	0.00011423174861493462	6.240577660911478e-05	0.004580130999209359	3.1611431604004204e-05	0.016368185150437056	0.005647916089801583	0.02857265480235219	0.013138757677748799	0.012398687419768663	0.0017103078757163446	0.004745669037103653	0.002272666350182476	0.004884165380848572	0.0053739918833598495	0.021524930519983172
C[C>A]G	6.471619150424762e-05	0.00017035392270978823	0.0034781455365009606	0.0034037521053105592	0.0003182118018130498	0.0029340722622582687	0.001587774968253143	0.004420006042812019	0.005968920621089637	0.0009250120041504267	0.0003000828575556147	0.00011753387280758967	0.0011753789944341406	8.741006654095443e-05	0.00014007628744993323	0.002244938455056399
C[C>A]T	0.0003405639711133831	0.0004706278876006441	0.0012997850424454004	0.0024917822708718125	0.00210616065270766	0.016367420377464605	0.0018503812597214981	0.08553832390904427	0.03783455662056804	0.0015551050695431364	0.02320942976907827	0.0022181882061723364	0.0018350893340407062	0.0032528076581613604	0.003785686328140316	0.0434315426684916
C[C>G]A	0.0005259851965238341	0.0001796464544948121	0.000997479336987983	0.00014221157002619045	0.00022387000622052438	0.0209613724257797	0.0017559097208554987	0.00021399238712911862	0.0005692780481618752	0.0067368821947020475	0.002323834006184149	0.00028795913645104465	0.005204295578412711	0.007499639557208866	0.003162562081008218	0.001148129582264936
C[C>G]C	0.0005656125267123571	4.422858335337713e-06	0.0025182779455790298	0.00014215196280024256	0.0001808736207417782	0.01810411910316907	0.0022542243166826666	0.0004988204270339338	0.0006514386237418588	0.006655680067548026	0.0008237362095394943	0.00038783133627717467	0.0020697337829274146	0.004415861694025807	0.0011758697547268246	0.0010306693373681672
C[C>G]G	0.0001217557275776463	1.7640945829947668e-05	0.0017340146189089864	0.0007461408278904855	0.00014408443993012458	0.0055545243063243105	0.0011701187898797798	0.0	0.0001552566672111146	0.0015188928734579954	0.00023227552444751614	1.5793317222050975e-06	0.0014795710230246187	0.00022624099095111316	0.00020037422368964563	0.0004083157236957029
C[C>G]T	0.000162408196596783	0.0006246442431575643	0.002119968367761214	0.0003781413335457459	0.0005992758212772535	0.028631371975759976	0.002041125595472658	3.893715303274803e-05	0.0004972778361419806	0.00866107478791171	0.003341203599109484	0.0007919456121628518	0.007918174377176911	0.01459523553494364	0.002820580764033366	0.0028696906377444977
C[C>T]A	0.0013983964414223692	0.0008080977507145867	0.004379830288999529	0.005119251373922452	0.0018311723673250526	0.02225305999815464	0.08235329917818308	0.005823336142725453	0.004653609587810934	0.01327521664649248	0.011485208363105756	0.009708088911138476	0.005470221384890382	0.007255039696814492	0.023461412750184537	0.012190721738152206
C[C>T]C	0.0018451450960855307	0.0001808864493059129	0.0009474398206715887	0.0015147215354558835	0.00019014352817250455	0.013031554679770095	0.0899763742685318	0.011378167415969073	0.001381351969144599	0.00099546529092748	0.007651414804941705	0.010398228261853291	0.0022023825089907056	0.004593873992445969	0.005258672161123962	0.0420808316282928
C[C>T]G	0.00258530868779053	0.0005613303900532486	0.023465776111930608	0.17471366700530053	0.003493767599412024	0.015577965334989131	0.020180337641388178	0.020083036422729492	0.010583936721711325	0.002654451859991365	0.014192552792824586	0.0252157564372003	0.006323014655581675	0.0036768047345770113	0.0026470378036729434	0.008891671046932195
C[C>T]T	0.0017767781719994673	0.0004883491071890417	0.014630210863426328	0.006773561486508697	0.0013243951502081473	0.018621631131507457	0.07426272205263376	0.007016958360793069	0.002388720490905329	0.013513220567256212	0.017839122059755026	0.007215434357407503	0.006887293577659875	0.0020091536297996795	0.014263386089354754	0.039631265219300986
C[T>A]A	0.000555185711200394	8.083884747828621e-05	0.0027641063871560617	2.966069269406143e-06	0.002241854828200303	0.0009186535744762902	0.00028540736646485976	0.0003222876349207611	4.191497960542252e-05	0.013234160942917274	0.003959936499684696	0.0003808882420939535	0.0018942872329469854	0.010911030719056726	0.0030475517437853414	0.03880921762809157
C[T>A]C	0.01197410005889833	0.008160805873572827	0.0004428882434886003	0.0004941849879313936	0.011816678199917078	0.006670475025399355	0.0015779229870010005	0.003249118836596608	0.0015505894554080442	0.01433783450210467	0.001920918187204531	0.002858286984730512	0.002119447391321349	0.0024101520657028967	0.004548932162928395	0.037663124170154334
C[T>A]G	0.003312674741493538	0.0021442461989354344	0.003825355610344559	7.561384866176735e-05	0.007546469100750983	0.004674913967952315	0.0017889806047719815	0.0004701610803155367	0.0009400330658281746	0.014778246217290871	0.003149615016497685	8.278674684740958e-05	0.004044587983051315	0.00518148711649701	0.0030631508916151478	0.03843920636922121
C[T>A]T	0.05492262469232082	0.026223638924304397	0.0007421032014246495	0.00017444139414853348	0.009571862253683073	0.006145145831004801	0.0026218087035886155	0.0013900646357660027	0.0016510554299358764	0.0322263425628189	0.002324770400235595	0.00047109486132413823	0.0021135941453216383	0.01925627345312387	0.010153093146742322	0.050602006927132605
C[T>C]A	0.005020308435225161	0.0007748720964057782	0.02607687446475029	5.878671459188484e-05	0.019948858950287102	0.0028717026038638533	7.885786501662547e-05	0.02017906343564391	0.0002483299094197306	0.008585947300727433	0.013324300755746662	0.0036637808906901876	0.001548261232578571	0.026439601108431816	0.003678242910090128	0.010747435721568763
C[T>C]C	0.04723611326888204	0.018720175862312317	0.01166092319600284	0.003526171865174547	0.063360932841897	0.015133932005148381	0.0027065908818463534	0.010531003092619357	0.0017628426817761634	0.00458521700051729	0.0025251948964649714	0.0030313082927982122	0.004159154517576098	0.004166798263113167	0.0017549339090137809	0.018974084332585336
C[T>C]G	0.02526878557354212	0.009219316815026104	0.044099625568836925	0.0016167931643782652	0.05523626500368118	0.0037423288931033973	0.0008502822184660991	0.03917555258050561	0.0002118046230444051	0.0006472498268154868	0.007136312319729504	0.002334429484520049	0.00046290330345963136	0.0007156862689959698	0.0011520563109490881	0.013728588701225817
C[T>C]T	0.23261487355828286	0.07519480055244986	0.024667628960683943	0.0011134481257016543	0.05548385763039578	0.010389534907370249	0.0028421520792597404	0.021815596209384055	0.0020000874940608168	0.011685642560791153	0.011822376542147281	0.0036309178769810204	0.0006611946021291535	0.007282125023382077	0.006118781739769	0.02534347063772097
C[T>G]A	2.586844280565047e-05	0.0019189456587404207	0.0018214752770145423	0.00021021078044821634	0.005996688056038693	0.00843120105471462	0.000636698633172774	0.0006315136817873963	0.0005354084132398001	0.0013995406068429772	0.006319356635212898	0.0008990618097782633	0.00022533761574175182	0.015036001013591885	0.002701401444035582	0.0027051491973688825
C[T>G]C	0.004639618548096072	0.028230271939188242	0.0036264444545377047	3.643376007244524e-47	0.020364146564621516	0.006751099587883801	2.7164084937480002e-05	0.005758031270117499	0.0007818579382560425	0.0002932843748027846	0.0007561254880332239	0.005127432964742184	0.0004064789392905751	0.005082075728336349	0.0029814068574341946	0.008091743216384202
C[T>G]G	0.0022919819549133535	0.011147153588943184	0.0032673906235722826	0.0	0.014417199541814625	0.015874009303748608	0.00019281987859631126	0.006039064891724451	0.00022715660219386094	0.0047752585646501575	0.007790467879269272	0.00706876752525568	0.0011653086751456975	0.00525052325654542	0.0035910850410582496	0.004267784729134291
C[T>G]T	0.2916280493885279	0.49402800339460373	2.2235656654824324e-07	0.003554126800839824	0.05402382930836311	0.01401392699558681	0.005713778797900961	0.0009690663244669662	0.000730245318601471	0.01629171040805658	0.013139229492904823	0.015807290558509875	0.0015972779162051818	0.022855729366967906	0.00589778627799387	0.010363951930919523
G[C>A]A	0.002084926130003581	0.0008618894066144126	0.0054876806342508645	0.006116527386009693	0.0009918428330827176	0.0014080099291647243	0.009403883355273025	0.0006719024741875531	0.1499309916496277	0.008649673978414166	0.001363584284490647	0.01503853997902479	0.004089611172915063	0.009999544112029536	0.0063546848971736455	0.011819900697156377
G[C>A]C	0.0008421122039289912	9.028330901247087e-05	0.004577326852828264	0.0026043671215884388	0.00025441093014026196	0.005552151107722505	0.0044193471360486	0.0026210128342500304	0.022684822615236043	0.008161274990615402	0.0029609608371716904	0.010824180277064442	0.0018946413305495507	0.0016817435230768636	0.0027163896688992464	0.049110804341733455
G[C>A]G	0.0002483721245371271	6.228450823199791e-05	0.0037403237391263246	0.0018947641840204596	7.7748411447226e-06	0.001629422429454414	0.0034773216277826577	3.817711206982804e-05	0.007303877069614827	0.0010718482564251418	0.00044570393438542687	0.0021514977923652624	0.0005735882816135867	5.798445348318637e-06	0.00034739631241138716	0.0009649539578862516
G[C>A]T	0.0007647692388237892	0.000588799505609241	0.0004884307881260402	7.597308644789688e-05	0.0008791685131855574	0.009572370963171125	0.0022114866288777844	0.012100295655895025	0.08089625552296638	0.008018426172183289	0.005435308660465694	0.02396088150702417	0.000571438979396071	0.006497604514472858	0.00949075484322384	0.006343338368567904
G[C>G]A	0.0002817828168051466	3.455412831692195e-05	0.003943951873574406	0.0008297158687200863	0.0005242211958247935	0.012087487913587538	0.0008805349417965538	0.0002829264511892794	0.0012700799411395564	0.004854096761569964	0.0007575368805692187	0.0006203595845854608	0.0020364772606408224	0.004738840184174478	0.0016209058771198398	0.002542092214105651
G[C>G]C	5.615349445355869e-06	0.0006079446642106632	0.004356649818830192	0.000828808216854215	0.00047252179388184654	0.010108344106934964	0.0006795994389305437	0.0013364003402239178	0.000351374008288573	0.0015620694750359567	0.0006750099607383857	0.002838136468315497	0.0022014350931858643	0.010324298636987805	0.0006015237788471869	0.018188138127326964
G[C>G]G	5.665206226203048e-06	0.00011257988449506228	0.003348071840591729	0.00022204010033460606	2.050375634498111e-06	0.002559795532753924	0.000695487095064891	1.0067446541148644e-05	0.00010663359685926953	0.0005550233213735964	0.00012754627035009951	0.00015195977861675073	0.0007171157838020008	7.358641135600787e-05	6.745244119211857e-05	0.00046143879638632337
G[C>G]T	0.00017098535854521743	0.0007407296541205141	0.003207547475583851	0.0009143398362211883	0.00034647146433829877	0.017592922826064752	0.0014680199751254373	0.0010142666533356532	0.000709563644388254	0.005625623883766746	0.0013919242549979899	0.0005879970973455495	0.004300496037583798	0.009893607081845402	0.00019091705871769577	0.005423022651579231
G[C>T]A	9.268473881442425e-05	0.00036215322326329835	0.009947512051090597	0.015734388614306226	0.0021050019042848436	0.004981123715286321	0.04354712654836476	0.04952751681953669	0.0022042032663011925	0.012924135465763263	0.00022512105211278477	0.03216774941422045	0.004369734064210206	0.0037023416478438828	0.005847023337660723	0.018879660610109567
G[C>T]C	3.533907803396885e-05	0.0006562469170960372	0.010003781006834628	0.010795322325080665	4.798596868502293e-05	0.0004508450612299145	0.03540442679732223	0.055403246220201256	0.00010449010167681974	0.006453473347995967	0.0031530485757918364	0.07461451072245837	0.0027502810103349202	0.0026832845489528287	0.0021364836573183822	0.0023572375299524225
G[C>T]G	0.000794567242604102	0.00042953522316793946	0.0027759607102995874	0.18185490646958352	0.0014611238458871454	0.001154337019493288	0.0188873258453451	0.04643735403209621	0.010638372037497911	0.0070945762615103195	0.02841783089981143	0.1664970966875553	0.004750540744961496	0.006304570195459166	0.0047181501142840344	0.002083243530861344
G[C>T]T	0.0005245559240560282	0.001266968041920336	0.016943970369175075	0.010216375063289889	0.00021836040403549228	0.0055976200334612175	0.034097240455448624	0.03231379113253206	0.002331214376958087	0.015058946664445102	0.010335078170988709	0.044756452586501835	0.003881142445257865	0.0021865799861379995	0.005481216835465042	0.003763482643873999
G[T>A]A	0.00015882753748039984	0.00027445889339287535	0.0026720705796033145	1.401414610492402e-05	0.00034508945874041835	0.002258512570276669	0.00022917440687481724	0.000585989945786423	0.00013536996319692867	0.014978559310373384	0.0061908773436953465	0.001029884522315869	0.0012573175474689963	0.003801551893764391	0.0016816508992299854	0.0032556143450687934
G[T>A]C	0.0027282631867565216	0.0018921390825416893	0.002888381415279582	0.00021613051568133697	0.0028112193290144205	0.0033948026951402424	0.0014425968024916074	0.0023156238931696864	0.0005627326527392398	0.006489552359329537	0.003429012740380131	0.0064511107876896855	0.0011472367364465798	0.0007317537041131429	0.0019297404064808048	0.015624151963740587
G[T>A]G	0.0012688546315184795	0.000393310787248339	0.002767223134636879	0.0003901544120754874	0.0019122448054840788	0.0056182334638815576	0.001191841822956794	0.0010579691474849823	0.0007242413397325457	0.011070001474348829	0.003770070650849551	0.002146519182602333	0.0010266605020507313	0.002507903480058303	0.0023018207359855308	0.002186002521167531
G[T>A]T	0.01126322858966887	0.0039525407557812284	0.002244344933220418	0.0003471195706822922	0.004738704877905548	0.01104865051620098	0.001571924896346475	0.003360656448639929	0.0017074619893101045	0.018746620068326593	0.004763450525371253	0.0010725271789179228	0.0005150551412536905	0.0032330085036583116	0.0051015988728031515	0.005005973700623144
G[T>C]A	0.0003089657586565824	9.622090563886334e-05	0.025888081217184663	0.0003084952255003409	0.006398425529710949	0.0028617294746562413	0.0009740767067108067	0.03058060972392559	0.00023546319678870544	0.008208240445872768	0.022020567598752677	0.041990223616361615	0.0014355765900481167	0.010103809578344227	0.0010893400549695494	0.00045211235820916373
G[T>C]C	0.008917943335603922	0.0028473406665725635	0.014303449167869985	0.00014145248612017376	0.015298854640685021	0.006105396699572452	0.0010208795743482035	0.008683478238759562	0.001425024081218453	0.001412607648396468	0.009650972433853894	0.03782066648080945	0.002576786825075942	0.0036759609476801495	0.0004524350260999097	0.008770454850979149
G[T>C]G	0.0055150219306815415	0.0013706575964024523	0.03484404479712248	4.2049229498921525e-05	0.01612407942675054	0.002512244122082062	9.269395862020865e-05	0.027629000695422293	8.85123663427793e-06	0.0008792358738182806	0.010487336305086501	0.027788313020020723	0.0015033720532125064	0.00037335272777016886	0.0010717615131208003	0.0005310773816525357
G[T>C]T	0.02026081840135157	0.004120744425464793	0.027728433899581434	0.0001288279892931819	0.011528677387163042	0.007900287649594247	0.0011186059865677927	0.01349982601823379	0.0023217045040801166	0.011663971988253717	0.019580987071618438	0.027418280001729727	0.002308952418682111	0.008551608611363918	0.004484111331730673	0.0025054412276443805
G[T>G]A	0.00021350411268932602	0.00034008721769206884	0.0037767319274134934	0.00015915072434745535	0.0018493836156558245	0.005425322757626418	0.00010183584865612746	3.928251907235631e-05	0.00032546116091416045	0.0030863257362216483	0.0007888197092595639	0.0007846045937039889	5.955585002084278e-06	0.00680666765011847	0.0021908397522056476	0.001036427308616112
G[T>G]C	0.0014884194752230542	0.0064843178549781446	0.004113147818949074	9.350460366980635e-06	0.005646636857854901	0.0036202936989720913	0.00010110223748710897	0.0003494713754486786	2.7562495990055994e-05	0.00020834427000143054	0.00020852912565042238	0.004391247829189524	0.00030429603009785906	0.0029556621223455295	0.00031429381848531115	0.004599437246564776
G[T>G]G	0.0007430161862091576	0.002563518945360556	0.0040636931792832915	4.994180069428086e-05	0.004957895702449605	0.011595805040793493	0.0009596590280013852	0.0009694843423421844	0.0005082573727370203	0.005932878275227267	0.0018718301629342023	0.004284215749008581	0.0007295852045406196	0.0037059031995013356	0.0027200302147539334	0.002614170136395842
G[T>G]T	0.06328524685651064	0.09758642022311688	0.003301584185525666	0.0005818226836366795	0.04993954354524612	0.012338681641966104	0.001350775658858697	0.004719396233227513	0.0014757611679586241	0.0020918353799698943	0.0021810708664948657	0.02845990871079266	0.0005091690416581468	0.0038792725874343182	0.0015027745581439914	0.00209393482641047
T[C>A]A	0.000799404600307029	0.00054414785541876	0.0013533596518185138	0.0031916831832148455	0.0014001187180175067	0.013195134528446943	0.00713732390050427	0.000995896260073539	0.11266683906316757	0.013820865384339976	0.025109618967864664	0.004629354257010101	0.02667556648515165	0.02345365323871374	0.012500968297943473	0.007824253421671078
T[C>A]C	0.0009972622463974448	0.0003014998807626578	0.00033487745320098534	0.005059810426551849	0.0007978541720252028	0.012889890866121276	0.006283289272105321	0.002360533346887678	0.0583439686819911	0.01572530529787764	0.009624554166337475	0.007348208531737328	0.014340770209208131	0.006734935276443138	0.0044400972916983006	0.031912446983158586
T[C>A]G	8.793220180644693e-05	5.5903951432350226e-05	0.002673633042257279	0.001134399970935192	0.0001600170715698448	0.0018820137522520782	0.001979224159178557	3.3626465222707694e-05	0.013638979325070978	0.0011962358657205889	0.0032138162848423233	0.0006008433398501862	0.0024207759648998033	0.0007269761804631216	0.0001253860746140558	0.00024359992573874572
T[C>A]T	0.0005258270098957815	0.003978687546448782	0.002155447238385616	0.0038786439735811556	0.0024935757729732913	0.024363251732451293	0.007223468922737401	0.01401125344238244	0.18510786446928978	0.011654648408452655	0.06426600606366992	0.010422753249317032	0.01700070770457387	0.013711357954706191	0.01373346627029287	0.02770649834163487
T[C>G]A	0.0001992968401414955	0.0006347535710744969	0.0007071815453265271	0.00018998525668505263	0.0007209055235693737	0.012060660660296334	0.0005260939370760064	0.0002844542413322159	0.0008748915400755504	0.006148389665053559	0.0046057603724753765	0.0004400631708090167	0.16832542914152146	0.01637226097192258	0.010771095310596692	0.0014016268300636346
T[C>G]C	0.00020318206968723856	0.0005237204445772363	0.0008194848884932282	3.2747329329029064e-05	0.0007745907668941073	0.02352900043246336	0.0031478388456453103	0.0001288508752863125	0.0006823428528427372	0.007213926155317417	0.004482167906011455	0.000932478509485193	0.03932983513176441	0.010203866741794626	0.0015339696274733136	0.001836749730817063
T[C>G]G	0.00013930043621621736	3.142792791529562e-05	0.003127944557927549	4.094708501738156e-05	5.885959286168739e-05	0.0024971770692354765	0.0002621376529506281	4.825657001481771e-07	4.938637474980095e-05	0.0010215296563012009	1.4557654993314525e-05	3.779923829905481e-05	0.010126138703897596	0.0008411353244587398	0.0002632162256783491	0.00026530479155473577
T[C>G]T	0.0003294252732266545	0.00232226267142687	0.0006059145234256193	0.0017034472402592655	0.0009510681684122468	0.03268944288976491	0.004261379265172464	0.0009881856273354632	0.001130596850559862	0.012308125346182619	0.01208661549759563	0.0013536590244009482	0.2025981413424015	0.050016948837786915	0.014421435767606948	0.006256329098308925
T[C>T]A	0.0008255035620814209	0.00062108253971136	0.006630816163706165	0.004719688263012164	0.0031254494097812157	0.005955161190329375	0.04571302130482961	0.006794188011392242	0.0024449816537940663	0.00362678732750916	0.006153785184781489	0.004186034653276804	0.18102359050884842	0.0010064678042504337	0.27945552122592926	0.0024765690491649044
T[C>T]C	0.00034399959312308016	0.00130755451955602	0.001853315720594742	0.006977177616208792	0.0049779459770652465	0.02164652063511312	0.07326033128798008	0.006408928901189938	0.0014702697498937423	0.007121811197894537	0.018568780984729527	0.01788130883593112	0.037240425285865256	0.006813340551082664	0.09118816553801298	0.0060424107307184656
T[C>T]G	0.0010349357234091473	0.0015677888907706537	0.02539957645535469	0.10369976043701172	6.208652993427184e-05	0.002244725841974442	0.004899799065238965	0.003992823483697522	0.008483266999712214	0.005312748050305576	0.019440863275434823	0.0185287336082547	0.02491263395920396	0.0013452101021351548	0.034267608024179934	0.008791318216652143
T[C>T]T	0.001124837366557872	0.0007390815930815545	0.007395196041907184	0.010031392173375935	0.005501849708380178	0.016699322734264683	0.06498936512321234	0.004593771259570024	0.0013497639380139045	0.00802805981101925	0.02511512293294072	0.009955464715342241	0.09317915837917122	0.0053222130342514004	0.1891673044413328	0.011223853091709316
T[T>A]A	0.0024667766957441615	0.0024722227577167358	0.0014907381883321644	0.013335208050906659	0.0004744256066323458	0.016049797567241533	0.01517627412045822	0.008884803706897149	0.0073981742096948435	0.019586707517992467	0.08007605730742216	0.030640002575704452	0.0020429385253501815	0.02951956330027896	0.00738628041055731	0.008952443783906099
T[T>A]C	0.0024736285763792693	0.0010628624378587119	0.0003651684223119195	3.012545410326795e-05	0.005139413046650589	0.007793191136460337	0.0029151787979062645	0.0010091037447855342	0.0007145352512308771	0.01518324665981345	0.004995586831693288	0.0027173513462767007	0.0013758074650305613	0.0076813949970528485	0.004555123090045527	0.0127780133895576
T[T>A]G	0.0009378981270810982	0.00013519656846241754	0.002500525426585227	2.062952966752702e-05	0.002213590960483998	0.005272488192335004	0.001861654079053551	0.0006946612515184824	0.0004414236136878745	0.010721533290401567	0.005291967560653575	0.0012123311935569499	0.001564307174172427	0.009402715094387532	0.002896125908646354	0.0030730507026892158
T[T>A]T	0.015365751350298523	0.003644721663556993	5.055478067494106e-05	0.011176796758547426	0.01707748404890299	0.01112095646508757	0.005023565239087549	0.02129357674345374	0.0018840727211803397	0.03703957728296518	0.0237860677096959	0.007559647424738602	0.0014869185971772287	0.030692305263131856	0.007720100026389344	0.004467604890166982
T[T>C]A	0.006007455321028829	0.0003617244219032639	0.02994220168888569	0.001634920827654618	0.005441020472832007	0.001065816745114271	0.0008622984019094994	0.022213966919109224	0.0027259373015840536	0.01471566719268627	0.015955941591526024	0.00864580873772502	0.0014417530882059669	0.07620178913325071	0.004737109997332238	0.0034851637239551713
T[T>C]C	0.005666469312554455	0.0020201338072150465	0.016783529311418532	0.00519470322644338	0.028143801597878337	0.011748686938080937	0.0024756404387558393	0.021079680722206832	0.0005315908704791261	0.002875113638053132	0.020308016477152704	0.028194772459566593	0.002647496080433484	0.01891644162684679	0.0018454394495756006	0.0025395597434434303
T[T>C]G	0.0039664218991484375	0.00021372851582809267	0.0316857894025743	0.0018715888998122017	0.017909745930694044	0.0007524889034501579	0.0008500568099228087	0.021686494015157223	0.0007632870255690426	0.003844835025819101	0.009057666850746287	0.003952755816768302	0.0015677354138308422	0.015287694815546274	0.0003924872454520296	0.0006788681128651397
T[T>C]T	0.022964061349630357	0.003007017276576976	0.02962205996736884	0.008593402929604053	0.03233211447112262	0.0115695231128484	0.00433506609252072	0.03677148688957095	0.00010696627965341671	0.00852667328080861	0.023471604116261004	0.0145213870559528	0.0034935739453067073	0.02038401956483722	0.0012988968873257835	0.0002451620532661166
T[T>G]A	0.0004054207453441994	0.002865827553207055	0.005911891230614856	0.0006227554735909083	0.004192380763182882	0.010341375718358903	0.0014946292910030675	0.00012035724713611153	0.000692246859844263	0.0025644055094149643	0.003031707769742488	0.0010881283350362534	0.001839231453544926	0.05973464553803205	0.0022050269640625187	0.000563988580237482
T[T>G]C	0.0003527069624996867	0.006291167970048263	0.006415301200002432	0.0007196153762378361	0.01718526159366593	0.005660402251291089	0.001721958622792243	0.0001690625000103084	0.00014337107224054503	0.0038552492816234006	0.0002741796102150975	0.0011625804221241914	0.0008567888227191862	0.013386661909520627	0.001584330080781767	0.0016947390162886222
T[T>G]G	0.0012678165687627825	0.0023442127617599906	0.005618127904832363	0.0040645039812661704	0.009870549926999957	0.013260239036986605	0.0011208307543970335	0.005789340253919363	0.0009893667209976975	0.0065027306294068695	0.0058834682903252545	0.003127010886149806	0.0010720080190691687	0.017097388315945865	0.002940172844333574	0.0021915641640080138
T[T>G]T	0.05310521533340216	0.08584963861852885	0.0020011192382930645	0.01685069408454001	0.19903576275706292	0.0026111890834818316	0.01275201414415791	0.010802622251212597	0.0006572382773366909	0.022517490499778112	0.02244869898974614	0.008684957317591405	0.0019311572943815282	0.03574093744717538	0.0010822843559452225	0.00036651035904489675
