MutationType	SBS96A	SBS96B	SBS96C	SBS96D	SBS96E	SBS96F	SBS96G	SBS96H	SBS96I	SBS96J	SBS96K	SBS96L	SBS96M	SBS96N	SBS96O	SBS96P
A[C>A]A	2.82E-05	2.30E-05	5.78E-05	4.29E-05	2.65E-05	5.79E-04	1.37E-04	3.18E-05	1.05E-04	3.26E-04	2.75E-04	1.14E-04	8.78E-05	1.53E-04	1.76E-04	1.84E-04
A[C>A]C	1.87E-05	1.23E-05	4.66E-05	3.25E-05	1.16E-05	1.40E-04	1.07E-04	1.04E-05	3.98E-05	2.28E-04	1.77E-04	6.49E-05	6.54E-05	9.40E-05	1.04E-04	1.89E-04
A[C>A]G	3.56E-06	2.36E-06	1.30E-05	8.26E-06	3.82E-06	7.42E-05	2.50E-05	0.00E+00	8.89E-06	5.92E-05	2.44E-05	3.37E-06	1.40E-05	1.54E-05	2.48E-05	1.82E-05
A[C>A]T	2.00E-05	1.46E-05	1.90E-05	2.72E-05	2.03E-05	3.54E-04	7.78E-05	2.87E-05	4.80E-05	2.37E-04	1.85E-04	3.84E-05	5.40E-05	9.90E-05	1.20E-04	1.30E-04
A[C>G]A	9.63E-06	7.94E-06	5.89E-05	1.62E-05	1.11E-05	2.67E-04	6.47E-05	1.51E-05	2.16E-05	3.95E-04	1.11E-04	9.73E-06	8.15E-05	8.26E-05	5.17E-05	3.54E-05
A[C>G]C	1.54E-06	1.09E-05	4.04E-05	1.20E-05	9.29E-06	1.36E-04	4.36E-05	7.54E-06	1.67E-05	2.42E-04	8.62E-05	2.23E-05	4.70E-05	6.14E-05	3.66E-05	3.48E-05
A[C>G]G	3.14E-06	3.66E-06	1.78E-05	4.17E-06	5.35E-06	8.16E-05	2.07E-05	9.16E-07	5.70E-06	1.20E-04	2.54E-05	3.74E-06	2.16E-05	1.91E-05	1.46E-05	1.00E-05
A[C>G]T	1.01E-05	2.03E-05	7.34E-05	1.83E-05	6.14E-06	2.49E-04	6.83E-05	1.58E-05	2.05E-05	3.61E-04	1.26E-04	2.30E-05	9.18E-05	1.21E-04	3.75E-05	5.69E-05
A[C>T]A	2.35E-05	3.55E-05	1.70E-04	1.56E-04	5.82E-05	5.09E-04	3.30E-04	2.56E-04	5.36E-05	5.01E-04	1.26E-04	2.69E-04	3.90E-05	1.57E-04	2.90E-04	7.19E-05
A[C>T]C	1.06E-05	1.30E-05	8.70E-05	7.15E-05	2.12E-05	1.72E-04	1.56E-04	9.02E-05	2.78E-05	1.82E-04	1.21E-04	7.94E-05	3.59E-05	3.83E-05	1.66E-04	5.58E-05
A[C>T]G	4.24E-05	5.38E-05	4.64E-04	4.14E-04	5.99E-05	3.00E-04	2.80E-04	3.57E-04	3.90E-04	4.16E-04	1.05E-03	1.65E-03	1.98E-04	1.87E-04	4.08E-04	4.19E-04
A[C>T]T	1.83E-05	1.93E-05	1.22E-04	9.97E-05	2.22E-05	3.76E-04	2.09E-04	1.10E-04	4.25E-05	3.18E-04	1.96E-04	5.05E-05	6.83E-05	2.64E-05	2.42E-04	8.54E-05
A[T>A]A	1.82E-05	4.85E-06	4.09E-05	2.46E-05	2.85E-05	1.75E-04	5.66E-05	2.88E-05	1.98E-05	2.72E-04	2.87E-04	9.31E-05	4.41E-05	1.18E-04	1.10E-04	1.17E-04
A[T>A]C	1.25E-05	1.04E-05	3.77E-05	2.23E-05	2.10E-05	8.08E-05	5.65E-05	3.61E-05	2.07E-05	2.52E-04	1.55E-04	1.16E-04	4.43E-05	4.41E-05	6.40E-05	1.12E-04
A[T>A]G	1.19E-05	8.91E-06	2.99E-05	1.43E-05	1.75E-05	2.57E-04	4.82E-05	6.73E-07	1.84E-05	1.23E-04	1.86E-04	4.62E-05	3.84E-05	7.55E-05	8.56E-05	9.24E-05
A[T>A]T	4.61E-05	3.56E-05	1.03E-04	8.35E-05	6.73E-05	3.29E-04	2.00E-04	9.68E-05	5.45E-05	6.03E-04	3.21E-04	2.69E-04	4.13E-05	1.86E-04	1.74E-04	1.55E-04
A[T>C]A	2.74E-05	2.64E-05	1.95E-04	4.86E-05	8.02E-05	1.93E-04	7.70E-05	1.30E-04	3.14E-05	4.26E-04	4.80E-04	2.08E-04	7.68E-05	1.91E-04	1.55E-04	1.45E-04
A[T>C]C	3.60E-05	2.88E-05	4.75E-05	2.13E-05	7.11E-05	6.97E-05	3.13E-05	4.56E-05	1.56E-05	9.82E-05	1.05E-04	7.79E-05	3.80E-05	4.49E-05	5.12E-05	4.18E-05
A[T>C]G	1.66E-05	3.15E-05	1.87E-04	6.11E-06	9.57E-05	1.75E-04	3.85E-05	1.46E-04	1.34E-05	1.02E-04	3.91E-04	2.22E-04	6.10E-05	1.04E-04	8.83E-05	8.42E-05
A[T>C]T	4.11E-05	2.46E-05	1.11E-04	4.33E-05	8.21E-05	2.85E-04	1.03E-04	5.87E-05	2.64E-05	1.86E-04	2.90E-04	1.25E-04	7.26E-05	9.65E-05	1.19E-04	1.17E-04
A[T>G]A	2.02E-05	2.19E-05	4.72E-05	9.93E-06	3.55E-05	9.45E-05	3.49E-05	1.98E-08	2.12E-05	1.25E-04	8.20E-05	3.60E-05	2.17E-05	1.35E-04	6.27E-05	5.52E-05
A[T>G]C	1.91E-05	4.66E-05	1.48E-05	6.87E-06	7.33E-05	3.56E-05	1.85E-05	7.15E-06	6.45E-06	2.87E-05	2.65E-05	3.41E-05	5.64E-06	3.15E-05	2.52E-05	2.14E-05
A[T>G]G	1.36E-05	2.00E-05	2.61E-05	2.94E-06	3.77E-05	1.46E-04	2.98E-05	6.43E-06	1.27E-05	1.40E-04	3.28E-05	2.92E-05	1.81E-05	4.27E-05	4.23E-05	3.21E-05
A[T>G]T	1.39E-04	2.69E-04	7.33E-05	2.98E-05	3.85E-04	1.46E-04	1.19E-04	1.53E-05	3.04E-05	1.94E-04	1.51E-04	1.58E-04	2.54E-05	2.11E-04	6.18E-05	7.15E-05
C[C>A]A	1.67E-05	1.21E-05	2.85E-05	3.76E-05	9.31E-06	1.45E-04	1.03E-04	5.27E-05	8.64E-05	2.31E-04	1.56E-04	9.36E-05	6.56E-05	8.59E-05	1.09E-04	1.14E-04
C[C>A]C	1.11E-05	7.31E-06	1.28E-05	3.75E-05	5.30E-06	1.47E-04	7.79E-05	5.18E-05	3.08E-05	2.64E-04	1.40E-04	1.56E-04	4.70E-05	7.36E-05	8.30E-05	9.81E-05
C[C>A]G	3.18E-06	3.70E-06	1.02E-05	1.34E-05	6.64E-06	2.96E-05	2.43E-05	1.33E-05	1.21E-05	4.75E-05	3.08E-05	2.11E-05	1.71E-05	7.94E-06	1.19E-05	2.59E-05
C[C>A]T	2.24E-05	2.58E-05	9.08E-05	8.33E-05	5.15E-05	7.00E-04	1.20E-04	2.34E-04	9.59E-05	2.28E-04	6.23E-04	4.40E-04	9.62E-05	1.70E-04	1.83E-04	2.81E-04
C[C>G]A	8.47E-06	6.94E-06	4.77E-05	8.62E-06	1.02E-05	1.91E-04	4.97E-05	9.27E-06	1.74E-05	3.29E-04	9.97E-05	1.83E-05	4.91E-05	7.23E-05	5.00E-05	3.49E-05
C[C>G]C	9.24E-06	1.03E-06	4.37E-05	7.45E-06	9.46E-06	2.02E-04	4.49E-05	7.01E-06	1.61E-05	3.05E-04	7.13E-05	1.73E-05	4.62E-05	6.01E-05	4.32E-05	2.92E-05
C[C>G]G	3.46E-06	1.56E-06	1.46E-05	6.64E-06	4.63E-06	5.81E-05	2.26E-05	0.00E+00	5.43E-06	9.24E-05	2.63E-05	7.74E-07	2.00E-05	1.56E-05	1.22E-05	1.22E-05
C[C>G]T	7.42E-06	1.44E-05	6.54E-05	1.11E-05	1.44E-05	2.48E-04	7.07E-05	5.99E-06	2.16E-05	4.39E-04	1.42E-04	2.80E-05	7.95E-05	1.03E-04	5.97E-05	5.40E-05
C[C>T]A	1.88E-05	1.66E-05	1.41E-04	1.14E-04	2.23E-05	1.97E-04	2.32E-04	1.12E-04	4.94E-05	2.56E-04	3.56E-04	1.33E-04	9.34E-05	9.78E-05	2.75E-04	1.34E-04
C[C>T]C	2.54E-05	1.62E-05	1.44E-04	1.26E-04	1.85E-05	4.35E-04	2.95E-04	1.23E-04	5.78E-05	1.49E-04	4.95E-04	1.70E-04	1.08E-04	1.54E-04	3.15E-04	2.21E-04
C[C>T]G	3.54E-05	3.09E-05	3.20E-04	2.64E-04	4.95E-05	2.32E-04	2.12E-04	2.18E-04	2.56E-04	2.35E-04	6.67E-04	1.03E-03	1.55E-04	1.46E-04	2.37E-04	2.99E-04
C[C>T]T	2.16E-05	1.65E-05	1.10E-04	1.01E-04	2.23E-05	2.47E-04	2.27E-04	8.99E-05	5.19E-05	1.26E-04	3.40E-04	1.12E-04	8.28E-05	1.04E-04	2.48E-04	1.69E-04
C[T>A]A	1.63E-05	9.09E-06	2.71E-05	1.06E-06	2.32E-05	6.79E-05	2.68E-05	9.07E-06	7.17E-06	3.05E-04	1.27E-04	2.13E-05	4.15E-05	8.76E-05	7.26E-05	1.35E-04
C[T>A]C	3.11E-05	2.01E-05	1.92E-05	1.68E-05	4.06E-05	9.05E-05	4.60E-05	1.55E-05	1.77E-05	2.08E-04	8.75E-05	4.86E-05	4.39E-05	8.06E-05	6.94E-05	1.27E-04
C[T>A]G	2.49E-05	2.09E-05	2.34E-05	6.53E-06	3.73E-05	8.88E-05	4.02E-05	1.19E-05	1.59E-05	2.33E-04	1.15E-04	1.31E-05	4.75E-05	8.19E-05	6.85E-05	1.31E-04
C[T>A]T	1.11E-04	2.35E-04	3.81E-05	1.78E-05	4.12E-04	2.45E-04	9.78E-05	3.27E-05	3.20E-05	5.32E-04	1.67E-04	5.93E-05	7.43E-05	2.09E-04	1.62E-04	2.63E-04
C[T>C]A	7.51E-05	5.24E-05	7.18E-05	1.02E-05	1.26E-04	1.46E-04	1.42E-05	8.89E-05	1.42E-05	2.29E-04	2.05E-04	1.31E-04	3.81E-05	1.05E-04	7.47E-05	5.90E-05
C[T>C]C	2.72E-04	1.10E-04	6.91E-05	3.50E-05	3.19E-04	1.74E-04	9.26E-05	5.82E-05	2.93E-05	1.77E-04	2.14E-04	1.19E-04	4.96E-05	1.39E-04	7.04E-05	1.40E-04
C[T>C]G	2.08E-04	1.14E-04	1.11E-04	4.23E-05	2.79E-04	2.78E-04	5.55E-05	1.57E-04	1.59E-05	6.35E-05	3.92E-04	2.36E-04	3.43E-05	8.17E-05	8.92E-05	1.18E-04
C[T>C]T	7.32E-04	1.05E-03	1.47E-04	7.96E-05	1.95E-03	5.60E-04	3.06E-04	1.61E-04	7.77E-05	5.26E-04	5.80E-04	2.41E-04	4.63E-05	4.34E-04	2.03E-04	6.07E-04
C[T>G]A	5.89E-06	3.06E-05	2.97E-05	1.17E-05	5.01E-05	9.88E-05	3.48E-05	1.36E-05	1.32E-05	6.32E-05	7.16E-05	3.12E-05	1.59E-05	6.37E-05	4.37E-05	4.15E-05
C[T>G]C	1.29E-04	1.25E-04	2.86E-05	3.64E-47	2.58E-04	1.54E-04	9.07E-06	2.84E-05	1.71E-05	3.07E-05	7.49E-05	1.13E-04	1.88E-05	9.02E-05	6.54E-05	7.90E-05
C[T>G]G	3.63E-05	6.88E-05	3.64E-05	0.00E+00	1.18E-04	8.42E-05	2.76E-05	3.48E-05	1.34E-05	1.65E-04	9.85E-05	7.44E-05	3.31E-05	8.03E-05	6.99E-05	5.27E-05
C[T>G]T	2.18E-03	9.42E-04	2.22E-07	1.71E-04	2.87E-03	1.22E-03	4.93E-04	1.21E-04	1.02E-04	8.72E-04	6.71E-04	1.28E-03	7.81E-05	1.03E-03	2.95E-04	7.11E-04
G[C>A]A	3.81E-05	2.72E-05	6.85E-05	7.15E-05	3.12E-05	1.79E-04	2.66E-04	3.45E-05	2.29E-04	3.78E-04	2.04E-04	2.33E-04	1.51E-04	1.90E-04	1.99E-04	3.11E-04
G[C>A]C	1.28E-05	6.52E-06	2.99E-05	2.25E-05	1.20E-05	1.28E-04	6.67E-05	2.80E-05	3.65E-05	1.85E-04	9.32E-05	9.24E-05	4.62E-05	7.25E-05	6.31E-05	1.26E-04
G[C>A]G	3.13E-06	2.71E-06	1.07E-05	9.99E-06	1.25E-06	2.97E-05	2.47E-05	3.33E-06	1.33E-05	3.23E-05	1.93E-05	2.34E-05	1.56E-05	2.06E-06	1.79E-05	2.05E-05
G[C>A]T	2.11E-05	1.75E-05	3.01E-05	2.18E-05	2.36E-05	1.21E-04	1.31E-04	5.66E-05	1.28E-04	2.22E-04	1.43E-04	2.09E-04	6.04E-05	1.06E-04	1.22E-04	1.76E-04
G[C>G]A	6.18E-06	2.64E-06	2.90E-05	9.01E-06	8.97E-06	1.38E-04	3.06E-05	5.57E-06	1.24E-05	1.92E-04	4.51E-05	1.65E-05	3.25E-05	4.01E-05	3.42E-05	2.42E-05
G[C>G]C	1.90E-06	1.35E-05	3.37E-05	1.31E-05	1.51E-05	9.37E-05	3.40E-05	1.03E-05	1.23E-05	9.13E-05	6.74E-05	3.85E-05	3.58E-05	6.85E-05	3.75E-05	7.43E-05
G[C>G]G	8.86E-07	2.33E-06	8.25E-06	3.91E-06	5.25E-07	2.31E-05	1.26E-05	1.23E-06	3.53E-06	3.70E-05	1.18E-05	6.26E-06	1.01E-05	6.07E-06	5.52E-06	9.44E-06
G[C>G]T	5.64E-06	9.68E-06	4.36E-05	1.16E-05	9.70E-06	1.55E-04	4.63E-05	7.80E-06	1.48E-05	2.60E-04	8.41E-05	2.05E-05	5.76E-05	6.48E-05	2.34E-05	3.90E-05
G[C>T]A	8.66E-06	1.97E-05	1.06E-04	1.18E-04	2.69E-05	1.63E-04	2.53E-04	2.24E-04	3.20E-05	3.84E-04	4.17E-05	2.73E-04	6.44E-05	1.18E-04	1.75E-04	1.05E-04
G[C>T]C	9.00E-06	2.73E-05	1.14E-04	1.13E-04	1.05E-05	5.46E-05	2.73E-04	3.10E-04	1.69E-05	3.75E-04	1.65E-04	4.78E-04	9.48E-05	1.30E-04	1.43E-04	1.14E-04
G[C>T]G	3.96E-05	3.97E-05	2.86E-04	3.29E-04	5.88E-05	1.77E-04	3.68E-04	5.24E-04	2.66E-04	5.32E-04	8.76E-04	8.37E-04	2.09E-04	2.56E-04	2.94E-04	2.27E-04
G[C>T]T	1.42E-05	1.72E-05	9.19E-05	8.20E-05	1.32E-05	1.57E-04	1.68E-04	1.80E-04	2.46E-05	2.13E-04	1.61E-04	2.56E-04	6.01E-05	8.00E-05	1.31E-04	7.39E-05
G[T>A]A	9.54E-06	1.01E-05	3.19E-05	3.02E-06	1.59E-05	1.08E-04	2.29E-05	9.21E-06	1.04E-05	1.85E-04	1.77E-04	3.41E-05	4.31E-05	7.27E-05	7.35E-05	8.10E-05
G[T>A]C	9.46E-06	7.07E-06	1.45E-05	9.81E-06	1.40E-05	3.90E-05	2.54E-05	1.69E-05	1.11E-05	7.18E-05	5.00E-05	4.61E-05	2.31E-05	2.91E-05	3.34E-05	5.67E-05
G[T>A]G	1.04E-05	8.57E-06	1.66E-05	1.08E-05	1.56E-05	1.57E-04	2.70E-05	8.68E-06	1.11E-05	7.36E-05	9.96E-05	2.73E-05	2.50E-05	4.70E-05	4.67E-05	5.38E-05
G[T>A]T	3.78E-05	4.48E-05	2.50E-05	1.47E-05	8.52E-05	2.88E-04	4.81E-05	1.41E-05	1.96E-05	1.56E-04	1.24E-04	3.37E-05	2.76E-05	7.06E-05	7.07E-05	9.53E-05
G[T>C]A	1.93E-05	1.38E-05	9.74E-05	2.20E-05	5.35E-05	1.68E-04	6.09E-05	1.35E-04	1.42E-05	2.39E-04	2.88E-04	2.63E-04	5.42E-05	7.94E-05	6.68E-05	3.74E-05
G[T>C]C	6.73E-05	2.93E-05	5.35E-05	1.51E-05	8.78E-05	1.52E-04	6.01E-05	9.62E-05	1.89E-05	9.28E-05	1.44E-04	2.60E-04	5.22E-05	8.08E-05	4.36E-05	6.13E-05
G[T>C]G	5.81E-05	3.39E-05	9.68E-05	8.76E-06	9.95E-05	1.63E-04	1.64E-05	1.07E-04	2.40E-06	7.91E-05	2.68E-04	2.09E-04	4.28E-05	3.78E-05	6.82E-05	3.60E-05
G[T>C]T	9.53E-05	8.18E-05	7.81E-05	1.52E-05	1.77E-04	1.03E-04	6.00E-05	9.12E-05	2.01E-05	1.64E-04	2.11E-04	1.84E-04	4.76E-05	6.96E-05	8.03E-05	7.28E-05
G[T>G]A	5.86E-06	8.32E-06	1.54E-05	4.40E-06	1.50E-05	5.96E-05	1.04E-05	2.49E-06	7.50E-06	5.99E-05	2.21E-05	1.61E-05	1.55E-06	3.01E-05	2.80E-05	1.84E-05
G[T>G]C	2.61E-05	2.98E-05	1.49E-05	1.88E-06	5.77E-05	5.97E-05	9.99E-06	7.47E-06	2.90E-06	1.87E-05	2.21E-05	5.40E-05	1.19E-05	3.60E-05	2.08E-05	3.20E-05
G[T>G]G	9.68E-06	2.21E-05	2.56E-05	4.60E-06	3.51E-05	1.15E-04	2.93E-05	1.19E-05	1.22E-05	1.55E-04	4.21E-05	4.27E-05	2.29E-05	4.19E-05	3.95E-05	2.93E-05
G[T>G]T	2.82E-04	1.17E-04	6.01E-05	3.27E-05	4.00E-04	2.80E-04	1.04E-04	6.25E-05	3.54E-05	1.21E-04	1.49E-04	3.64E-04	3.46E-05	2.18E-04	9.15E-05	1.39E-04
T[C>A]A	2.31E-05	2.11E-05	5.13E-05	7.03E-05	2.80E-05	2.54E-04	1.98E-04	4.19E-05	1.85E-04	4.13E-04	2.63E-04	1.29E-04	1.61E-04	1.62E-04	1.46E-04	2.20E-04
T[C>A]C	1.69E-05	1.12E-05	2.22E-05	3.49E-05	1.70E-05	1.15E-04	1.09E-04	1.74E-05	8.50E-05	1.86E-04	1.38E-04	7.97E-05	1.22E-04	7.87E-05	9.10E-05	9.89E-05
T[C>A]G	3.31E-06	2.94E-06	1.12E-05	1.20E-05	5.05E-06	4.33E-05	3.66E-05	3.41E-06	3.18E-05	7.08E-05	5.14E-05	1.91E-05	3.21E-05	2.47E-05	1.28E-05	2.33E-05
T[C>A]T	3.59E-05	4.75E-05	1.36E-04	1.52E-04	6.86E-05	8.32E-04	3.97E-04	1.55E-04	2.76E-04	7.57E-04	5.56E-04	2.57E-04	2.26E-04	3.38E-04	2.93E-04	3.98E-04
T[C>G]A	1.71E-05	3.24E-05	4.10E-05	1.71E-05	2.89E-05	4.69E-04	7.02E-05	1.48E-05	5.40E-05	3.82E-04	1.68E-04	3.54E-05	6.60E-04	3.28E-04	5.55E-04	8.48E-05
T[C>G]C	8.58E-06	1.26E-05	4.52E-05	3.88E-06	1.31E-05	2.23E-04	6.68E-05	7.50E-06	2.05E-05	3.78E-04	1.26E-04	2.68E-05	2.12E-04	1.13E-04	1.04E-04	4.74E-05
T[C>G]G	2.37E-06	2.00E-06	9.19E-06	2.02E-06	2.95E-06	5.64E-05	1.18E-05	2.63E-07	3.53E-06	5.52E-05	4.36E-06	3.60E-06	5.30E-05	2.28E-05	2.51E-05	9.74E-06
T[C>G]T	2.23E-05	4.61E-05	4.83E-05	2.90E-05	3.81E-05	5.84E-04	1.25E-04	2.19E-05	6.48E-05	5.84E-04	2.66E-04	5.58E-05	8.26E-04	4.01E-04	6.40E-04	1.21E-04
T[C>T]A	5.87E-05	5.14E-05	2.73E-04	2.20E-04	1.25E-04	5.07E-04	1.12E-03	1.93E-04	1.52E-04	3.37E-04	4.94E-04	2.78E-04	1.63E-03	1.68E-04	1.08E-03	1.57E-04
T[C>T]C	1.96E-05	3.32E-05	1.17E-04	1.14E-04	6.00E-05	3.13E-04	3.35E-04	9.31E-05	5.56E-05	2.38E-04	3.45E-04	1.65E-04	5.07E-04	1.59E-04	3.10E-04	1.48E-04
T[C>T]G	2.42E-05	2.61E-05	1.78E-04	1.67E-04	8.58E-06	1.59E-04	1.56E-04	1.32E-04	1.55E-04	2.32E-04	4.09E-04	6.37E-04	1.78E-04	7.52E-05	1.97E-04	1.86E-04
T[C>T]T	3.84E-05	4.17E-05	1.81E-04	1.62E-04	9.55E-05	5.26E-04	7.15E-04	1.35E-04	9.72E-05	3.06E-04	3.75E-04	2.17E-04	1.14E-03	1.90E-04	6.35E-04	1.64E-04
T[T>A]A	5.22E-05	4.50E-05	1.29E-04	1.30E-04	4.19E-05	7.08E-04	3.59E-04	1.41E-04	8.46E-05	9.62E-04	4.06E-04	3.98E-04	9.59E-05	3.21E-04	2.43E-04	2.43E-04
T[T>A]C	2.18E-05	1.56E-05	1.43E-05	3.78E-06	2.71E-05	1.73E-04	3.40E-05	9.91E-06	1.51E-05	1.15E-04	1.17E-04	3.05E-05	3.16E-05	6.17E-05	6.26E-05	8.12E-05
T[T>A]G	1.21E-05	7.23E-06	1.33E-05	3.10E-06	1.77E-05	1.13E-04	2.61E-05	7.24E-06	1.14E-05	7.76E-05	9.45E-05	2.60E-05	2.60E-05	5.35E-05	4.83E-05	5.35E-05
T[T>A]T	9.57E-05	4.85E-05	1.44E-05	5.52E-05	1.33E-04	3.47E-04	9.96E-05	4.57E-05	3.27E-05	3.03E-04	3.25E-04	1.76E-04	6.14E-05	1.95E-04	1.60E-04	1.72E-04
T[T>C]A	5.46E-05	2.64E-05	9.81E-05	3.26E-05	8.75E-05	1.35E-04	5.65E-05	5.92E-05	4.38E-05	4.55E-04	2.74E-04	1.43E-04	5.30E-05	2.87E-04	1.28E-04	1.19E-04
T[T>C]C	9.72E-05	7.88E-05	5.61E-05	3.50E-05	1.71E-04	2.34E-04	6.69E-05	8.07E-05	1.94E-05	1.66E-04	1.80E-04	1.65E-04	5.43E-05	9.90E-05	8.12E-05	6.27E-05
T[T>C]G	6.54E-05	4.24E-05	7.53E-05	2.54E-05	1.20E-04	8.45E-05	3.24E-05	6.32E-05	1.64E-05	1.28E-04	1.92E-04	1.29E-04	3.35E-05	7.71E-05	3.45E-05	3.34E-05
T[T>C]T	1.75E-04	6.81E-05	7.13E-05	4.51E-05	2.33E-04	2.03E-04	7.33E-05	9.57E-05	1.14E-05	1.68E-04	2.72E-04	2.25E-04	5.96E-05	9.08E-05	7.18E-05	3.34E-05
T[T>G]A	1.79E-05	3.70E-05	7.35E-05	1.26E-05	4.50E-05	1.53E-04	4.82E-05	6.56E-06	2.88E-05	1.46E-04	1.18E-04	4.66E-05	4.32E-05	1.93E-04	7.42E-05	6.65E-05
T[T>G]C	2.44E-05	8.12E-05	2.77E-05	1.10E-05	1.27E-04	8.02E-05	3.19E-05	7.14E-06	8.62E-06	5.98E-05	2.45E-05	4.31E-05	2.07E-05	5.85E-05	3.81E-05	3.06E-05
T[T>G]G	2.36E-05	3.79E-05	3.31E-05	1.87E-05	6.16E-05	9.08E-05	3.50E-05	1.69E-05	1.61E-05	1.26E-04	5.52E-05	4.76E-05	3.01E-05	6.11E-05	5.29E-05	3.55E-05
T[T>G]T	3.11E-04	6.66E-04	1.41E-04	7.27E-05	9.84E-04	2.69E-04	2.55E-04	6.35E-05	4.18E-05	5.72E-04	3.54E-04	2.96E-04	6.74E-05	4.31E-04	8.45E-05	6.43E-05
