MutationType	SBS96A	SBS96B	SBS96C	SBS96D	SBS96E	SBS96F	SBS96G	SBS96H	SBS96I	SBS96J	SBS96K	SBS96L	SBS96M
A[C>A]A	2.79E-05	1.68E-05	7.13E-05	1.51E-04	5.65E-05	1.31E-04	3.53E-05	2.12E-05	1.24E-04	7.18E-05	1.61E-04	9.79E-05	1.93E-04
A[C>A]C	1.94E-05	1.49E-05	4.82E-05	2.20E-04	2.32E-05	8.70E-05	1.04E-05	3.70E-06	1.13E-04	3.34E-05	1.54E-04	5.82E-05	2.36E-04
A[C>A]G	3.65E-06	2.17E-06	1.60E-05	2.39E-05	6.27E-06	1.69E-05	4.38E-06	0.00E+00	1.46E-05	8.98E-06	1.54E-05	1.02E-05	2.01E-05
A[C>A]T	1.66E-05	1.28E-05	3.06E-05	1.24E-04	2.73E-05	7.91E-05	2.17E-05	1.06E-05	1.00E-04	3.91E-05	1.03E-04	6.05E-05	1.45E-04
A[C>G]A	1.07E-05	8.59E-06	6.27E-05	1.06E-04	1.43E-05	5.93E-05	1.48E-05	6.79E-06	5.28E-05	2.01E-05	9.73E-05	5.55E-05	6.89E-05
A[C>G]C	1.61E-06	1.12E-05	3.70E-05	6.00E-05	1.07E-05	3.80E-05	1.11E-05	4.58E-06	3.15E-05	1.34E-05	5.97E-05	3.21E-05	4.10E-05
A[C>G]G	2.83E-06	3.73E-06	2.11E-05	3.54E-05	3.55E-06	1.82E-05	5.84E-06	1.68E-07	8.44E-06	6.34E-06	1.70E-05	1.55E-05	1.90E-05
A[C>G]T	9.56E-06	2.26E-05	6.09E-05	1.32E-04	1.63E-05	6.28E-05	1.71E-05	6.95E-06	6.91E-05	1.81E-05	1.16E-04	5.75E-05	8.46E-05
A[C>T]A	3.54E-05	1.06E-05	1.15E-04	2.19E-04	9.22E-05	2.74E-04	6.42E-05	4.49E-05	1.02E-04	5.64E-05	9.81E-05	4.56E-05	1.84E-04
A[C>T]C	1.05E-05	1.04E-05	7.52E-05	1.26E-04	5.47E-05	1.55E-04	1.93E-05	2.42E-05	4.78E-05	3.56E-05	4.31E-05	2.56E-05	8.93E-05
A[C>T]G	5.64E-05	6.28E-05	5.31E-04	1.13E-04	2.95E-04	3.76E-04	8.04E-05	2.06E-04	6.52E-04	3.41E-04	3.30E-04	2.07E-04	3.79E-04
A[C>T]T	1.71E-05	1.92E-05	1.23E-04	1.80E-04	7.18E-05	2.04E-04	2.22E-05	3.18E-05	7.91E-05	5.60E-05	3.66E-05	4.44E-05	1.26E-04
A[T>A]A	1.93E-05	8.56E-06	3.64E-05	9.41E-05	2.30E-05	7.46E-05	2.87E-05	1.57E-05	6.37E-05	1.74E-05	1.05E-04	3.45E-05	8.51E-05
A[T>A]C	1.45E-05	1.18E-05	4.67E-05	1.18E-04	2.35E-05	5.35E-05	2.09E-05	1.13E-05	6.45E-05	1.83E-05	8.19E-05	3.06E-05	1.32E-04
A[T>A]G	1.30E-05	6.98E-06	3.16E-05	6.24E-05	1.41E-05	4.67E-05	1.80E-05	1.45E-06	4.71E-05	1.62E-05	7.03E-05	2.96E-05	7.36E-05
A[T>A]T	5.05E-05	4.16E-05	8.18E-05	2.61E-04	6.39E-05	1.64E-04	7.85E-05	4.40E-05	1.63E-04	4.76E-05	2.58E-04	6.67E-05	1.49E-04
A[T>C]A	3.80E-05	3.54E-05	2.06E-04	1.41E-04	4.05E-05	8.42E-05	9.31E-05	4.50E-05	1.60E-04	2.79E-05	1.91E-04	6.96E-05	1.42E-04
A[T>C]C	4.24E-05	2.78E-05	5.62E-05	4.91E-05	2.06E-05	2.40E-05	7.72E-05	1.58E-05	4.70E-05	1.37E-05	5.51E-05	2.47E-05	5.28E-05
A[T>C]G	3.26E-05	3.25E-05	2.02E-04	1.20E-04	5.46E-06	5.43E-05	1.03E-04	4.62E-05	1.37E-04	1.39E-05	1.19E-04	5.76E-05	8.61E-05
A[T>C]T	5.42E-05	2.55E-05	1.27E-04	1.39E-04	3.17E-05	8.44E-05	9.89E-05	2.56E-05	8.47E-05	2.69E-05	1.44E-04	5.42E-05	1.37E-04
A[T>G]A	2.15E-05	2.61E-05	4.69E-05	1.02E-04	1.08E-05	3.58E-05	4.57E-05	5.70E-07	8.54E-05	1.99E-05	1.10E-04	2.42E-05	1.00E-04
A[T>G]C	2.37E-05	5.11E-05	1.67E-05	2.09E-05	7.35E-06	1.64E-05	7.31E-05	3.80E-06	1.78E-05	5.66E-06	3.45E-05	8.11E-06	2.19E-05
A[T>G]G	1.75E-05	2.14E-05	2.51E-05	4.83E-05	1.73E-06	2.41E-05	4.03E-05	3.49E-06	2.53E-05	1.03E-05	4.23E-05	2.16E-05	3.82E-05
A[T>G]T	1.73E-04	2.73E-04	8.96E-05	1.29E-04	2.74E-05	9.55E-05	3.58E-04	8.59E-06	8.24E-05	3.14E-05	2.21E-04	1.72E-05	9.79E-05
C[C>A]A	1.41E-05	1.26E-05	3.16E-05	1.01E-04	4.79E-05	1.10E-04	1.70E-05	2.06E-05	8.95E-05	7.51E-05	8.29E-05	7.27E-05	1.55E-04
C[C>A]C	1.05E-05	8.50E-06	2.25E-05	6.90E-05	2.52E-05	8.54E-05	1.42E-05	2.33E-05	6.63E-05	3.08E-05	7.96E-05	4.52E-05	1.18E-04
C[C>A]G	3.03E-06	3.29E-06	9.11E-06	2.11E-05	1.04E-05	2.08E-05	6.28E-06	4.62E-06	1.93E-06	1.01E-05	1.01E-05	1.21E-05	2.33E-05
C[C>A]T	1.53E-05	2.43E-05	1.04E-04	1.49E-04	2.87E-05	1.59E-04	3.82E-05	7.35E-05	1.63E-04	8.43E-05	1.64E-04	8.58E-05	2.50E-04
C[C>G]A	8.45E-06	7.31E-06	4.82E-05	7.45E-05	5.41E-06	4.13E-05	1.22E-05	4.06E-06	4.44E-05	1.60E-05	8.27E-05	4.40E-05	5.88E-05
C[C>G]C	8.75E-06	3.25E-06	4.70E-05	7.22E-05	6.82E-06	4.16E-05	1.13E-05	4.76E-06	3.77E-05	1.52E-05	7.30E-05	3.77E-05	5.35E-05
C[C>G]G	2.97E-06	1.69E-06	1.80E-05	2.70E-05	4.81E-06	1.75E-05	4.78E-06	0.00E+00	3.19E-06	5.86E-06	1.36E-05	1.25E-05	1.68E-05
C[C>G]T	6.98E-06	1.50E-05	6.34E-05	1.05E-04	8.74E-06	5.37E-05	1.64E-05	1.75E-06	5.67E-05	2.08E-05	1.09E-04	5.94E-05	7.50E-05
C[C>T]A	1.84E-05	1.95E-05	1.53E-04	2.05E-04	9.69E-05	2.58E-04	2.25E-05	4.47E-05	9.77E-05	6.57E-05	8.23E-05	5.32E-05	1.44E-04
C[C>T]C	2.67E-05	2.83E-05	1.47E-04	2.80E-04	1.11E-04	3.13E-04	6.23E-06	5.17E-05	2.17E-05	6.57E-05	1.84E-04	4.52E-05	2.20E-04
C[C>T]G	5.18E-05	3.77E-05	3.66E-04	1.58E-04	1.83E-04	2.56E-04	6.80E-05	1.35E-04	4.48E-04	2.20E-04	2.45E-04	1.38E-04	2.57E-04
C[C>T]T	2.04E-05	2.04E-05	1.07E-04	2.16E-04	8.29E-05	2.17E-04	1.84E-05	3.77E-05	6.74E-05	5.76E-05	1.12E-04	5.47E-05	1.53E-04
C[T>A]A	1.78E-05	6.49E-06	4.44E-05	1.27E-04	9.91E-07	5.32E-05	2.54E-05	7.44E-06	7.59E-05	1.09E-05	1.10E-04	3.18E-05	1.46E-04
C[T>A]C	3.42E-05	2.66E-05	2.72E-05	1.20E-04	1.31E-05	5.78E-05	5.04E-05	9.23E-06	7.07E-05	2.00E-05	9.79E-05	3.57E-05	1.33E-04
C[T>A]G	3.04E-05	1.65E-05	3.32E-05	1.28E-04	4.27E-06	5.54E-05	4.26E-05	7.42E-06	7.11E-05	1.68E-05	9.94E-05	3.19E-05	1.39E-04
C[T>A]T	1.07E-04	2.96E-04	2.06E-05	1.56E-04	1.20E-05	1.26E-04	4.26E-04	1.60E-05	1.28E-04	3.08E-05	2.12E-04	5.26E-05	2.12E-04
C[T>C]A	9.34E-05	4.35E-05	9.49E-05	7.32E-05	4.90E-06	3.60E-05	1.54E-04	2.26E-05	8.55E-05	1.87E-05	9.10E-05	3.51E-05	7.27E-05
C[T>C]C	2.87E-04	1.33E-04	6.30E-05	8.20E-05	3.23E-05	8.87E-05	3.87E-04	1.83E-05	2.00E-05	2.73E-05	1.39E-04	3.26E-05	1.27E-04
C[T>C]G	2.41E-04	9.83E-05	1.37E-04	2.96E-05	3.20E-05	7.58E-05	3.42E-04	4.09E-05	9.92E-05	1.81E-05	9.14E-05	4.32E-05	9.62E-05
C[T>C]T	6.48E-04	1.33E-03	1.54E-04	3.09E-04	7.59E-05	4.00E-04	2.01E-03	5.75E-05	2.14E-04	8.69E-05	5.57E-04	4.94E-05	7.13E-04
C[T>G]A	8.19E-06	3.65E-05	1.75E-05	3.98E-05	5.74E-06	2.08E-05	5.56E-05	4.27E-06	3.18E-05	9.71E-06	4.42E-05	1.44E-05	3.98E-05
C[T>G]C	1.33E-04	1.69E-04	2.78E-05	4.69E-05	5.61E-12	2.77E-05	2.91E-04	9.15E-06	2.85E-05	1.54E-05	9.68E-05	1.74E-05	6.33E-05
C[T>G]G	3.86E-05	8.94E-05	2.53E-05	4.82E-05	0.00E+00	3.14E-05	1.28E-04	1.09E-05	4.43E-05	1.56E-05	6.98E-05	2.86E-05	5.23E-05
C[T>G]T	2.52E-03	7.93E-04	4.89E-05	3.89E-04	1.24E-04	5.91E-04	3.64E-03	2.26E-07	4.18E-04	1.57E-04	1.17E-03	6.51E-05	1.17E-03
G[C>A]A	3.67E-05	2.62E-05	6.54E-05	2.81E-04	1.23E-04	2.64E-04	3.46E-05	3.86E-05	1.79E-04	1.71E-04	1.68E-04	1.69E-04	3.64E-04
G[C>A]C	1.30E-05	1.09E-05	4.03E-05	1.52E-04	2.38E-05	7.50E-05	1.08E-05	1.12E-05	7.54E-05	3.41E-05	1.20E-04	4.05E-05	1.60E-04
G[C>A]G	3.60E-06	3.32E-06	8.67E-06	2.13E-05	1.02E-05	1.87E-05	1.09E-06	4.05E-06	1.45E-05	1.11E-05	2.47E-06	9.99E-06	2.33E-05
G[C>A]T	1.63E-05	1.78E-05	3.30E-05	1.42E-04	5.99E-05	1.44E-04	2.10E-05	2.38E-05	1.02E-04	1.02E-04	9.86E-05	9.55E-05	2.07E-04
G[C>G]A	6.38E-06	3.93E-06	2.85E-05	4.95E-05	7.85E-06	2.63E-05	9.92E-06	3.40E-06	2.28E-05	1.16E-05	4.23E-05	2.40E-05	3.57E-05
G[C>G]C	6.07E-07	1.33E-05	1.98E-05	6.95E-05	1.11E-05	3.42E-05	1.51E-05	5.64E-06	2.28E-05	1.06E-05	5.45E-05	2.24E-05	6.54E-05
G[C>G]G	8.42E-07	1.53E-06	9.20E-06	1.61E-05	3.59E-06	8.75E-06	6.23E-07	1.23E-06	2.07E-06	3.89E-06	5.31E-06	6.41E-06	9.85E-06
G[C>G]T	5.15E-06	1.01E-05	3.90E-05	7.25E-05	1.02E-05	3.97E-05	1.16E-05	4.78E-06	3.26E-05	1.31E-05	6.39E-05	3.75E-05	4.77E-05
G[C>T]A	1.46E-05	1.42E-05	6.59E-05	1.56E-04	6.00E-05	1.94E-04	2.69E-05	3.77E-05	6.05E-05	3.08E-05	1.16E-04	4.41E-05	1.71E-04
G[C>T]C	1.46E-05	2.05E-05	5.62E-05	1.60E-04	5.60E-05	1.82E-04	7.26E-06	4.12E-05	1.09E-04	1.91E-05	1.30E-04	5.45E-05	1.60E-04
G[C>T]G	4.15E-05	5.41E-05	4.37E-04	2.25E-04	2.22E-04	2.89E-04	5.36E-05	1.33E-04	5.31E-04	2.49E-04	2.62E-04	1.68E-04	2.74E-04
G[C>T]T	1.69E-05	1.76E-05	4.35E-05	9.66E-05	4.00E-05	1.19E-04	1.16E-05	2.24E-05	6.63E-05	2.56E-05	7.65E-05	3.34E-05	8.87E-05
G[T>A]A	9.41E-06	8.04E-06	1.81E-05	5.88E-05	4.50E-07	2.55E-05	1.20E-05	6.24E-06	3.85E-05	5.13E-06	6.55E-05	1.96E-05	6.21E-05
G[T>A]C	8.31E-06	8.02E-06	1.63E-05	5.14E-05	1.16E-05	2.46E-05	1.46E-05	5.96E-06	3.06E-05	1.04E-05	3.67E-05	1.73E-05	6.08E-05
G[T>A]G	1.35E-05	7.98E-06	1.81E-05	3.89E-05	9.14E-06	2.48E-05	2.06E-05	5.52E-06	2.99E-05	9.78E-06	4.70E-05	1.94E-05	4.45E-05
G[T>A]T	4.32E-05	5.86E-05	3.40E-05	6.80E-05	9.65E-06	4.49E-05	9.83E-05	7.55E-06	5.59E-05	1.73E-05	6.88E-05	3.40E-05	7.09E-05
G[T>C]A	2.57E-05	2.43E-05	9.79E-05	9.53E-05	3.70E-05	3.79E-05	5.98E-05	3.55E-05	1.20E-04	2.41E-05	1.20E-04	3.95E-05	5.10E-05
G[T>C]C	5.86E-05	2.32E-05	4.44E-05	3.78E-05	3.21E-05	2.04E-05	8.81E-05	1.63E-05	7.66E-05	1.72E-05	5.17E-05	2.48E-05	4.30E-05
G[T>C]G	6.47E-05	2.87E-05	1.04E-04	4.52E-05	2.57E-05	2.22E-05	1.12E-04	3.22E-05	9.45E-05	9.31E-06	6.52E-05	3.47E-05	3.50E-05
G[T>C]T	8.93E-05	1.07E-04	8.40E-05	8.35E-05	3.43E-05	5.54E-05	1.89E-04	2.46E-05	8.54E-05	2.25E-05	1.09E-04	3.32E-05	7.56E-05
G[T>G]A	7.04E-06	9.66E-06	1.25E-05	2.56E-05	3.70E-06	1.37E-05	1.67E-05	2.03E-06	1.68E-05	5.77E-06	2.37E-05	9.78E-06	2.25E-05
G[T>G]C	2.91E-05	4.04E-05	1.29E-05	2.36E-05	1.96E-06	1.06E-05	6.78E-05	3.41E-06	1.38E-05	5.14E-06	2.90E-05	8.37E-06	2.60E-05
G[T>G]G	9.61E-06	2.78E-05	2.43E-05	4.11E-05	3.34E-06	2.44E-05	3.89E-05	4.28E-06	2.58E-05	1.10E-05	4.34E-05	2.31E-05	4.01E-05
G[T>G]T	3.44E-04	1.52E-04	4.36E-05	9.78E-05	3.52E-05	1.15E-04	5.37E-04	1.33E-05	9.64E-05	3.72E-05	2.24E-04	2.18E-05	2.11E-04
T[C>A]A	2.64E-05	2.39E-05	5.47E-05	2.15E-04	9.94E-05	2.04E-04	3.10E-05	3.01E-05	1.31E-04	1.34E-04	1.46E-04	1.17E-04	2.74E-04
T[C>A]C	1.68E-05	1.21E-05	2.97E-05	1.13E-04	4.90E-05	1.07E-04	1.80E-05	1.47E-05	7.76E-05	6.64E-05	7.97E-05	6.60E-05	1.42E-04
T[C>A]G	3.91E-06	3.40E-06	1.01E-05	3.06E-05	1.33E-05	2.79E-05	5.07E-06	3.88E-06	2.19E-05	1.87E-05	2.11E-05	1.81E-05	3.22E-05
T[C>A]T	3.96E-05	5.29E-05	1.10E-04	3.94E-04	1.64E-04	3.47E-04	6.69E-05	5.66E-05	2.25E-04	2.25E-04	2.84E-04	2.09E-04	4.57E-04
T[C>G]A	1.42E-05	2.50E-05	8.51E-05	3.55E-04	1.37E-05	6.70E-05	3.15E-06	1.29E-05	9.53E-05	4.72E-05	2.76E-04	2.94E-04	6.47E-05
T[C>G]C	8.97E-06	1.35E-05	6.13E-05	1.28E-04	6.14E-06	4.50E-05	1.44E-05	7.18E-06	4.71E-05	2.08E-05	1.50E-04	8.85E-05	6.25E-05
T[C>G]G	2.18E-06	2.60E-06	1.23E-05	3.14E-05	1.65E-06	4.43E-06	1.36E-06	3.44E-07	3.79E-06	2.13E-06	2.36E-05	1.96E-05	1.09E-05
T[C>G]T	2.29E-05	4.20E-05	1.21E-04	4.83E-04	2.84E-05	9.05E-05	1.97E-05	1.79E-05	1.28E-04	6.17E-05	3.90E-04	3.52E-04	1.45E-04
T[C>T]A	1.01E-05	2.66E-05	8.56E-05	3.12E-04	1.06E-04	5.62E-04	9.39E-05	4.42E-05	4.99E-04	3.26E-05	9.63E-05	5.97E-04	1.16E-04
T[C>T]C	4.43E-06	3.86E-05	1.15E-04	1.79E-04	9.53E-05	2.62E-04	6.59E-05	3.99E-05	1.72E-04	5.22E-05	8.39E-05	1.55E-04	1.19E-04
T[C>T]G	2.42E-05	2.92E-05	2.02E-04	4.38E-05	1.16E-04	1.77E-04	3.09E-05	8.43E-05	2.62E-04	1.37E-04	1.43E-04	1.09E-04	1.65E-04
T[C>T]T	1.30E-05	3.61E-05	1.01E-04	2.21E-04	1.02E-04	4.13E-04	9.53E-05	4.29E-05	3.38E-04	4.46E-05	1.20E-04	3.65E-04	1.27E-04
T[T>A]A	4.66E-05	4.34E-05	9.76E-05	3.00E-04	8.03E-05	2.18E-04	1.99E-05	4.71E-05	2.09E-04	6.38E-05	3.12E-04	7.49E-05	1.82E-04
T[T>A]C	2.61E-05	1.15E-05	1.55E-05	5.45E-05	2.45E-06	3.08E-05	3.60E-05	5.26E-06	4.75E-05	1.24E-05	5.01E-05	2.75E-05	6.66E-05
T[T>A]G	1.53E-05	4.65E-06	1.49E-05	3.64E-05	1.59E-06	2.56E-05	2.21E-05	4.62E-06	3.29E-05	9.21E-06	4.10E-05	1.85E-05	4.14E-05
T[T>A]T	1.23E-04	6.37E-05	5.17E-06	1.43E-04	4.13E-05	9.27E-05	1.87E-04	2.16E-05	1.07E-04	2.84E-05	1.45E-04	5.52E-05	1.06E-04
T[T>C]A	6.62E-05	3.52E-05	1.32E-04	1.85E-04	3.21E-05	6.54E-05	1.15E-04	2.53E-05	1.88E-04	4.61E-05	2.09E-04	5.34E-05	1.86E-04
T[T>C]C	1.11E-04	7.73E-05	5.59E-05	8.12E-05	3.22E-05	4.61E-05	1.87E-04	2.16E-05	9.14E-05	2.08E-05	9.04E-05	3.37E-05	5.15E-05
T[T>C]G	8.35E-05	3.31E-05	9.09E-05	4.75E-05	2.14E-05	2.78E-05	1.47E-04	2.27E-05	7.72E-05	1.67E-05	7.12E-05	3.15E-05	4.40E-05
T[T>C]T	1.96E-04	8.51E-05	8.23E-05	9.38E-05	3.62E-05	6.04E-05	2.93E-04	3.08E-05	1.03E-04	2.46E-05	1.03E-04	4.30E-05	4.72E-05
T[T>G]A	1.67E-05	4.80E-05	6.38E-05	1.58E-04	1.36E-05	4.90E-05	6.52E-05	5.69E-06	1.20E-04	2.80E-05	1.67E-04	3.47E-05	1.41E-04
T[T>G]C	3.42E-05	9.07E-05	2.48E-05	4.59E-05	9.45E-06	2.34E-05	1.24E-04	4.67E-06	3.16E-05	5.35E-06	6.44E-05	1.53E-05	3.91E-05
T[T>G]G	3.05E-05	4.10E-05	2.09E-05	5.50E-05	1.51E-05	2.93E-05	6.59E-05	7.22E-06	3.95E-05	1.24E-05	5.56E-05	2.69E-05	4.19E-05
T[T>G]T	4.04E-04	6.82E-04	1.93E-04	2.98E-04	6.64E-05	1.88E-04	9.34E-04	3.17E-05	1.84E-04	6.02E-05	4.68E-04	3.78E-05	1.61E-04
