MutationType	SBS96A	SBS96B	SBS96C	SBS96D	SBS96E	SBS96F	SBS96G	SBS96H	SBS96I	SBS96J	SBS96K	SBS96L	SBS96M
A[C>A]A	0.003723956379573792	0.000316008790019603	0.0010641657529087275	0.03560546244867146	0.009850629314780234	0.010383135648444295	0.0005904245725233241	0.0009722562054638075	0.02288686092570424	0.06402051150053739	0.012937576906784671	0.0023918855614933824	0.01233164222491905
A[C>A]C	0.0013881622921888648	0.0006493377117589155	0.006173345485702157	0.015939881984959357	0.006117686700075865	0.007659251668956131	9.624194386045989e-05	7.061884891392288e-06	0.014471146149560809	0.014985684802755713	0.0028209176390272166	0.0026441408642777164	0.06303905564546584
A[C>A]G	0.00036162477819016205	2.917910561374952e-05	0.004164421581663191	0.004610922059277073	0.00036161633701703975	0.00179886027041357	8.161732645933397e-05	0.0	0.0013280090288753854	0.0031753303059376776	0.000664136516264989	0.00040321772532589634	0.0016665643840387929
A[C>A]T	0.0020317302530165763	0.000733974188027787	0.00016266542471124123	0.02442280594073236	0.001544720577687258	0.004594987180302269	0.0008887733988570291	0.003722262022551149	0.01597276909276843	0.024262636780738832	0.005714526776049809	0.0021966730721740594	0.03190697186812758
A[C>G]A	0.0008468117337033618	0.00019421204877385732	0.007303092438727617	0.02368141233548522	0.0017613104343181475	0.0045863178428262475	0.00042058634928074823	0.001766255581052974	0.003235603377514053	0.002138203360256739	0.013270012917229906	0.0037032134344335645	0.0021987808749695747
A[C>G]C	8.465193041859627e-06	0.0006359470584284281	0.003250836178660393	0.013924743362702429	0.0012592449694639072	0.0029236117346445097	0.00048816102232418425	0.000561516654357547	0.001994356332201278	0.0019429337542969734	0.008860723533667623	0.0012676757816079771	0.002633466052939184
A[C>G]G	7.651205250778103e-05	0.000178700039075117	0.003711403931956738	0.00620012502418831	0.00012145854897731345	0.0006916085335877084	0.00032859035707201656	3.051079502256471e-07	0.0001294741757265558	0.00020665380676232798	0.00030921946290583666	0.0010268053039326332	0.00045094096874972865
A[C>G]T	0.00013189977541677207	0.002207672939519398	0.006115487406030297	0.023476015435531735	0.002360212841304019	0.002429187370353134	0.00019713856741160676	0.0014623736136127263	0.002476555592702897	0.0005162387088411298	0.027317668644711374	0.0038923540506511927	0.003565144972570124
A[C>T]A	0.0017289347844780423	6.822821141754566e-05	0.03454259215295315	0.025211930800927804	0.02017826490662992	0.06303124686330557	0.0058077719170833006	0.046454951882362365	0.004857367606323605	0.0030612657270028772	0.0034894922044440622	0.00020829193413058868	0.005219131833783537
A[C>T]C	0.0007050047269767674	0.0007046716927434318	0.015961345972493293	0.013692893768078647	0.008288569395430385	0.0382916090041399	0.001739797390764579	0.012849208867177367	0.0046461319422815	0.003077027782361256	0.001994270355975466	0.0002531472174342469	0.002582495529064138
A[C>T]G	0.0011320581688388598	0.002575962407316297	0.04408593346551061	0.005586029385247074	0.23818503075838088	0.00643368574085581	0.004630447627569083	0.018488471692427993	0.03077056236937642	0.017068098371725456	0.006543150030297328	0.010436891467252284	0.01670885855983943
A[C>T]T	0.0024438979309052227	0.000709646336087488	0.025099227905273438	0.027861205204739236	0.007189639707095921	0.05260287294909358	0.00036831457175767203	0.01060667511820793	0.008846942697186022	0.004882012448157184	0.0002802973954344302	0.0005715568603563741	0.00722329597879434
A[T>A]A	0.001039780982626744	8.554106731259286e-05	0.006936562380753458	0.011334403533954174	0.002847909018979408	0.0017243166040992182	0.0017232971794401025	0.0030748557918705045	0.02196797474846244	0.0021093250820413234	0.01704326116293669	0.0014523598215135962	0.005752930930349976
A[T>A]C	0.0007957095133403096	0.0016720209060003982	0.007527454901486636	0.00391433718545829	0.004318136175628751	0.0019883716849999475	0.00163564662153658	0.004482907795347274	0.01320159617625177	0.0023795101072173566	0.00158860064502504	0.0013283401880783243	0.03038035847991705
A[T>A]G	0.001193565051537007	0.00010277053696225494	0.006333393489010632	0.013913846970302984	0.0012669144902902189	0.004065704385982826	0.0008663966712757354	3.0399637835216708e-06	0.012662548542022705	0.0017825381559086963	0.0043995636673971605	0.0017862354261014843	0.006455406152410433
A[T>A]T	0.007446139104664326	0.002753160234515974	0.0030794716571937086	0.012876508564582764	0.011737639837898314	0.007449539271299727	0.006965904859825968	0.028857226856052874	0.04932229958847165	0.008881301142275333	0.011345128996044495	0.002077099021666526	0.0061017332265487475
A[T>C]A	0.0016867156663820542	0.0012549500328936302	0.07289416798949241	0.012664834505932955	0.0029231401827299877	0.0008753707609140089	0.007926971456501633	0.026412129394710063	0.033680084269493815	0.0038269616551697256	0.02787103980779648	0.0027043186807282817	0.005971139247567937
A[T>C]C	0.002583072958999148	0.0010293563408463986	0.022978332579135896	0.009732375024352223	0.0014745059507067465	0.000359188076391229	0.010599352850578725	0.010136291263625025	0.009508611454628408	0.00184460588672664	0.003979783422263976	0.0014205199671886053	0.006841008991468698
A[T>C]G	0.0004955842945093297	0.0008238280625794627	0.07524518863856793	0.006511914680914138	1.084460923448205e-05	0.0007081052508073723	0.010100571586284787	0.032749389972537755	0.012081730642355978	0.0001667706426675088	0.004372942171984176	0.0017824812919693203	0.002067429985567949
A[T>C]T	0.006162142476532608	0.0018593433774076401	0.055169361419975756	0.024180213198065757	0.0043202739749103785	0.002339110918688099	0.011717227851040662	0.005214459944982082	0.02599588646553457	0.004288857720792293	0.014007468409836292	0.0028122674341845956	0.006247596394184552
A[T>G]A	0.0006976685594717145	0.0007985066301378534	0.007484406533185392	0.004296682789263686	0.0006036518672008243	0.0008445262120852813	0.004297175972256809	5.699998000636697e-07	0.005069905072683468	0.0003857788453918185	0.034479945570230486	0.0007460565486671335	0.002339557387166597
A[T>G]C	0.0009263501032611783	0.0033342112289974466	0.0045897505902685225	0.0018939759178756503	0.00019642433249617523	0.0007725950341134337	0.010950294577516615	0.0008132205082802102	0.0021333682113327088	0.0001436385269088638	0.004936807319056243	0.00019690237120764892	0.001602396285510622
A[T>G]G	0.0007431871873343119	0.000770786147315448	0.007064831921830774	0.010294134470634162	9.957464102789751e-06	0.0013005731524126127	0.005545158525928855	0.0005605821858043783	0.0028311397769721224	0.0007496030560141662	0.006392843865323811	0.0006769821575933106	0.0040962525140494106
A[T>G]T	0.03858374353125692	0.045405273906886576	0.005206034817849286	0.006319577167258845	0.001501946669345509	0.005268078393652104	0.09230674549937248	6.10251708044862e-05	0.005185077214147895	0.0018311237975140106	0.005164553673611541	0.0002756888667583524	0.003174340033709199
C[C>A]A	0.0017124399582389741	0.0009131778139126254	0.0011675710775883462	0.017866206262260674	0.0010349504474232983	0.006423079563304782	0.0005337247927450692	0.015356326164677738	0.009880535517120734	0.05434945323318243	0.009018347779288888	0.005185084219789133	0.02941543033719063
C[C>A]C	0.0011367135352338665	0.0001420361237468884	0.00020792571137708633	0.014595933663658798	0.003601405952591449	0.00850839048391208	0.000232847411238233	0.025859320931136607	0.0033710907282077434	0.01160622221045196	0.00434982148481954	0.002942759001511149	0.021941499117761852
C[C>A]G	7.291683727379377e-05	0.00016207344196948704	0.0034637360447086394	0.0023453664408298208	0.0029392088749445977	0.0014974916306673598	0.00036248437763412356	0.003867557469755411	6.905758875510081e-06	0.005614744077436626	0.00014249066623122776	0.0008378794031741563	0.002152753446251154
C[C>A]T	0.0001463798369233659	0.000779357808141637	0.0030435759520190974	0.0016647667365140785	0.0003140792559668004	0.00837186477860238	0.0026958460769796215	0.0771796842366457	0.011285638923298617	0.03587708865106106	0.006906720041541921	0.0038838551743086563	0.0372205605097115
C[C>G]A	0.0005214993431582115	0.0002780175905403441	0.0011046293279613228	0.018210751358419656	8.071926889324006e-05	0.002650766268838197	0.00048753553703093	6.0924931953195484e-05	0.002581821693922393	0.0007689600284203802	0.006404707247624174	0.004158817603252828	0.0021273371829593087
C[C>G]C	0.0006085730446575326	2.772047634061367e-05	0.002546676893020049	0.016295972304418684	9.12597059750489e-05	0.0026265843608707655	0.00039072836166526427	0.00036920252627169246	0.0014177225433161728	0.0007431193134576661	0.003675632941070944	0.0010870921561834833	0.0019931173378427047
C[C>G]G	0.00014563632264616907	2.488782582122015e-05	0.0017132875334937125	0.0049969660434871915	0.0006759386041085236	0.0011083212134835776	0.00018906627979686956	0.0	1.7294258431969107e-05	0.0002623712744407106	0.000254854361532836	0.0009350188379175961	0.0005148140556133252
C[C>G]T	0.00015769226397460261	0.0007943337077158504	0.002194214077986544	0.02480630718264729	0.00024684423404928383	0.002624288608108377	0.0009742803741391981	7.832130327857744e-06	0.0034589713078245154	0.0008043789523515558	0.01245380595419556	0.00570866395207122	0.003966757715097628
C[C>T]A	0.001551144333756156	0.0013244061584991868	0.00545650339050917	0.02224234286788851	0.008308985820040107	0.07123265694081783	0.0018486380857648328	0.00482431082893163	0.010641812563873827	0.00682279721274972	0.007000092978356406	0.007653353630565107	0.011568948710337281
C[C>T]C	0.0016496850355020114	0.0009042513961307808	0.0032698228253189333	0.009494046044708987	0.006300357801718716	0.07232395515218377	2.4314704416505335e-05	0.010659186374396086	5.6411603581843495e-05	0.004576996943075143	0.005840414739981416	0.0005223453736341205	0.03302944054082036
C[C>T]G	0.002583681519441214	0.0008760054692650097	0.02555458484403789	0.00990621059343593	0.16001098278164863	0.017620477633550763	0.003844709958186959	0.020419158052653073	0.0043342676272562644	0.012910304679418914	0.0063145830583597245	0.005740052781051036	0.005983883613419194
C[C>T]T	0.0020459853356005623	0.0011736298929608893	0.015819718562066556	0.017679589136270806	0.010079375199973583	0.06199258718639612	0.0008461321001226474	0.006040599637664855	0.012482142688706517	0.005491913872887381	0.0035488381528987426	0.006708920678589496	0.03321472442895174
C[T>A]A	0.0009458703593670672	3.568866398446968e-05	0.0026812357698436243	0.0021549614573812253	1.9822835238301195e-06	0.0006189244658544922	0.0022507392897387034	0.00023035721394738858	0.007028299383120612	7.72334603848796e-05	0.009390490948222578	0.0019341154849098529	0.036377358362078664
C[T>A]C	0.012281365904957056	0.007866958142258226	0.0008657204726186556	0.007666519465041347	0.0003830189077899585	0.002452326158614596	0.011317410751245916	0.003128533416427672	0.0051042644339618515	0.001425029955629725	0.002207435285265411	0.0024572469570557586	0.0354005211442709
C[T>A]G	0.003970106083434075	0.001880961382528767	0.0039134807512164116	0.006644955524941906	3.6134359915985073e-05	0.0017792413728218136	0.007290648374240845	0.00032078487799559643	0.005753565423816326	0.0009960912746246322	0.0046920408764854074	0.0034081556340679526	0.0359296653047204
C[T>A]T	0.05423104628920555	0.024959021396934986	0.0001913655224301724	0.012839313407352166	5.1956573998209405e-05	0.00532595543275238	0.007246429792894336	0.00041547024312913816	0.009526758874068036	0.0007205683449207273	0.017370547967031597	0.0035200731767108663	0.05172209186851978
C[T>C]A	0.005732435999666337	0.0006989019996499765	0.025092403553426266	0.0022242975831954733	2.479050553714089e-05	0.00024096121805336447	0.019582391899079083	0.018726993817836046	0.012497315280139447	0.00037316039976743545	0.023360847622156143	0.002107262004426764	0.0099695219732821
C[T>C]C	0.04785918004438281	0.01831383772473782	0.013506287004798652	0.010727535572834313	0.003134775964776054	0.0023013414558330503	0.05957466249540448	0.009731728732585907	6.693656171572748e-05	0.0018126124497503042	0.0037798158632240007	0.002939206985058263	0.017734771681949497
C[T>C]G	0.02639996344409883	0.008871516860090196	0.04371953674778342	0.0001644364694654804	0.0010725625940632125	0.0017551489122551852	0.0527880236916244	0.03576303630322218	0.001978311030345881	0.00026493606589810524	0.0007847743948983599	0.0011881781416925627	0.01159264058759436
C[T>C]T	0.22595285034179688	0.0746338809493228	0.02545588502846658	0.0047811109293779035	0.0009664294446374328	0.007808510278601164	0.040723016098643955	0.01872893759049475	0.004928173286782451	0.0020311054954366553	0.01162302374892784	0.0010733949018015157	0.026898895448672626
C[T>G]A	4.495707936575205e-05	0.0020127203723750427	0.0020198063581483437	0.004734771722694859	0.00011341779309351483	0.0009377540927089382	0.006455087145790458	0.000670183507463662	0.005389173164498061	0.0009204684536671266	0.013230024533346296	0.0004643831491544776	0.002491734259063378
C[T>G]C	0.004367641824657318	0.027660644341260195	0.00428338632453233	0.0027930807787605164	5.606183073328142e-12	0.0003906657350100977	0.02235671800368848	0.00585007322113961	0.000535491496578605	0.0010149984067265904	0.004624620046413835	0.001391275230271276	0.007670655972789973
C[T>G]G	0.002340697054431075	0.011253048514015972	0.004014151206240058	0.011544871445279568	0.0	0.0007137697061419952	0.015262528415303678	0.0065932280654087665	0.007122233160305768	0.0007524240378658496	0.005089032676187344	0.0015211645072849933	0.004267478478839621
C[T>G]T	0.27228489734232425	0.4834725303649902	0.00021244403781455683	0.0038305002730388868	0.0015753625639548807	0.00952880514113551	0.06786590276423507	2.2592398486206855e-07	0.006126445041339533	0.0016768603431819378	0.033669434126915566	0.0019528104935704173	0.01567561875581151
G[C>A]A	0.002379027302362506	0.0007103012873381536	0.004680067016743124	0.005627554043636746	0.0064597344645299015	0.006006354543518363	0.0012002289938794859	0.0022554942214337644	0.003212847635932861	0.14024931213259698	0.009437757973370998	0.0034616146922860514	0.016285508122993633
G[C>A]C	0.0009968783266679018	0.00045193235449901304	0.0048511620513163505	0.004247079019693528	0.0031914788249414413	0.003692401094653178	0.00022644692567849305	0.003934244354721159	0.004269099865397948	0.022021132592111827	0.0019983940121717637	0.0017760883171694813	0.043877794414758683
G[C>A]G	0.00024060686817392707	0.00012780011100624067	0.003619084134697914	0.001979290994873736	0.0021359387522097676	0.002469507756002713	4.936814159591436e-06	0.00024386676603474478	0.0004685095796522415	0.006975352758541703	9.846552599313895e-06	0.00027363791046987665	0.0011131789315015795
G[C>A]T	0.0008067029356415719	0.001059618339902954	0.00046638254186712836	0.009382692186161876	0.0006969120572708263	0.0034840432946570904	0.00133281345985597	0.014349995728582143	0.008464956344570965	0.07570856067538262	0.0063201192805520945	0.0024218746678465264	0.009866166046806029
G[C>G]A	0.00032272604232466207	6.992991413068955e-05	0.003836242686957121	0.010906503902282566	0.000728769694105722	0.0012789361717987049	0.000701283901653369	0.0002162064260939461	0.001599053020356223	0.0011747293536318467	0.003847552871273365	0.0014912412073463202	0.003074673851719126
G[C>G]C	1.6994599109426764e-06	0.0007539278559706873	0.004371618737466634	0.00664480091794394	0.000985794404114131	0.0010753070658235003	0.0006650477908406191	0.0015958009853493421	0.00028908353502045365	0.0006111033398239496	0.008976968357339502	0.001594119132438209	0.0158612560313195
G[C>G]G	4.549389309432444e-06	0.00015187299172976054	0.0032186597282998263	0.00216944638005225	0.00026559602362749503	0.0006291962538089137	3.038893271459334e-06	2.0924007751022038e-05	1.6146825248893917e-05	0.00016114875361228627	7.853255805359186e-05	0.0004392053697956726	0.0004339506906065184
G[C>G]T	0.00017024095000946015	0.0008069962940353434	0.0032688738727010788	0.015204746378585696	0.0008537207572953775	0.001535370380730948	0.0006263189373353441	0.0009051805540220811	0.0011792436839653012	0.0008546551809413359	0.008596117060398683	0.0024538961385842414	0.005798239066731185
G[C>T]A	0.0004394558277018219	0.0007578408887275145	0.010628877690061926	0.010035958472639323	0.018985777214169504	0.03792435299605131	0.0022979614866781048	0.04777092020213604	0.0009548559556130981	0.0020846562690221334	0.003988962917109506	0.0034851924874819817	0.02023871220834553
G[C>T]C	0.00011729294655500223	0.0023685765280970373	0.01083785632159561	0.005653615408024237	0.020009612955152987	0.029665498965536243	4.849224271686911e-05	0.06005597022920847	0.003571041144857329	0.00017292418123276764	0.004572205524868805	0.0014893555709857645	0.005624725903089862
G[C>T]G	0.0008834760003202715	0.004311043964233249	0.0055171700723904	0.005910628802774786	0.18770994848012923	0.013788554951760948	0.00204503779844071	0.06478361660242081	0.02224452318996191	0.012558129910081177	0.012172255311295932	0.004962041958120773	0.0037233591389351076
G[C>T]T	0.0008566950273517043	0.002281821272103116	0.017075192540884018	0.01215334489941597	0.01579974107258022	0.027707014902494848	0.00019722491052011806	0.034763662599027155	0.011480255482718348	0.002879895019810647	0.003608418627053658	0.00288188821519725	0.006073098219931125
G[T>A]A	0.0005313410803792067	0.00021316828753979023	0.0021235891471151264	0.0061103046428179365	4.860165549005711e-07	0.00019001310448361295	0.0003593127715304585	0.0005331894625560381	0.009835374949499964	5.544018689991594e-05	0.0036826211551669987	0.0007850846728542828	0.004972073433222249
G[T>A]C	0.002865063047967851	0.0020639398319181055	0.002988598918542266	0.003910575730842538	0.0006303365932730456	0.001440279255995847	0.002608001283137128	0.0030088420817628502	0.004774647748097777	0.0006996887417626567	0.0009417324244902764	0.0011284982729557668	0.014489498158916831
G[T>A]G	0.0016140638627111911	0.00029662258804756997	0.002496121573029086	0.008585874550277367	0.00036553150769422986	0.0010546344683609234	0.0018540989808388986	0.001165512670413591	0.006313480851240456	0.0006137525785452453	0.0022602175890499153	0.0008363282595756303	0.003370037684915587
G[T>A]T	0.011559975881129503	0.0035913119443132784	0.001845456227485556	0.015430834896629676	0.0001636075268351846	0.002695637741578761	0.004246788438875228	0.0028234519502148034	0.00874215504154563	0.0013221090561710298	0.002775619856229796	0.0008109397279036288	0.007199759044218808
G[T>C]A	0.0006992325735866339	0.0012255565574741923	0.025317778561264277	0.00354596564169725	0.004401321477489546	0.0005524474068344723	0.006293084458447993	0.03439023608341813	0.020033759830519558	0.0008409378620420487	0.011973140137270093	0.001131569305551139	0.0009634707107786727
G[T>C]C	0.008867649308405817	0.0043076231121085586	0.014672472158446907	0.004295547681162134	0.003702403796138242	0.00026282862949611956	0.014369417749345302	0.013649160966277123	0.009361885959748179	0.001891916795168072	0.0053861349823419	0.0016443203533126507	0.007615811156108976
G[T>C]G	0.005780203471658751	0.0022916244622319935	0.034411462053656576	0.001013163957964206	0.002664966764859855	0.0002561213375830388	0.01547539281193167	0.029381126921623944	0.008457760254852474	0.00010246412081898935	0.001687684625620145	0.0018271376084200378	0.0005055034906714333
G[T>C]T	0.020085203750059007	0.005137046598968426	0.026952076602727176	0.00854428604291752	0.0021838457095795043	0.001169784039820063	0.009804258267220575	0.0162811327483505	0.020029147736728193	0.002763292291900143	0.009813834905158728	0.0023737918043043463	0.003118848297342058
G[T>G]A	0.0002363573584837657	0.0003709572979906737	0.0035612742672674357	0.004694302711752243	0.00011656465023559537	0.0004346327044426074	0.0020473842844367027	4.6871883951321576e-05	0.0022178171996492893	0.0002706143214180097	0.0055123344007879495	0.00022659491164102747	0.0014808211695635691
G[T>G]C	0.001346570399011398	0.006566371282562614	0.00421041838824749	0.001988973076135153	1.1693429424174633e-05	0.00017632475022780642	0.00614128711540252	0.0009493144092848525	0.00052894304373061	0.00010385038684580428	0.002873307573143393	0.00024444808193342166	0.004133182094898075
G[T>G]G	0.000824719979049405	0.0026843865488190206	0.004115127418655902	0.010426399195101112	2.9796297108656966e-05	0.0014245601056172745	0.005252207485958934	0.001421314652543515	0.0035963277076371016	0.0005444485264249097	0.003086835881766092	0.0007611922968840818	0.003360554845072329
G[T>G]T	0.059866422764956954	0.09674936386942863	0.005000391914043576	0.006934711256530136	0.0014443306497827408	0.0016585133713607658	0.052192685220390556	0.007564612062647939	0.002757681218092664	0.0016763975785252115	0.006280265251076663	0.0004541494756974356	0.003831467574662649
T[C>A]A	0.0013040820588591572	0.0004983702238234948	0.0014817718495395529	0.013553143137600273	0.0028314227235251357	0.005247281290004761	0.0015508280934736832	0.001404976221553965	0.01886406575702131	0.10884009927511215	0.024639303145930172	0.02252700175344944	0.01000092955785048
T[C>A]C	0.0015068381977034733	0.0003674804212794249	0.0006742167435191109	0.014873007968999446	0.005060930533800274	0.004294154329283629	0.0006836271058522488	0.0030387358237057923	0.009200033610686659	0.05584247514605522	0.007513959364732727	0.010689198522828519	0.030948535721749066
T[C>A]G	0.00015231418815402734	6.801703749711046e-05	0.0027151805353350937	0.0018875190360995474	0.0012650677431374788	0.001050495421846281	0.00012844289604671354	8.644138413041383e-05	0.0015051350532739888	0.013514275277033447	0.0013103856733136824	0.0015579976889421232	0.0004201698386839522
T[C>A]T	0.0008846387008219784	0.0048500212668441236	0.0038243803104427644	0.01282588137548279	0.003706425468494324	0.00419792058700708	0.0025337184165168084	0.01466757352091372	0.04131498822942376	0.1825392967760563	0.021071491377734595	0.016057994980365038	0.024984927490353585
T[C>G]A	0.00025291090581826725	0.0008068768353623468	0.0018786638191006003	0.026387429807335137	0.00010738178483872276	0.00015932221788950588	1.1506082681506667e-05	0.0003555165401315333	9.525182843208315e-05	0.0006970198520527431	0.022489717748957125	0.12599160961434244	0.0006910021839327009
T[C>G]C	0.00031900272254888474	0.0006945674596863683	0.001307670854431207	0.02408147527743131	5.840387418331584e-05	0.002255685969685353	0.0005996285137539508	0.00024372385376045713	0.0021649233788630226	0.0010435826144942614	0.011246136496774852	0.02816929228976369	0.0022765002454980276
T[C>G]G	0.00012893807406439117	5.293013042762579e-05	0.0030800973027944566	0.0033411931099253706	3.12321567488796e-05	3.99438706291064e-05	1.2108551601217637e-05	1.605647494523228e-06	3.787624416872859e-06	1.3086573033596917e-05	0.001073052870135143	0.007296709053451195	0.00031897170015847436
T[C>G]T	0.0006204809985686152	0.002466420691634994	0.0019507961937287178	0.04697853495646268	0.001801892834919272	0.002647256571842185	0.00020539826834513575	0.0011691493121616077	0.0033537868659316242	0.0017123454127341367	0.05473068494722247	0.15119911900535227	0.005337915938888216
T[C>T]A	6.723559003247106e-05	0.00011408737562834482	0.00038876994143109987	0.0003715804304202076	0.0009951631928122335	0.10220923878252507	0.008650771524668957	0.00035349337305660766	0.0497791503556074	0.00010651054838010118	0.00032989155301825116	0.23952317041158677	0.000922923330416036
T[C>T]C	2.52970448366319e-05	0.002119470284964322	0.0015735042522247642	0.014165185031481087	0.008866996880620717	0.0807904220893979	0.006879754858430177	0.005360121778212487	0.028672442264854908	0.003138019508408158	0.0064473956649907785	0.05694053895398975	0.0048945499052078225
T[C>T]G	0.0008177299587800219	0.0020091590193624144	0.02515144332870841	0.00015547583655261326	0.09501389463245868	0.011019093529321254	0.0009448141112915612	0.004710042507860654	0.0195566460005939	0.00972378421248868	0.0034493953909921823	0.031758754558861256	0.005925252083515128
T[C>T]T	0.0002633010024266164	0.0011910547869269212	0.004223600382916629	0.005313060856624089	0.008510364352725446	0.09748519711196423	0.009753168488969096	0.0006597079668382338	0.05108987557142973	0.0022094942861487594	0.004714159189547857	0.13699714712053537	0.008411700748838484
T[T>A]A	0.0027933183393200043	0.0042803202737122775	0.002785289549309974	0.008892373709631514	0.016730235523544253	0.010520272427146515	9.738180987164123e-05	0.013226323120296002	0.06148719578981399	0.013395391621626913	0.03562127360329032	0.0020599523056498994	0.005498707223891793
T[T>A]C	0.002970341084524989	0.0008998129735700787	0.00030445804104863326	0.01075962569960393	1.5135857759929697e-05	0.0031172841440420596	0.005079611222725362	0.00107757138623856	0.008659009265713394	0.0005991562086042151	0.006608782607596368	0.001424637122364402	0.013439915731549262
T[T>A]G	0.0012497833437810186	6.537908960460073e-05	0.0021670056397560984	0.007698888168903068	9.06193599230542e-06	0.0017429086595075205	0.0022306195937562734	0.0006839116517803631	0.007373593392781913	0.0004509668046329155	0.008267343350686133	0.001326137630327139	0.003953232699539512
T[T>A]T	0.01678481669165194	0.0028106416814385614	1.5026060151108224e-05	0.020571835990995168	0.010196345041505992	0.0047278612843892915	0.016200388700701295	0.01980972731113434	0.027540664384141565	0.002104136834095698	0.028423979848623274	0.0014912054667394696	0.008177398888859898
T[T>C]A	0.006019770770333707	0.0003744599768704588	0.027579436477273702	0.0030425912619711426	0.0018827501551058386	0.0006105156195693772	0.005922288757802405	0.02084202117472887	0.018851484725251794	0.002018644041934749	0.0651184106990695	0.0015676379855396085	0.005561912989796872
T[T>C]C	0.0063051227674612905	0.00302396655905261	0.01735850946046412	0.006941231803037226	0.0076312495227903124	0.0018432197283154545	0.027495490772649647	0.023558321576565504	0.015155119951348751	0.001515590282389894	0.018866320323199032	0.0018875989090884103	0.002091816267385639
T[T>C]G	0.004609592592120657	0.00018124729464273864	0.030557401604950428	0.0008953588765656548	0.0018891471820534206	0.00038731836158162493	0.017304786548949777	0.02011851231381297	0.007077542558778078	0.0007416218294889141	0.013530706817284226	0.0013204291821517836	0.000698891097486046
T[T>C]T	0.02364144715666771	0.003380345092678573	0.02939673940092325	0.009128239427693188	0.00922336430568248	0.003894746251691336	0.03000372040644288	0.035516289129853246	0.016375514527317135	0.0007715177410024859	0.020167359365150333	0.0022901388073223645	0.0004873148341361295
T[T>G]A	0.00022465570089660414	0.002814512560260482	0.005116458277450875	0.007016767117660493	0.0005774021099174994	0.0011269854717076465	0.005046183030528482	0.00010047622651725038	0.004109184410134718	0.00045733283080235564	0.05003101924806833	0.0011031773113734285	0.0019139748648447758
T[T>G]C	0.0008678723223955784	0.005980598190624732	0.0063847887441515925	0.0056353762836079116	0.0007087788828939666	0.0011044786794039098	0.01756302234251052	0.00020732874737928954	0.0012202747543348358	6.021419680100708e-05	0.010936163301579654	0.0006839861728658485	0.0022579565143969376
T[T>G]G	0.0015653768757684047	0.002313376316296356	0.0057008993197232485	0.011159166253171862	0.00369858418032527	0.0015004316064746192	0.010189248162321746	0.005568537234328687	0.005837855271296576	0.0011388521434855647	0.014792927226051689	0.0009868951696402777	0.0028829923819284884
T[T>G]T	0.05945290174335241	0.08133434988558293	0.006676515133218554	0.010571409439654653	0.016176592454314232	0.0034999407161450057	0.1955042649805546	0.011068552551791072	0.015466292285726923	0.0014096240288980785	0.03322295088134706	0.0006192443884759763	0.001474095626068331
