Samples	SBS96A	SBS96B	SBS96C	SBS96D	SBS96E	SBS96F	SBS96G	SBS96H	SBS96I	SBS96J	SBS96K	SBS96L	SBS96M	SBS96N
LP2000104-DNA_A01_vs_LP2000101-DNA_A01__pv	18149	9394	1006	1926	874	5171	753	296	891	1654	0	1395	2459	481
LP2000105-DNA_A01_vs_LP2000102-DNA_A01__pv	4020	4753	865	3460	951	2115	430	990	4247	497	936	1646	2249	1353
LP2000106-DNA_A01_vs_LP2000102-DNA_A01__pv	3282	2729	626	922	789	1595	555	220	3444	202	1319	835	2717	252
LP2000107-DNA_A01_vs_LP2000102-DNA_A01__pv	3767	3842	715	2169	740	1886	426	593	3463	458	876	1279	1244	709
LP2000108-DNA_A01_vs_LP2000103-DNA_A01__pv	125	273	410	1253	577	224	511	473	714	377	1093	504	1019	578
LP2000109-DNA_A01_vs_LP2000103-DNA_A01__pv	142	250	468	985	506	205	467	385	706	338	984	438	932	393
LP2000110-DNA_A01_vs_LP2000101-DNA_A01__pv	14308	7972	688	616	797	3389	746	148	953	1193	435	577	515	134
LP2000111-DNA_A01_vs_LP2000102-DNA_A01__pv	827	666	239	347	121	343	115	0	762	164	49	264	652	53
LP2000112-DNA_A01_vs_LP2000102-DNA_A01__pv	1534	1473	391	760	284	740	239	149	1631	302	339	400	1200	132
LP2000113-DNA_A01_vs_LP2000103-DNA_A01__pv	150	260	476	1056	463	204	459	333	727	520	1124	372	1018	470
LP2000114-DNA_A01_vs_LP2000103-DNA_A01__pv	303	185	195	710	595	156	742	293	789	687	747	408	2119	231
LP2000325-DNA_A01_vs_LP2000317-DNA_A01__pv	4168	5135	941	2498	1630	1874	725	893	1834	2119	1341	1145	500	862
LP2000327-DNA_A01_vs_LP2000319-DNA_A01__pv	3760	5112	424	977	535	2671	497	322	648	1066	1135	772	429	242
LP2000328-DNA_A01_vs_LP2000320-DNA_A01__pv	1695	1551	454	1323	1489	1058	2064	947	339	1725	2446	668	292	183
LP2000329-DNA_A01_vs_LP2000321-DNA_A01__pv	5341	3181	865	1394	2441	1099	1252	412	1621	1577	1612	458	2188	431
LP2000330-DNA_A01_vs_LP2000316-DNA_A01__pv	2031	952	848	3062	727	1128	746	718	1643	1621	548	554	709	772
LP2000331-DNA_A01_vs_LP2000322-DNA_A01__pv	918	1305	661	1129	1983	360	1095	374	1187	938	1633	267	250	399
LP2000332-DNA_A01_vs_LP2000323-DNA_A01__pv	7192	6201	694	1926	2679	2166	1423	625	2668	2599	1061	436	597	1051
LP2000333-DNA_A01_vs_LP2000324-DNA_A01__pv	1984	2521	239	940	868	492	711	414	1132	908	980	435	455	760
LP2000334-DNA_A01_vs_LP2000324-DNA_A01__pv	2588	651	481	553	927	888	526	17	1188	779	561	329	179	407
LP2000335-DNA_A01_vs_LP2000317-DNA_A01__pv	3118	3267	1084	1237	915	1073	680	260	974	1396	879	888	98	463
LP2000336-DNA_A01_vs_LP2000316-DNA_A01__pv	549	320	489	627	1020	183	448	193	593	567	498	60	86	370
LP2000346-DNA_A01_vs_SM-4JPUU__pv	680	836	570	599	1311	207	3330	357	2981	2000	737	361	1139	2958
LP2000350-DNA_A01_vs_SM-4JPUU__pv	767	557	872	776	1783	112	2559	196	2457	1925	1396	389	790	418
LP2000352-DNA_A01_vs_LP2000359-DNA_A01__pv	3791	2935	666	1720	1025	3848	594	212	1362	869	605	1227	354	523
LP2000353-DNA_A01_vs_LP2000359-DNA_A01__pv	7300	12564	89	2379	1034	11926	244	538	1530	598	1542	1684	242	746
LP2000355-DNA_A01_vs_LP2000359-DNA_A01__pv	3725	3249	739	1948	1040	4067	498	353	1391	826	743	1266	464	619
LP2000356-DNA_A01_vs_LP2000359-DNA_A01__pv	4874	3087	851	2275	1054	4268	547	409	1478	917	549	1594	546	826
LP2000357-DNA_A01_vs_LP2000359-DNA_A01__pv	3557	3344	605	1716	1128	4376	514	323	1352	945	670	1198	414	526
LP2000366-DNA_A01_vs_SM-4JPUU__pv	1301	891	515	612	1372	106	3003	401	2785	1851	764	334	1123	2736
LP2000367-DNA_A01_vs_SM-4JPUU__pv	624	891	500	474	1397	128	3173	404	2886	1962	855	418	1166	3078
LP2000368-DNA_A01_vs_SM-4JPUU__pv	636	865	456	723	1172	142	2752	362	2653	1704	837	358	1023	2503
LP2000369-DNA_A01_vs_SM-4JPUU__pv	588	732	490	557	1143	126	2688	209	2541	1664	731	284	977	2334
LP2000370-DNA_A01_vs_SM-4JPUU__pv	663	927	504	661	1475	163	3503	418	3089	2101	708	414	1242	3244
LP2000371-DNA_A01_vs_SM-4JPUU__pv	725	632	934	722	1782	106	2641	135	2470	1864	1353	409	793	468
LP2000372-DNA_A01_vs_LP2000359-DNA_A01__pv	4533	3042	756	2638	1041	4507	614	406	1705	814	605	1789	651	797
LP2000373-DNA_A01_vs_LP2000359-DNA_A01__pv	2787	2749	491	1041	1122	3387	470	307	992	703	443	845	302	470
LP2101132-DNA_A01_vs_LP2101131-DNA_A01__pv	8207	3083	836	2088	1655	3033	1095	580	2785	1233	1232	1110	423	945
LP2101136-DNA_A01_vs_LP2101133-DNA_A01__pv	772	176	1138	4351	1911	350	1100	793	1531	1808	1403	3307	1894	1171
LP2101137-DNA_A01_vs_LP2101134-DNA_A01__pv	429	555	518	260	735	31	351	32	251	667	598	463	59	262
LP2101140-DNA_A01_vs_LP2101155-DNA_A01__pv	3120	1854	1172	6854	3008	943	2004	1773	7364	2219	1074	2932	1376	2417
LP2101141-DNA_A01_vs_LP2101139-DNA_A01__pv	29	780	1050	2337	857	476	945	803	444	1068	2525	652	1179	693
LP2101142-DNA_A01_vs_LP2101143-DNA_A01__pv	906	0	1685	665	15110	2736	1555	17037	1193	5241	678	1017	0	0
LP2101144-DNA_A01_vs_LP2101145-DNA_A01__pv	466	287	612	1534	689	178	687	617	742	1929	959	604	367	840
LP2101146-DNA_A01_vs_LP2101147-DNA_A01__pv	637	569	1557	894	1014	341	2866	1232	2568	2526	497	872	481	644
LP2101148-DNA_A01_vs_LP2101149-DNA_A01__pv	589	0	1425	4940	530	513	591	805	652	1292	646	2577	1563	900
LP2101151-DNA_A01_vs_LP2101152-DNA_A01__pv	2164	1785	400	2838	726	612	1060	1454	3020	2133	2145	2552	1596	1074
LP2101153-DNA_A01_vs_LP2101154-DNA_A01__pv	15337	10346	2783	4116	2418	6024	2639	1472	1420	6067	1263	4658	1613	724
LP2101156-DNA_A01_vs_LP2101157-DNA_A01__pv	514	729	767	1667	14838	2456	2650	42661	1243	6474	1421	1271	0	0
LP2101158-DNA_A01_vs_LP2101159-DNA_A01__pv	7674	5951	854	3172	5266	3094	1495	1403	4940	2851	1544	880	1191	1226
LP2101160-DNA_A01_vs_LP2101161-DNA_A01__pv	3191	833	1086	1170	1558	1240	1389	580	1020	1437	2365	702	540	649
LP2101162-DNA_B01_vs_LP2101163-DNA_B01__pv	179	256	378	257	213	64	180	40	448	161	156	0	147	65
LP2101164-DNA_A01_vs_LP2101165-DNA_A01__pv	348	116	1256	594	852	201	905	0	2187	2202	0	1159	805	0
LP2101166-DNA_A01_vs_LP2101167-DNA_A01__pv	1374	606	331	990	871	729	1363	372	2511	2752	712	526	687	389
LP2101168-DNA_A01_vs_LP2101169-DNA_A01__pv	128	178	687	1756	1317	96	621	274	403	1313	829	1291	804	877
LP2101170-DNA_A01_vs_LP2101511-DNA_A01__pv	68	347	748	1710	237	203	166	481	571	440	310	218	372	635
LP2101512-DNA_A01_vs_LP2101513-DNA_A01__pv	6633	6562	1096	1363	1138	1717	700	607	1609	2052	1138	1808	628	494
LP6005334-DNA_A02_vs_LP6005333-DNA_A02__pv	1263	1875	362	1099	1924	578	1172	325	2349	2659	682	1311	771	453
LP6005334-DNA_A03_vs_LP6005333-DNA_A03__pv	5223	1593	582	1499	2209	1239	1327	590	2787	1778	842	1334	965	502
LP6005334-DNA_A04_vs_LP6005333-DNA_A04__pv	2121	1867	576	1415	1413	507	514	303	1151	943	943	844	1640	682
LP6005334-DNA_B01_vs_SM-4JPUU__pv	609	540	433	370	1418	159	2251	98	2218	1555	1073	285	667	225
LP6005334-DNA_B02_vs_LP6005333-DNA_B02__pv	2551	3307	875	1414	3337	1668	1255	274	3684	2176	1457	981	605	568
LP6005334-DNA_C01_vs_LP6005333-DNA_C01__pv	192	600	714	5247	384	304	340	944	844	915	1217	613	1684	1862
LP6005334-DNA_C02_vs_LP6005333-DNA_C02__pv	384	284	459	2229	539	480	26	414	616	845	654	204	773	700
LP6005334-DNA_C03_vs_LP6005333-DNA_C03__pv	1057	1144	954	1337	3355	611	876	659	1115	2596	1147	807	1013	522
LP6005334-DNA_D01_vs_LP6005333-DNA_D01__pv	0	1	93	121	51	0	72	0	4	91	0	35	210	0
LP6005334-DNA_D02_vs_LP6005333-DNA_D02__pv	4466	11282	562	2999	623	1897	452	444	1136	1049	663	443	3016	796
LP6005334-DNA_D03_vs_LP6005333-DNA_D03__pv	240	121	175	1819	637	162	560	169	2117	523	0	376	2808	375
LP6005334-DNA_E01_vs_LP6005333-DNA_E01__pv	1053	827	975	2569	1878	112	1138	744	1969	2885	639	1480	1488	814
LP6005334-DNA_E02_vs_LP6005333-DNA_E02__pv	865	1439	240	151	395	414	117	0	217	300	622	480	232	161
LP6005334-DNA_E03_vs_LP6005333-DNA_E03__pv	1471	995	864	5243	650	924	301	1073	795	1214	1438	3313	1809	1520
LP6005334-DNA_F01_vs_LP6005333-DNA_F01__pv	2191	1729	859	3188	2152	644	1906	1024	5683	2288	826	1131	1641	1214
LP6005334-DNA_F02_vs_LP6005333-DNA_F02__pv	5531	9848	645	2735	201	7233	1400	2212	2657	2396	1918	846	277	1204
LP6005334-DNA_F03_vs_LP6005333-DNA_F03__pv	205	194	349	409	227	130	141	92	285	316	243	245	0	59
LP6005334-DNA_G01_vs_LP6005333-DNA_G01__pv	3732	3580	0	0	2347	2078	2184	825	3584	1224	7446	0	5729	0
LP6005334-DNA_G02_vs_LP6005333-DNA_G02__pv	7610	5910	850	2806	1633	2926	996	463	2795	2683	2176	1359	1321	949
LP6005334-DNA_G03_vs_LP6005333-DNA_G03__pv	2712	977	427	1302	772	982	598	160	1330	1088	1351	256	578	122
LP6005334-DNA_H01_vs_LP6005333-DNA_H01__pv	5832	2499	542	1586	1314	3309	3220	736	2973	2484	3484	400	1478	480
LP6005334-DNA_H02_vs_LP6005333-DNA_H02__pv	16053	10377	822	2354	659	7070	3240	498	3445	2249	1733	1131	401	599
LP6005334-DNA_H03_vs_LP6005333-DNA_H03__pv	6907	18428	3	1401	1918	3481	908	1013	2766	2782	1878	2291	577	679
LP6005335-DNA_A01_vs_LP6005333-DNA_A03__pv	6098	2609	572	1205	1433	1320	609	477	2276	1279	1121	451	412	277
LP6005409-DNA_A01_vs_LP6005408-DNA_A01__pv	0	70	374	0	767	148	686	566	848	194	2450	0	1053	722
LP6005409-DNA_A02_vs_LP6005408-DNA_A02__pv	1083	510	303	2065	508	88	536	631	1257	382	1375	1085	248	757
LP6005409-DNA_A03_vs_LP6005408-DNA_A03__pv	12345	9156	1824	2538	10521	6848	3666	0	1982	0	0	46	491	725
LP6005409-DNA_A04_vs_LP6005408-DNA_A04__pv	3682	3949	639	642	607	1404	2171	235	1352	1239	885	745	1361	520
LP6005409-DNA_B01_vs_LP6005408-DNA_B01__pv	21853	21221	403	55	601	13422	1405	417	4997	1484	1462	1909	747	644
LP6005409-DNA_B02_vs_LP6005408-DNA_B02__pv	556	949	815	2108	2582	392	1047	445	2123	1007	1468	306	580	878
LP6005409-DNA_B04_vs_LP6005408-DNA_B04__pv	114	631	321	1535	929	117	140	208	0	670	44	2563	3704	422
LP6005409-DNA_C01_vs_LP6005408-DNA_C01__pv	892	582	356	424	1820	389	848	173	650	929	1095	445	735	289
LP6005409-DNA_C02_vs_LP6005408-DNA_C02__pv	960	438	285	406	624	250	385	0	1249	609	284	271	122	144
LP6005409-DNA_C04_vs_LP6005408-DNA_C04__pv	268	176	342	2738	553	299	446	586	523	993	1398	1466	246	1011
LP6005409-DNA_D01_vs_LP6005408-DNA_D01__pv	8559	11655	971	2410	2257	3311	2355	247	1469	1220	1203	2917	839	956
LP6005409-DNA_D02_vs_LP6005408-DNA_D02__pv	6698	8039	1720	4832	3141	1738	2267	677	1779	1652	1126	1879	2153	897
LP6005409-DNA_D03_vs_LP6005408-DNA_D03__pv	10753	18914	540	2100	1588	4770	1807	444	1353	1419	1527	1569	1082	692
LP6005409-DNA_E01_vs_LP6005408-DNA_E01__pv	108	466	830	1754	1345	165	861	277	983	759	1209	366	735	523
LP6005409-DNA_E02_vs_LP6005408-DNA_E02__pv	974	743	463	489	1202	518	637	390	1034	1131	1138	589	535	415
LP6005409-DNA_E03_vs_LP6005408-DNA_E03__pv	3803	9026	1096	4247	2146	2626	279	970	1696	1614	1627	2834	817	1297
LP6005409-DNA_F01_vs_LP6005408-DNA_F01__pv	9495	3599	515	507	1349	2658	600	516	2054	1169	482	910	69	349
LP6005409-DNA_F02_vs_LP6005408-DNA_F02__pv	3052	1466	257	612	1363	993	499	545	2190	742	2621	204	705	458
LP6005409-DNA_F03_vs_LP6005408-DNA_F03__pv	115	159	755	838	853	0	588	49	544	365	555	149	480	448
LP6005409-DNA_G02_vs_LP6005408-DNA_G02__pv	5728	3853	420	1710	656	3087	680	451	691	412	1440	664	267	723
LP6005409-DNA_G03_vs_LP6005408-DNA_G03__pv	7414	8234	412	1024	1499	860	1142	435	1227	1526	1746	1172	0	574
LP6005409-DNA_H01_vs_LP6005408-DNA_H01__pv	0	176	520	1020	2411	355	567	861	521	2775	558	696	496	629
LP6005409-DNA_H02_vs_LP6005408-DNA_H02__pv	4320	2807	275	1962	1177	1661	939	628	1799	1823	891	696	311	834
LP6005409-DNA_H03_vs_LP6005408-DNA_H03__pv	2378	2977	475	763	420	1920	530	286	380	523	697	434	55	186
LP6005496-DNA_A01_vs_LP6005408-DNA_B03__pv	3490	3928	5353	336	0	4332	0	16109	1321	4578	1020	1779	1594	2020
LP6005496-DNA_B01_vs_LP6005408-DNA_C03__pv	5760	1640	62	0	1386	2050	2115	721	1533	923	2927	0	856	0
LP6005500-DNA_A01_vs_LP6005499-DNA_A01__pv	1191	849	627	1299	1123	388	1049	626	1460	1330	1791	1307	797	564
LP6005500-DNA_A02_vs_LP6005499-DNA_A02__pv	1993	3785	1492	4107	3493	1917	1384	1189	1649	58	2784	2364	0	1114
LP6005500-DNA_A03_vs_LP6005499-DNA_A03__pv	1770	2004	685	2306	467	963	809	741	1555	1381	1209	830	847	563
LP6005500-DNA_B01_vs_LP6005499-DNA_B01__pv	2779	2669	986	1619	1217	871	1034	444	1016	1297	1087	938	711	728
LP6005500-DNA_B02_vs_LP6005499-DNA_B02__pv	8261	3936	719	2698	1434	4595	1112	873	1932	3156	3129	1862	609	783
LP6005500-DNA_B03_vs_LP6005499-DNA_B03__pv	3652	3101	1851	2464	255	1211	384	474	685	1194	1046	2540	272	1068
LP6005500-DNA_C01_vs_LP6005499-DNA_C01__pv	1667	1079	718	1415	677	537	606	410	2213	1043	577	363	493	418
LP6005500-DNA_C02_vs_LP6005499-DNA_C02__pv	1925	1434	612	1580	3691	851	1649	4291	1779	3275	1698	661	346	428
LP6005500-DNA_C03_vs_LP6005499-DNA_C03__pv	8130	3916	600	1069	1865	2628	2663	287	1066	1021	823	389	177	768
LP6005500-DNA_D01_vs_LP6005499-DNA_D01__pv	2493	1620	701	1393	888	1830	939	374	1595	1510	743	393	493	513
LP6005500-DNA_D02_vs_LP6005499-DNA_D02__pv	5484	3190	299	790	1694	2141	1112	469	5478	3289	1209	555	376	416
LP6005500-DNA_D03_vs_LP6005499-DNA_D03__pv	2803	2755	702	1173	1016	1924	2387	501	1159	1850	742	460	340	556
LP6005500-DNA_E02_vs_LP6005499-DNA_E02__pv	12332	13172	558	196	803	5328	829	469	1336	498	2181	2417	126	328
LP6005500-DNA_E03_vs_LP6005499-DNA_E03__pv	11879	35364	69	4341	357	16817	864	2122	1590	397	3409	570	488	2626
LP6005500-DNA_F01_vs_LP6005499-DNA_F01__pv	4303	2452	569	2301	523	2416	1576	491	1712	1390	1001	933	1543	646
LP6005500-DNA_F02_vs_LP6005499-DNA_F02__pv	3997	560	1335	2487	3373	749	4453	230	2821	1686	1401	822	6016	991
LP6005500-DNA_F03_vs_LP6005499-DNA_F03__pv	405	2394	31	1439	4366	357	1092	2782	2928	5838	2714	1829	226	902
LP6005500-DNA_G01_vs_LP6005499-DNA_G01__pv	14712	18810	904	855	1563	3555	2145	86	1012	1472	701	354	259	662
LP6005500-DNA_G02_vs_LP6005499-DNA_G02__pv	0	8	495	308	1478	0	274	0	114	223	374	94	455	166
LP6005500-DNA_G03_vs_LP6005499-DNA_G03__pv	13447	984	840	946	1655	2473	951	171	1240	1648	152	0	462	322
LP6005500-DNA_H01_vs_LP6005499-DNA_H01__pv	2224	3856	650	738	2317	509	2580	392	1524	1524	1769	2164	821	578
LP6005500-DNA_H02_vs_LP6005499-DNA_H02__pv	1377	3895	740	923	2531	526	265	308	523	836	1088	1949	2735	534
LP6005500-DNA_H03_vs_LP6005499-DNA_H03__pv	2163	4864	474	1048	559	1553	1227	1039	1023	4639	894	2219	905	496
LP6005501-DNA_A01_vs_LP6005499-DNA_A01__pv	310	98	441	454	401	99	279	0	599	404	271	105	100	158
LP6005501-DNA_B01_vs_LP6005499-DNA_B01__pv	2605	2369	1053	1541	1098	885	1282	352	1007	1609	790	1171	765	805
LP6005501-DNA_C01_vs_LP6005499-DNA_C01__pv	1790	1209	1014	1348	2650	899	1948	541	3644	3005	734	785	460	290
LP6005501-DNA_D01_vs_LP6005499-DNA_D01__pv	1790	1327	722	1366	1915	1317	935	449	2174	2271	1174	431	1113	639
LP6005501-DNA_E01_vs_LP6005499-DNA_E01__pv	509	296	283	257	370	341	254	0	252	269	409	111	86	109
LP6005501-DNA_F01_vs_LP6005499-DNA_F01__pv	8268	3357	540	811	263	4612	1958	29	1725	1988	1707	797	1044	7
LP6005690-DNA_A02_vs_LP6005689-DNA_A02__pv	429	399	913	1148	1188	446	901	597	3180	1736	728	427	514	459
LP6005690-DNA_B01_vs_LP6005689-DNA_B01__pv	3478	3455	662	1272	989	894	774	383	1785	861	1123	900	302	446
LP6005690-DNA_B03_vs_LP6005777-DNA_A01__pv	8426	5747	433	1360	953	5770	1017	629	1262	2184	692	263	858	389
LP6005690-DNA_C02_vs_LP6005689-DNA_C02__pv	508	60	728	2330	2664	15	1332	632	2785	1715	1229	513	643	674
LP6005690-DNA_C03_vs_LP6005689-DNA_C03__pv	10066	4817	775	1159	947	3501	2630	927	3586	2554	1508	450	617	683
LP6005690-DNA_D02_vs_LP6005689-DNA_D02__pv	10171	10672	286	815	1138	5124	1974	548	989	2665	2687	1101	976	398
LP6005690-DNA_D03_vs_LP6005689-DNA_D03__pv	9120	9297	559	1589	686	2413	633	757	1113	1247	1312	1247	1322	402
LP6005690-DNA_E01_vs_LP6005689-DNA_E01__pv	6554	4958	520	2287	1358	2415	1811	1302	5332	2639	1637	1308	1288	699
LP6005690-DNA_E02_vs_LP6005689-DNA_E02__pv	2	0	5	3	15	3	7	0	0	0	1	4	4	0
LP6005690-DNA_E03_vs_LP6005689-DNA_E03__pv	1737	764	837	815	1569	643	2221	265	2100	1105	97	506	117	838
LP6005690-DNA_F01_vs_LP6005689-DNA_F01__pv	7542	5426	864	1439	1888	2028	2504	610	1875	710	1545	2582	262	610
LP6005690-DNA_F02_vs_LP6005689-DNA_F02__pv	15428	7131	29	681	867	9831	1677	118	1212	0	2787	513	399	123
LP6005690-DNA_F03_vs_LP6005689-DNA_F03__pv	2100	1024	739	1124	1624	1049	2601	207	1901	1335	1050	575	909	701
LP6005690-DNA_G02_vs_LP6005689-DNA_G02__pv	8062	3638	873	1055	1198	2300	2371	217	2241	1723	1068	211	429	792
LP6005690-DNA_H02_vs_LP6005689-DNA_H02__pv	25415	13576	660	0	1759	5033	1394	370	1746	1400	1253	861	842	729
LP6005691-DNA_A01_vs_LP6005689-DNA_C01__pv	1221	701	488	645	1706	532	1118	160	2192	1212	214	175	151	441
LP6005691-DNA_A02_vs_LP6005689-DNA_F03__pv	673	339	378	554	813	231	405	148	648	386	642	134	180	161
LP6005691-DNA_B01_vs_LP6005689-DNA_E01__pv	7386	5137	1120	1754	1432	2888	1737	434	5482	2958	1760	1519	1028	617
LP6005691-DNA_C01_vs_LP6005689-DNA_A02__pv	449	241	804	461	1633	103	1970	0	2667	810	434	295	249	114
LP6005691-DNA_D01_vs_LP6005689-DNA_B02__pv	25932	23358	608	411	695	13348	372	0	1326	2105	0	455	1501	0
LP6005691-DNA_E01_vs_LP6005689-DNA_D01__pv	1365	719	883	917	461	708	52	0	260	818	608	353	0	0
LP6005691-DNA_F01_vs_LP6005689-DNA_F01__pv	7684	5239	780	1329	1136	1652	668	0	1216	1402	638	705	337	65
LP6005691-DNA_G01_vs_LP6005689-DNA_G01__pv	0	0	65	0	71	9	16	0	13	7	40	20	1	31
LP6005691-DNA_H01_vs_LP6005689-DNA_H01__pv	1562	1277	322	208	336	660	310	0	627	339	376	154	133	71
LP6005935-DNA_A01_vs_LP6005979-DNA_A01__pv	11378	6916	1091	1738	2613	5026	5008	828	4283	3757	1693	962	484	1158
LP6005935-DNA_A02_vs_LP6005934-DNA_A02__pv	3101	11691	185	1536	1140	2504	987	898	708	2625	510	835	1597	620
LP6005935-DNA_A03_vs_LP6005934-DNA_A03__pv	232	183	543	678	1882	6	836	951	1840	1797	751	472	257	719
LP6005935-DNA_B01_vs_LP6005934-DNA_B01__pv	345	698	827	2636	315	558	189	913	1138	1032	1961	1489	76	1267
LP6005935-DNA_B02_vs_LP6005934-DNA_B02__pv	6729	5843	1106	3616	785	2875	623	395	1957	1508	0	4303	2279	731
LP6005935-DNA_B03_vs_LP6005934-DNA_B03__pv	11300	17499	480	1882	1413	2914	915	476	3276	700	253	5000	2525	444
LP6005935-DNA_B04_vs_LP6005934-DNA_B04__pv	844	779	715	1749	3236	478	1453	487	3274	1713	1057	430	440	780
LP6005935-DNA_C01_vs_LP6005934-DNA_C01__pv	1140	10720	4531	3193	11861	1567	17220	119884	4126	0	4049	0	414	4639
LP6005935-DNA_C02_vs_LP6005979-DNA_B01__pv	7792	4910	1260	2836	2392	1879	3585	558	2133	1234	926	1188	955	1286
LP6005935-DNA_C03_vs_LP6005934-DNA_C03__pv	378	298	514	637	820	103	655	104	662	419	477	193	65	282
LP6005935-DNA_C04_vs_LP6005934-DNA_C04__pv	13252	11513	861	1349	1985	10596	1751	1169	3375	2625	5116	981	1396	959
LP6005935-DNA_D01_vs_LP6005934-DNA_D01__pv	12190	5641	1304	2056	1784	3312	2849	393	4211	1967	724	593	608	0
LP6005935-DNA_D02_vs_LP6005934-DNA_D02__pv	8730	3715	1142	2059	340	3688	1538	348	1137	1525	418	957	820	434
LP6005935-DNA_D04_vs_LP6005934-DNA_C03__pv	1061	783	328	398	572	543	823	212	1403	1040	293	175	165	122
LP6005935-DNA_E01_vs_LP6005934-DNA_E01__pv	9355	11784	679	1667	2352	8093	1164	775	1899	1695	1772	1310	364	859
LP6005935-DNA_E02_vs_LP6005934-DNA_E02__pv	4643	2854	938	2993	1275	2270	1926	316	1031	732	918	1463	0	1023
LP6005935-DNA_E03_vs_LP6005934-DNA_E03__pv	3568	2532	552	1735	1652	896	2631	95	1820	935	1965	575	588	690
LP6005935-DNA_E04_vs_LP6005934-DNA_E02__pv	2365	1460	528	779	770	942	527	94	1047	743	169	141	76	225
LP6005935-DNA_F01_vs_LP6005934-DNA_F01__pv	100	76	748	2771	307	138	209	409	231	637	425	391	1716	619
LP6005935-DNA_F02_vs_LP6005934-DNA_F02__pv	23159	25848	3027	152	0	35732	2716	1101	266	2403	5130	2901	652	101
LP6005935-DNA_F03_vs_LP6005934-DNA_F03__pv	797	734	840	1559	17230	531	7595	26591	564	4319	0	827	0	0
LP6005935-DNA_F04_vs_LP6007426-DNA_A01__pv	23218	15802	308	706	43	8153	45	703	1414	1450	0	1463	7745	26
LP6005935-DNA_G01_vs_LP6005934-DNA_G01__pv	3507	10721	482	351	2486	6003	2473	717	574	1200	2808	920	272	158
LP6005935-DNA_G02_vs_LP6005979-DNA_C01__pv	672	473	421	3087	1583	510	900	1382	5441	1969	1236	685	1293	1329
LP6005935-DNA_G03_vs_LP6005934-DNA_G03__pv	939	232	105	1111	547	0	274	599	1382	895	2179	1169	213	487
LP6005935-DNA_H01_vs_LP6005934-DNA_H01__pv	6303	3798	814	3630	1739	2995	978	839	3710	1783	1384	1801	1182	1297
LP6005935-DNA_H02_vs_LP6005934-DNA_H02__pv	2510	2613	1294	3098	1915	755	275	617	1800	2089	1698	2594	1743	1519
LP6005935-DNA_H03_vs_LP6005934-DNA_H03__pv	926	0	4506	1519	13749	2709	1690	30591	1987	5477	1435	964	114	0
LP6007358-DNA_A01_vs_LP6007553-DNA_A01__pv	2243	1319	687	1474	866	769	1441	491	2643	1508	1122	605	319	543
LP6007394-DNA_A01_vs_LP6007393-DNA_A01__pv	2702	1955	486	1114	1466	1525	350	0	574	950	1079	764	0	380
LP6007396-DNA_A01_vs_LP6007395-DNA_A01__pv	3367	2377	1385	1881	2051	1039	2284	188	1701	1229	541	897	932	734
LP6007398-DNA_A01_vs_LP6007397-DNA_A01__pv	2088	654	704	924	1462	349	3992	613	1080	574	520	1166	301	237
LP6007399-DNA_A01_vs_LP6007397-DNA_A01__pv	2104	672	703	853	1440	292	3737	617	1066	577	530	1142	304	253
LP6007401-DNA_A01_vs_LP6007400-DNA_A01__pv	8924	8135	1684	1480	1440	2083	1575	1053	1711	1179	1386	7036	701	950
LP6007402-DNA_A01_vs_LP6007400-DNA_A01__pv	4901	4508	327	508	735	2191	683	167	953	977	168	506	363	320
LP6007404-DNA_A01_vs_LP6007403-DNA_A01__pv	423	780	645	1886	1537	223	818	605	2025	1530	1062	383	80	531
LP6007405-DNA_A01_vs_LP6007403-DNA_A01__pv	1198	912	313	445	434	465	123	86	718	437	379	189	0	180
LP6007407-DNA_A01_vs_LP6007406-DNA_A01__pv	5827	5578	0	1985	2192	5677	2563	940	2471	2161	2726	687	738	666
LP6007409-DNA_A01_vs_LP6007408-DNA_A01__pv	1261	637	827	1596	2532	269	391	469	1283	1322	1511	1186	141	662
LP6007410-DNA_A01_vs_LP6007408-DNA_A01__pv	4143	2886	798	1215	1786	1791	804	149	2089	1746	1261	898	53	523
LP6007414-DNA_A02_vs_LP6007413-DNA_A02__pv	280	239	419	1209	1323	197	845	573	1985	1725	570	626	570	437
LP6007416-DNA_A01_vs_LP6007415-DNA_A01__pv	1602	883	1041	2085	1886	453	2810	396	2334	2267	1306	441	751	475
LP6007418-DNA_A02_vs_LP6007417-DNA_A02__pv	4870	2550	2591	3236	399	1215	745	1150	741	3497	1259	2095	568	990
LP6007420-DNA_A01_vs_LP6007419-DNA_A01__pv	16196	9647	906	687	345	5154	744	500	658	0	7173	1796	2222	190
LP6007422-DNA_A01_vs_LP6007421-DNA_A01__pv	952	1082	814	1756	1119	992	775	501	1213	1793	1192	475	20	593
LP6007424-DNA_A01_vs_LP6007423-DNA_A01__pv	4840	1549	843	5812	787	2629	904	943	926	1613	1428	592	1066	1612
LP6007425-DNA_A01_vs_LP6007423-DNA_A01__pv	5094	1544	763	5961	794	2445	833	966	914	1643	1028	604	1155	1598
LP6007427-DNA_A01_vs_LP6007426-DNA_A01__pv	29826	19820	78	1647	185	10322	0	1003	1424	1251	0	2747	10070	270
LP6007428-DNA_A01_vs_LP6007426-DNA_A01__pv	195	173	852	479	353	85	344	0	197	113	115	145	45	259
LP6007430-DNA_A01_vs_LP6007429-DNA_A01__pv	3582	1153	739	1125	2562	712	1963	717	3408	2308	952	817	550	694
LP6007432-DNA_A01_vs_LP6007431-DNA_A01__pv	16488	13153	0	1495	513	5964	0	414	116	324	1756	3178	1481	1242
LP6007434-DNA_A01_vs_LP6007433-DNA_A01__pv	3945	4368	302	1120	1009	2409	1579	521	1523	1743	675	725	597	4563
LP6007436-DNA_A01_vs_LP6007435-DNA_A01__pv	10341	8725	99	428	1525	5909	992	403	1657	2277	2296	1506	981	176
LP6007438-DNA_A01_vs_LP6007437-DNA_A01__pv	123	177	631	2096	485	201	845	333	207	1311	14	931	1147	433
LP6007440-DNA_A01_vs_LP6007439-DNA_A01__pv	14080	18694	551	2655	1692	9048	1350	1177	2532	4418	2619	1316	2261	802
LP6007442-DNA_A01_vs_LP6007441-DNA_A01__pv	10313	59277	1907	0	2679	9500	794	3147	8290	0	3868	18403	376	1673
LP6007504-DNA_A01_vs_LP6007566-DNA_A01__pv	2140	1306	296	758	542	904	589	178	652	482	864	554	203	251
LP6007506-DNA_A01_vs_LP6007505-DNA_A01__pv	1701	1304	395	1294	1800	830	1227	484	1983	884	2190	537	1053	647
LP6007508-DNA_A01_vs_LP6007507-DNA_A01__pv	1366	858	322	1812	998	899	930	358	580	961	1738	338	459	598
LP6007512-DNA_A01_vs_LP6007511-DNA_A01__pv	4978	3757	547	1485	2883	2226	1451	395	1334	2440	1339	1190	1241	505
LP6007514-DNA_A01_vs_LP6007513-DNA_A01__pv	1128	397	826	1917	1407	285	752	75	1464	2016	1124	448	55	561
LP6007516-DNA_A01_vs_LP6007515-DNA_A01__pv	845	1005	972	4436	1471	310	270	963	1021	934	1956	900	757	1703
LP6007518-DNA_A01_vs_LP6007517-DNA_A01__pv	9812	9592	970	6367	292	5979	2242	1137	1880	966	1269	226	1272	1484
LP6007520-DNA_A01_vs_LP6007519-DNA_A01__pv	885	360	534	1659	1167	261	739	437	1923	1612	500	410	361	599
LP6007521-DNA_A01_vs_LP6007519-DNA_A01__pv	104	154	446	465	690	118	388	80	670	520	234	228	142	332
LP6007523-DNA_A01_vs_LP6007522-DNA_A01__pv	398	543	586	1792	1532	320	1020	272	2937	2265	1201	626	219	540
LP6007529-DNA_A01_vs_LP6007528-DNA_A01__pv	4289	4434	510	455	1510	2327	1387	686	2934	596	5196	803	702	88
LP6007531-DNA_A01_vs_LP6007530-DNA_A01__pv	6275	10293	1418	2521	1472	2738	1296	182	893	2359	484	2873	1450	607
LP6007533-DNA_A01_vs_LP6007532-DNA_A01__pv	753	262	429	760	913	361	762	245	1170	1253	824	568	988	368
LP6007535-DNA_A01_vs_LP6007534-DNA_A01__pv	1137	115	360	637	543	432	651	197	668	1011	1120	264	805	132
LP6007536-DNA_A01_vs_LP6007534-DNA_A01__pv	735	116	403	888	412	252	457	155	566	920	627	328	2613	420
LP6007538-DNA_A01_vs_LP6007537-DNA_A01__pv	9002	4136	458	941	894	3052	935	521	1991	2000	1244	742	925	272
LP6007540-DNA_A01_vs_LP6007539-DNA_A01__pv	3230	3320	582	891	2144	735	1158	348	2481	1414	562	913	320	447
LP6007542-DNA_A01_vs_LP6007541-DNA_A01__pv	3592	1866	733	4751	2114	1762	862	1239	2373	2251	272	4099	3295	1530
LP6007544-DNA_A01_vs_LP6007569-DNA_A01__pv	1689	2153	946	1701	1849	569	1586	522	3212	1589	1551	1074	275	396
LP6007546-DNA_A01_vs_LP6007568-DNA_A01__pv	589	1636	486	105	1830	283	1079	118	1318	913	2054	62	742	453
LP6007548-DNA_A01_vs_LP6007547-DNA_A01__pv	878	618	254	40	352	554	429	164	731	785	909	192	563	0
LP6007550-DNA_A01_vs_LP6007549-DNA_A01__pv	8582	8551	301	651	1737	1480	982	759	2171	1074	2266	1366	1312	315
LP6007552-DNA_A01_vs_LP6007551-DNA_A01__pv	2687	3026	632	2686	747	1142	1228	329	1324	1561	1083	823	2376	612
LP6007567-DNA_A01_vs_LP6007524-DNA_A01__pv	3441	2761	1063	1517	1753	0	956	356	1390	1102	1114	1295	429	949
LP6007591_vs_LP6007590__pv	6696	21827	0	869	3978	5790	2350	1032	2175	1596	7675	2100	1662	561
LP6007592_vs_LP6007590__pv	1477	965	746	653	1882	397	635	98	1387	944	709	587	385	488
LP6007594_vs_LP6007593__pv	352	537	1143	1747	2723	428	1039	1191	2582	2244	1162	895	88	1184
LP6007595_vs_LP6007593__pv	2250	1480	477	809	1068	881	810	346	1641	1414	195	468	0	479
LP6007597_vs_LP6007596__pv	12837	728	359	1094	1719	10111	1851	616	2296	1118	681	486	419	3622
LP6007598_vs_LP6007596__pv	4827	0	264	282	604	2292	422	210	1140	802	538	190	132	584
LP6007600_vs_LP6007599__pv	156	49	956	1023	868	0	813	221	579	247	548	129	0	378
LP6007602_vs_LP6007601__pv	16037	33041	918	1594	595	3501	0	845	34	888	1130	4648	917	815
LP6008017-DNA_A01_vs_LP6008018-DNA_B01__pv	15239	11520	185	1918	973	4412	254	980	1639	1834	1587	368	0	1236
LP6008017-DNA_A02_vs_LP6008018-DNA_B01__pv	30199	12632	0	1565	848	7081	251	888	1731	1894	1137	0	212	1680
LP6008017-DNA_A03_vs_LP6008018-DNA_C01__pv	15474	13472	713	1617	1396	7584	1644	402	3623	2182	1153	0	577	443
LP6008017-DNA_A04_vs_LP6008018-DNA_A01__pv	5080	3246	248	0	1928	2385	1098	1196	2055	1627	7514	56	3309	0
LP6008017-DNA_B01_vs_LP6008018-DNA_B01__pv	21379	14675	0	1904	945	6279	143	813	1593	1816	1670	0	0	1274
LP6008017-DNA_B02_vs_LP6008018-DNA_B01__pv	15302	11051	111	1753	753	4265	215	771	1504	1883	1484	288	0	1100
LP6008017-DNA_B03_vs_LP6008018-DNA_C01__pv	15730	13625	701	1833	1527	7475	1669	615	3653	2113	1123	0	614	904
LP6008017-DNA_B04_vs_LP6008018-DNA_A01__pv	2642	1574	369	501	736	1160	468	361	1109	914	1558	252	509	74
LP6008017-DNA_C01_vs_LP6008018-DNA_B01__pv	30222	18975	232	2224	720	5029	24	939	1641	2444	1883	22	86	1840
LP6008017-DNA_C02_vs_LP6008018-DNA_C01__pv	15222	13127	808	1584	1302	7259	1583	346	3555	1912	1000	0	536	747
LP6008017-DNA_C03_vs_LP6008018-DNA_C01__pv	15379	13671	679	1582	1411	7647	1631	461	3557	2016	1122	0	561	760
LP6008017-DNA_C04_vs_LP6008018-DNA_C01__pv	0	5	22	21	17	0	14	20	4	0	32	0	0	0
LP6008017-DNA_D01_vs_LP6008018-DNA_B01__pv	21840	16194	0	2092	887	6397	219	748	1738	2178	1597	212	0	1198
LP6008017-DNA_D02_vs_LP6008018-DNA_C01__pv	15429	13486	791	1903	1373	7861	1665	420	3625	2145	1078	126	619	1603
LP6008017-DNA_D03_vs_LP6008018-DNA_A01__pv	5013	3173	775	1017	2086	2093	1117	770	2099	1711	3327	623	1998	462
LP6008017-DNA_E01_vs_LP6008018-DNA_B01__pv	28204	17953	445	2039	731	5457	89	1015	1656	2156	1518	0	232	2364
LP6008017-DNA_E02_vs_LP6008018-DNA_C01__pv	15097	13551	697	1557	1273	8111	1957	382	3569	1995	986	0	682	3578
LP6008017-DNA_E03_vs_LP6008018-DNA_A01__pv	4817	3073	498	904	1659	2102	852	814	2016	1674	3451	519	1168	391
LP6008017-DNA_F01_vs_LP6008018-DNA_B01__pv	16041	13098	0	2243	850	5088	132	1093	1856	1938	1612	24	0	2195
LP6008017-DNA_F02_vs_LP6008018-DNA_C01__pv	15667	14275	554	1874	1390	8406	1586	514	3629	2062	1448	57	494	1401
LP6008017-DNA_F03_vs_LP6008018-DNA_A01__pv	3592	2239	350	219	922	1533	706	383	1312	1010	3028	303	1333	51
LP6008017-DNA_G01_vs_LP6008018-DNA_B01__pv	18468	12437	77	2127	955	4681	239	1011	1643	2061	1661	308	0	1204
LP6008017-DNA_G02_vs_LP6008018-DNA_C01__pv	16740	15314	701	1963	1341	8738	1653	767	3732	2008	1268	0	897	3061
LP6008017-DNA_G03_vs_LP6008018-DNA_A01__pv	5065	2984	440	1020	1775	2092	1028	827	2303	1740	4184	566	2135	502
LP6008017-DNA_H01_vs_LP6008018-DNA_B01__pv	22089	17201	238	2128	800	5916	230	802	1731	2175	1342	0	153	1986
LP6008017-DNA_H02_vs_LP6008018-DNA_C01__pv	15452	13357	758	1901	1308	7300	1653	432	3605	2031	793	0	772	2543
LP6008017-DNA_H03_vs_LP6008018-DNA_A01__pv	6598	3208	309	0	1977	2555	1086	1312	2037	1346	7571	0	3309	31
LP6008031-DNA_A01_vs_LP6008032-DNA_A01__pv	2653	1492	1528	4299	570	1402	719	1457	2002	1535	0	2061	4679	1327
LP6008031-DNA_A02_vs_LP6008032-DNA_C02__pv	2985	1946	1000	2663	2153	1106	4134	899	5256	3539	400	930	3704	711
LP6008031-DNA_A03_vs_LP6008032-DNA_E03__pv	966	534	587	628	1521	342	1090	407	2242	789	1584	338	524	417
LP6008031-DNA_A04_vs_LP6008032-DNA_D03__pv	11105	6115	207	955	1234	3608	810	0	1164	2455	1600	899	864	279
LP6008031-DNA_B01_vs_LP6008032-DNA_B01__pv	2200	2317	570	859	1382	378	805	233	756	664	1014	543	513	295
LP6008031-DNA_B02_vs_LP6008032-DNA_D02__pv	770	732	107	2162	1961	311	747	1104	4774	877	2083	692	104	873
LP6008031-DNA_B03_vs_LP6008032-DNA_F03__pv	114	314	944	1139	1831	181	709	212	1724	1126	991	143	973	449
LP6008031-DNA_B04_vs_LP6008032-DNA_C02__pv	158	188	539	565	568	169	624	115	890	335	250	242	69	196
LP6008031-DNA_C01_vs_LP6008032-DNA_C01__pv	4111	6593	628	3111	3441	1557	1600	1150	3087	2197	2458	564	1213	820
LP6008031-DNA_C02_vs_LP6008032-DNA_E02__pv	4183	1984	908	1815	2547	976	1021	407	2783	1461	1442	1888	0	809
LP6008031-DNA_C03_vs_LP6008032-DNA_G03__pv	0	0	8	18	81	0	0	0	21	19	14	5	2	13
LP6008031-DNA_D01_vs_LP6008032-DNA_D01__pv	3056	1121	307	2173	542	1104	1345	587	1476	881	692	546	576	830
LP6008031-DNA_D02_vs_LP6008032-DNA_F02__pv	4446	3478	603	1353	1382	2716	274	747	1683	1758	1173	591	369	605
LP6008031-DNA_D03_vs_LP6008032-DNA_H03__pv	587	388	737	2777	922	317	2433	508	2331	1158	1293	546	1096	714
LP6008031-DNA_E01_vs_LP6008032-DNA_E01__pv	6325	732	7517	125	5342	2582	0	22799	2875	14482	1716	1357	150	238
LP6008031-DNA_E02_vs_LP6008032-DNA_G02__pv	8619	2862	521	2373	1466	2667	2112	813	5193	1226	2099	572	204	557
LP6008031-DNA_E03_vs_LP6008032-DNA_A04__pv	5658	5430	6337	0	10286	4080	1443	46276	1613	10352	1632	0	576	1282
LP6008031-DNA_F01_vs_LP6008032-DNA_F01__pv	2663	2150	704	1777	1385	1304	835	567	2431	1183	1212	512	220	486
LP6008031-DNA_F02_vs_LP6008032-DNA_H02__pv	1548	1670	230	651	763	1965	560	36	333	325	984	229	61	73
LP6008031-DNA_F03_vs_LP6008032-DNA_H01__pv	9150	7583	1437	4059	3204	2460	1731	914	1984	2304	2289	1778	827	1179
LP6008031-DNA_G01_vs_LP6008032-DNA_G01__pv	3798	3766	246	1443	1016	2275	602	438	1190	1410	1292	1865	453	527
LP6008031-DNA_G02_vs_LP6008032-DNA_A03__pv	1493	703	870	2897	1021	367	1269	761	1625	1833	958	917	996	749
LP6008031-DNA_G03_vs_LP6008032-DNA_A02__pv	6209	1041	1272	5724	160	2762	0	1575	3001	1693	3786	7801	1036	2380
LP6008031-DNA_H01_vs_LP6008032-DNA_B02__pv	3860	3238	859	1222	2362	1206	1178	538	1368	3543	1574	880	369	797
LP6008031-DNA_H02_vs_LP6008032-DNA_B03__pv	524	1286	3744	0	7638	326	1390	23826	2464	5357	1976	795	165	1342
LP6008031-DNA_H03_vs_LP6008032-DNA_C03__pv	10232	18318	3714	228	10139	4113	3692	21604	1011	3885	210	0	346	0
LP6008051-DNA_A01_vs_LP6008050-DNA_C02__pv	81	2	550	995	1037	0	588	108	1254	360	2271	46	1001	256
LP6008051-DNA_A02_vs_LP6008050-DNA_E01__pv	2017	1442	596	1325	1082	955	1073	547	1109	1279	1153	499	140	603
LP6008051-DNA_A03_vs_LP6008050-DNA_G02__pv	6207	25591	1314	3193	779	2727	641	1462	1479	2402	243	4380	1986	778
LP6008051-DNA_B01_vs_LP6008138-DNA_B03__pv	3297	5758	305	1451	597	4836	1448	723	640	858	1982	512	0	495
LP6008051-DNA_B02_vs_LP6008050-DNA_F01__pv	3643	2661	585	610	3116	1573	1260	420	3644	1811	2087	522	1271	664
LP6008051-DNA_B03_vs_LP6008050-DNA_G02__pv	5886	24641	1187	2929	859	2439	712	1069	1207	2302	0	4636	1898	733
LP6008051-DNA_C01_vs_LP6008050-DNA_E02__pv	4158	3734	577	1232	1922	2485	1347	339	1763	2720	1380	831	719	524
LP6008051-DNA_C02_vs_LP6008050-DNA_G01__pv	2146	4285	1597	2048	940	321	505	650	696	922	1555	3081	563	927
LP6008051-DNA_C03_vs_LP6008050-DNA_G02__pv	6137	25506	1578	3276	782	2866	772	1429	1421	3251	0	5164	2086	836
LP6008051-DNA_D01_vs_LP6008050-DNA_F02__pv	4392	2819	1120	2333	2560	1425	1128	584	3636	3231	1549	1645	471	968
LP6008051-DNA_D03_vs_LP6008050-DNA_G02__pv	5395	24929	468	3042	965	2545	634	1258	1874	2134	959	3363	1719	816
LP6008051-DNA_E01_vs_LP6008050-DNA_A01__pv	2696	1928	1628	2946	1344	1224	1252	586	1218	1825	1158	1794	1	808
LP6008051-DNA_E02_vs_LP6008050-DNA_A02__pv	1855	1140	667	415	1392	287	549	283	2617	928	911	1941	0	10674
LP6008051-DNA_E03_vs_LP6008050-DNA_G02__pv	5992	24798	1070	2637	927	2561	727	1249	1388	2087	582	3868	1597	785
LP6008051-DNA_F01_vs_LP6008050-DNA_B01__pv	4391	1904	882	2076	2212	857	1564	361	1934	1760	1648	809	121	255
LP6008051-DNA_F02_vs_LP6008050-DNA_B02__pv	1535	654	1256	8486	1384	1067	793	1443	2119	2625	0	1911	2959	2323
LP6008051-DNA_F03_vs_LP6008050-DNA_G02__pv	5937	24654	1071	2262	1021	2603	768	1066	1209	2286	345	3865	1713	805
LP6008051-DNA_G01_vs_LP6008050-DNA_C01__pv	827	2670	684	1818	445	1007	431	839	609	1211	1979	739	3323	206
LP6008051-DNA_G02_vs_LP6008050-DNA_B02__pv	307	67	294	477	895	140	339	140	930	597	416	127	206	237
LP6008051-DNA_G03_vs_LP6008050-DNA_G02__pv	6143	24882	1169	2637	740	2702	877	1553	1430	2771	383	4658	1736	801
LP6008051-DNA_H03_vs_LP6008050-DNA_G02__pv	5982	24676	1074	2882	867	2542	610	1152	1222	2344	315	3755	1792	804
LP6008139-DNA_A01_vs_LP6008140-DNA_A01__pv	5150	6947	733	2814	1065	2291	873	977	1816	1335	805	1477	440	2083
LP6008139-DNA_A02_vs_LP6008140-DNA_A01__pv	4968	6063	736	2311	778	1984	667	838	1614	1219	1039	1128	319	1845
LP6008139-DNA_A03_vs_LP2000102-DNA_A01__pv	3429	3648	695	1777	723	1927	274	992	4257	24	1055	865	4187	2259
LP6008139-DNA_B01_vs_LP6008140-DNA_A01__pv	5465	6919	1021	2685	1095	1884	910	933	1930	1207	723	1333	466	2723
LP6008139-DNA_B02_vs_LP6008140-DNA_A01__pv	4270	4656	514	1496	590	1625	548	754	1081	915	691	1251	285	1043
LP6008139-DNA_B03_vs_LP6005408-DNA_H03__pv	5605	7726	898	2208	1068	5312	1112	1074	841	1988	1182	1179	351	1173
LP6008139-DNA_C01_vs_LP6008140-DNA_A01__pv	4894	5553	672	2553	1020	1986	799	795	1661	1339	914	1395	267	1014
LP6008139-DNA_C02_vs_LP6008140-DNA_A01__pv	3998	10972	1133	2588	949	1990	565	1400	1461	1213	833	1482	489	2208
LP6008139-DNA_C03_vs_LP6005408-DNA_H03__pv	5604	7690	849	2315	1108	5244	1149	1105	752	1923	1223	1195	302	724
LP6008139-DNA_D01_vs_LP6008140-DNA_A01__pv	4953	4759	899	2296	1161	1703	1102	818	1733	1239	735	1559	289	1025
LP6008139-DNA_D02_vs_LP6008140-DNA_A01__pv	4699	6845	710	2479	919	2052	684	1222	1540	1267	875	1478	343	1648
LP6008139-DNA_D03_vs_LP6008140-DNA_A01__pv	6150	4206	296	671	766	2796	675	178	1068	1162	340	428	340	180
LP6008139-DNA_E01_vs_LP6008140-DNA_A01__pv	4065	10666	1089	2728	895	2186	659	1701	1562	1366	517	1582	673	1898
LP6008139-DNA_E02_vs_LP6008140-DNA_A01__pv	5390	6664	693	2631	1061	2089	866	1152	1752	1315	932	1226	426	2397
LP6008139-DNA_F01_vs_LP6008140-DNA_A01__pv	5247	7142	820	2680	1049	2287	942	1314	1662	1283	839	1607	433	2099
LP6008139-DNA_F02_vs_LP6008140-DNA_A01__pv	5398	4760	792	2432	1224	2024	1120	831	2059	1151	838	1457	277	665
LP6008139-DNA_G01_vs_LP6008140-DNA_A01__pv	5322	6615	782	2927	1064	2368	834	1253	1919	1325	1199	1401	400	2459
LP6008139-DNA_G02_vs_LP6008140-DNA_A01__pv	3415	2583	115	135	161	1611	155	100	247	340	221	231	28	0
LP6008139-DNA_H01_vs_LP6008140-DNA_A01__pv	5320	5815	658	2539	911	2193	811	1159	1745	1335	1037	1298	354	1793
LP6008139-DNA_H02_vs_LP2000102-DNA_A01__pv	3442	3616	742	1915	798	1911	274	1011	4367	39	926	821	4269	2388
LP6008141-DNA_A01_vs_LP6008138-DNA_A01__pv	7732	1408	729	1374	4195	1648	1843	243	3459	2478	1098	989	897	632
LP6008141-DNA_A02_vs_LP6008138-DNA_A02__pv	55200	8886	2119	830	1062	527	207	1169	4493	1080	2862	5752	0	947
LP6008141-DNA_A03_vs_LP6008138-DNA_F01__pv	3756	3132	380	441	582	1303	388	160	405	654	237	310	250	168
LP6008141-DNA_B01_vs_LP6008138-DNA_B01__pv	3164	5018	722	775	1893	2049	2025	439	1556	564	3496	599	653	0
LP6008141-DNA_B02_vs_LP6008138-DNA_B02__pv	3257	821	440	1374	1648	1281	3322	466	2949	1260	905	344	101	426
LP6008141-DNA_B03_vs_LP6008138-DNA_H01__pv	2944	2429	756	590	1757	997	591	0	1625	1506	538	553	31	485
LP6008141-DNA_C01_vs_LP6008138-DNA_C01__pv	3144	2287	552	789	1620	1163	1217	676	3048	1424	1377	669	841	49
LP6008141-DNA_C02_vs_LP6008138-DNA_C02__pv	15417	19704	1148	2345	2485	4693	1753	1407	2949	1632	1568	2305	1	1057
LP6008141-DNA_C03_vs_LP6008032-DNA_A03__pv	1433	686	798	2766	1050	364	1166	788	1604	1741	1047	906	965	695
LP6008141-DNA_D01_vs_LP6008138-DNA_D01__pv	1349	2875	170	7374	801	697	0	1378	1959	2308	0	2666	10660	1320
LP6008141-DNA_D02_vs_LP6008138-DNA_D02__pv	10013	31057	0	2647	662	4477	610	1580	0	1380	1743	7437	6499	768
LP6008141-DNA_E01_vs_LP6008138-DNA_E01__pv	3079	3051	1082	1569	1783	1269	1062	553	1732	2193	573	4135	1342	720
LP6008141-DNA_E02_vs_LP6008138-DNA_E02__pv	5152	5419	788	2511	1570	3234	2064	724	1234	968	0	1164	1790	805
LP6008141-DNA_F01_vs_LP6008138-DNA_F01__pv	2683	2008	697	2993	530	1609	642	912	598	500	1612	661	488	726
LP6008141-DNA_F02_vs_LP6008138-DNA_F02__pv	13791	20468	517	2134	766	6652	1008	1124	1903	733	3083	2219	336	797
LP6008141-DNA_G01_vs_LP6008138-DNA_G01__pv	774	427	672	829	1750	166	2020	517	1149	1065	1711	224	455	406
LP6008141-DNA_G02_vs_LP6008138-DNA_G02__pv	7288	7270	91	733	1313	3900	1116	474	2288	2083	1613	1194	747	547
LP6008141-DNA_H01_vs_LP6008138-DNA_H01__pv	597	447	888	3534	599	640	304	863	916	1051	1471	1383	325	885
LP6008141-DNA_H02_vs_LP6008138-DNA_H02__pv	1819	673	248	1043	1079	506	1938	532	4973	1455	1428	311	647	895
LP6008143-DNA_A01_vs_LP6008144-DNA_A01__pv	3693	5690	493	3255	3052	4497	1255	657	3023	2007	1280	252	87	979
LP6008143-DNA_A02_vs_LP6008144-DNA_A01__pv	2384	3177	556	2485	2790	2108	1094	389	2784	1966	719	31	221	779
LP6008143-DNA_B01_vs_LP6008144-DNA_A01__pv	3458	5255	479	3148	2893	4111	1164	722	2985	1767	1195	244	88	958
LP6008143-DNA_B02_vs_LP6008144-DNA_A01__pv	1504	1827	219	829	706	1701	346	39	1018	695	334	150	0	128
LP6008143-DNA_C01_vs_LP6008144-DNA_A01__pv	6989	6504	517	3808	3052	6970	1285	789	3124	2226	1298	280	101	1131
LP6008143-DNA_C02_vs_LP6008144-DNA_A01__pv	13044	7822	1011	3697	2774	11364	826	944	3041	2205	1323	74	216	1454
LP6008143-DNA_D01_vs_LP6008144-DNA_A01__pv	5706	7237	298	3642	2907	6747	1168	755	3039	2049	1413	231	0	1277
LP6008143-DNA_D02_vs_LP6008144-DNA_A01__pv	5665	6100	491	3637	2925	6254	1159	820	3062	1996	1331	131	75	1331
LP6008143-DNA_E01_vs_LP6008144-DNA_A01__pv	5477	5801	473	3408	2868	6068	1144	651	2978	2121	1248	200	85	1091
LP6008143-DNA_E02_vs_LP6008144-DNA_A01__pv	5530	5862	382	3526	2743	6060	1074	748	2951	2071	1363	218	39	1101
LP6008143-DNA_F01_vs_LP6008144-DNA_A01__pv	131	251	43	98	88	148	2	0	153	111	66	0	9	76
LP6008143-DNA_F02_vs_LP6008144-DNA_A01__pv	6557	6714	513	3985	2967	6853	1327	805	3083	2136	1334	236	61	1334
LP6008143-DNA_G01_vs_LP6008144-DNA_A01__pv	4327	5082	412	3214	2933	4918	1140	638	2963	2065	1117	183	165	858
LP6008143-DNA_G02_vs_LP6008144-DNA_A01__pv	5650	6010	504	3547	2886	6162	1137	743	3042	2092	1369	169	25	1162
LP6008143-DNA_H01_vs_LP6008144-DNA_A01__pv	4897	5122	514	3201	2381	5399	983	540	2658	1717	1271	172	6	903
LP6008143-DNA_H02_vs_LP6008144-DNA_A01__pv	7506	7065	511	3713	2827	7461	1051	737	2968	2099	1388	180	50	1332
LP6008202-DNA_A01_vs_LP6008201-DNA_A01__pv	2726	1803	90046	34021	16118	3392	27097	6980	3072	1796	6677	4881	3170	1368
LP6008202-DNA_A02_vs_LP6008201-DNA_A02__pv	12458	17615	1792	1009	1328	6214	852	266	275	850	2017	0	2169	0
LP6008202-DNA_A03_vs_LP6008201-DNA_A03__pv	118	50	174	1587	193	116	0	201	727	100	0	666	1675	133
LP6008202-DNA_B01_vs_LP6008201-DNA_B01__pv	7100	10505	341	3641	664	4455	1579	758	2501	2995	482	1570	2563	907
LP6008202-DNA_B02_vs_LP6008201-DNA_B02__pv	2465	2449	678	1487	2798	2162	1202	1104	3358	1745	1514	660	361	3686
LP6008202-DNA_B03_vs_LP6008201-DNA_B03__pv	83	3494	45	199	98	156	47	8	23	114	205	209	68	0
LP6008202-DNA_C01_vs_LP6008201-DNA_C01__pv	5365	4678	16927	8234	3857	1065	5892	1620	2897	2387	2761	2473	1823	953
LP6008202-DNA_C02_vs_LP6008201-DNA_C02__pv	1110	650	556	382	781	660	746	573	1236	1649	912	397	580	275
LP6008202-DNA_C03_vs_LP6008201-DNA_C03__pv	3379	2812	406	864	1644	1530	1354	583	1392	1440	402	1376	269	2369
LP6008202-DNA_D01_vs_LP6008201-DNA_D01__pv	6	387	38834	14107	6758	1065	10763	2621	1371	378	3243	2382	1215	0
LP6008202-DNA_D02_vs_LP6008201-DNA_D02__pv	1082	1005	666	2643	2028	255	748	378	2228	2294	1120	661	1146	913
LP6008202-DNA_D03_vs_LP6008201-DNA_D03__pv	4336	3018	0	1054	341	2578	383	703	1161	463	2516	58	2575	286
LP6008202-DNA_E01_vs_LP6008201-DNA_E01__pv	5550	5919	700	811	1548	1488	1027	3029	2748	414	345	3533	1919	17823
LP6008202-DNA_E02_vs_LP6008201-DNA_E02__pv	2112	1300	2099	1141	1430	826	1610	291	1306	951	1108	302	113	261
LP6008202-DNA_E03_vs_LP6008201-DNA_D01__pv	131	276	30471	12079	4968	1186	9507	2157	1916	568	2362	2639	1416	0
LP6008202-DNA_F02_vs_LP6008201-DNA_F02__pv	1868	907	1005	1129	1724	1038	2452	332	1579	1291	464	513	464	492
LP6008202-DNA_G01_vs_LP6008201-DNA_G01__pv	390	490	4628	1930	1395	517	2108	1352	3615	2060	381	323	536	401
LP6008202-DNA_G02_vs_LP6008201-DNA_G02__pv	7722	4951	1099	2913	499	3684	713	643	1012	1174	1200	652	1075	895
LP6008202-DNA_H01_vs_LP6008201-DNA_H01__pv	3870	6680	11129	5309	3078	4776	4411	989	1409	1393	2260	982	635	0
LP6008202-DNA_H02_vs_LP6008201-DNA_H02__pv	4038	1928	821	1266	856	2001	1103	478	909	1867	2007	708	1202	433
LP6008208-DNA_A01_vs_LP6008203-DNA_A01__pv	0	14	604	692	918	0	398	151	785	863	509	318	332	389
LP6008208-DNA_A02_vs_LP6005979-DNA_A01__pv	19493	14191	370	1647	1580	8995	1102	875	1741	2211	2176	1368	1034	1034
LP6008208-DNA_B01_vs_LP6008203-DNA_A01__pv	5	4	104	34	64	0	32	0	47	58	38	37	87	48
LP6008208-DNA_B02_vs_LP6005979-DNA_A01__pv	0	0	46	11	2	0	0	5	0	9	7	15	0	0
LP6008208-DNA_C01_vs_LP6008203-DNA_A01__pv	10	2	528	720	1009	1	452	359	1294	1097	582	349	369	377
LP6008208-DNA_C02_vs_LP6005979-DNA_A01__pv	4895	4748	161	38	2418	1636	3553	1253	2072	2192	1855	750	784	2732
LP6008208-DNA_D01_vs_LP6008203-DNA_A01__pv	0	14	618	576	1011	10	438	172	695	1136	494	377	289	312
LP6008208-DNA_E01_vs_LP6008203-DNA_A01__pv	0	6	598	526	1046	0	445	199	699	1069	507	342	288	319
LP6008208-DNA_F01_vs_LP6008203-DNA_A01__pv	0	4	594	618	1012	26	470	189	638	1127	416	418	354	318
LP6008208-DNA_G01_vs_LP6008203-DNA_A01__pv	0	25	560	520	885	14	377	146	505	999	467	313	338	298
LP6008208-DNA_H01_vs_LP6005979-DNA_A01__pv	4772	4670	194	44	2374	1569	3561	1267	2080	2117	1569	683	728	2635
LP6008221-DNA_A01_vs_LP6008220-DNA_A01__pv	15247	8992	457	190	1199	4102	716	270	1191	1318	1649	367	595	236
LP6008221-DNA_A02_vs_LP6008220-DNA_A02__pv	103	640	1550	3008	1501	918	335	779	5005	2936	799	785	440	1416
LP6008221-DNA_A03_vs_LP6008220-DNA_A03__pv	1381	558	750	1704	2608	185	949	355	3243	1596	1763	638	244	451
LP6008221-DNA_A04_vs_LP6008050-DNA_H01__pv	2970	2964	712	6237	1083	1442	78	1656	1118	1012	2193	2559	54	2155
LP6008221-DNA_B01_vs_LP6008220-DNA_B01__pv	0	93	328	311	233	59	118	68	320	143	134	152	213	89
LP6008221-DNA_B02_vs_LP6008220-DNA_B02__pv	1064	2761	839	1924	532	1009	853	310	839	941	1142	971	1079	270
LP6008221-DNA_B03_vs_LP6008220-DNA_B03__pv	5649	2678	757	1572	1762	1224	2496	566	1519	801	1207	733	186	947
LP6008221-DNA_C01_vs_LP6008220-DNA_C01__pv	8981	8807	832	1388	1735	3535	1154	691	1355	3692	474	2637	2982	507
LP6008221-DNA_C02_vs_LP6008220-DNA_C02__pv	229	110	485	1107	1262	20	400	201	703	586	472	131	274	588
LP6008221-DNA_C03_vs_LP6008220-DNA_C03__pv	1353	1130	333	2049	1060	732	768	481	1509	994	1349	963	636	851
LP6008221-DNA_D01_vs_LP6008220-DNA_D01__pv	5603	4789	1619	3277	2975	3305	5171	452	2671	1890	28	1830	1996	986
LP6008221-DNA_D02_vs_LP6008220-DNA_D02__pv	5740	3527	759	1568	866	1483	586	184	1687	1957	162	522	3380	324
LP6008221-DNA_D03_vs_LP6008220-DNA_D03__pv	7135	14286	1925	1513	1110	2926	1453	635	234	2249	2302	2635	468	755
LP6008221-DNA_E01_vs_LP6008220-DNA_E01__pv	13375	6896	332	1661	382	10627	1184	634	887	1603	1117	334	0	564
LP6008221-DNA_E02_vs_LP6008220-DNA_E02__pv	13721	8916	829	1123	864	5526	786	250	1067	1863	928	1111	625	147
LP6008221-DNA_E03_vs_LP6008220-DNA_E03__pv	11965	10515	1576	2216	1747	3857	3266	832	1687	1991	1295	1612	382	526
LP6008221-DNA_F01_vs_LP6008220-DNA_F01__pv	2077	1004	912	2830	494	1463	909	712	1092	1218	1313	602	175	877
LP6008221-DNA_F02_vs_LP6008220-DNA_F02__pv	2960	0	8717	0	0	613	769	30496	268	5771	4121	2345	1637	1106
LP6008221-DNA_F03_vs_LP6008220-DNA_F03__pv	6926	7323	1406	2424	1273	4269	1649	2010	2321	3719	1835	2289	0	937
LP6008221-DNA_G01_vs_LP6008220-DNA_G01__pv	14	44	961	1979	516	74	673	200	405	1336	1282	330	487	628
LP6008221-DNA_G02_vs_LP6008220-DNA_G02__pv	3148	1781	360	1525	1388	945	1404	857	3974	1226	1260	1508	316	618
LP6008221-DNA_G03_vs_LP6008220-DNA_H02__pv	459	565	342	436	539	223	236	61	438	325	377	219	225	155
LP6008221-DNA_H01_vs_LP6008220-DNA_H01__pv	1096	1576	333	0	2458	925	2614	313	1001	1196	2578	172	2861	149
LP6008221-DNA_H02_vs_LP6008220-DNA_H02__pv	1399	1208	1018	5385	1248	363	498	1225	2084	789	1601	2660	1020	1592
LP6008221-DNA_H03_vs_LP6008220-DNA_D03__pv	1196	977	300	390	453	260	240	0	532	513	121	194	157	57
LP6008267-DNA_A01_vs_LP6008266-DNA_A01__pv	17877	12226	462	1167	2240	8979	1574	115	2317	2106	994	860	720	490
LP6008267-DNA_A02_vs_LP6008266-DNA_G01__pv	944	726	977	1291	1516	191	719	308	2201	951	713	658	323	634
LP6008267-DNA_B01_vs_LP6008266-DNA_B01__pv	24984	28115	2025	244	1760	6892	1032	436	916	1773	1725	3958	1135	686
LP6008267-DNA_B02_vs_LP6008266-DNA_H01__pv	7165	4666	927	1288	1714	2907	772	1171	2090	2235	2187	4364	558	1303
LP6008267-DNA_C01_vs_LP6008266-DNA_C01__pv	9452	2558	782	1700	1715	2865	3501	630	2370	2431	811	351	518	730
LP6008267-DNA_C02_vs_LP6008266-DNA_H01__pv	1146	340	715	1080	1729	99	375	150	1147	847	866	335	165	301
LP6008267-DNA_D01_vs_LP6008201-DNA_F01__pv	1358	776	884	1822	579	584	444	761	881	1095	1585	955	538	569
LP6008267-DNA_D02_vs_LP6008266-DNA_A02__pv	1491	618	46	3774	650	407	12857	3804	2210	213	3179	1078	777	456
LP6008267-DNA_E01_vs_LP6008266-DNA_D01__pv	3790	2510	493	1092	1509	1554	931	810	2284	2338	1034	1287	731	512
LP6008267-DNA_E02_vs_LP6008266-DNA_A02__pv	2370	947	448	3300	526	329	792	1137	2274	3684	1236	1126	567	1042
LP6008267-DNA_F01_vs_LP6008266-DNA_E01__pv	10004	8258	1204	1418	1175	3292	765	267	1165	2243	1621	2002	690	747
LP6008267-DNA_G01_vs_LP6008266-DNA_F01__pv	511	808	155	915	502	0	0	2087	1198	0	1533	997	6620	4413
LP6008267-DNA_H01_vs_LP6008266-DNA_G01__pv	540	859	548	1966	2253	559	1184	1143	2061	1951	1365	490	953	1134
LP6008269-DNA_A02_vs_LP6008268-DNA_C02__pv	138	159	662	674	822	48	398	127	726	418	443	81	138	256
LP6008269-DNA_A03_vs_LP6008268-DNA_C03__pv	62764	55206	0	0	375	20472	585	0	346	1127	96	0	1915	0
LP6008269-DNA_A04_vs_LP6008268-DNA_C04__pv	1198	831	700	432	926	208	482	82	820	587	396	292	179	320
LP6008269-DNA_A05_vs_LP6008268-DNA_C05__pv	2134	1546	748	943	2991	277	1556	253	3011	891	1419	53	453	409
LP6008269-DNA_A06_vs_LP6008268-DNA_B06__pv	73	259	432	878	1283	338	495	418	1042	1193	982	823	359	215
LP6008269-DNA_A08_vs_LP6008268-DNA_A08__pv	6024	3202	1132	336	1380	1754	2310	221	2414	1869	973	486	611	763
LP6008269-DNA_A09_vs_LP6008268-DNA_A09__pv	1678	1207	928	1050	1763	576	1088	103	2456	1807	1006	464	495	512
LP6008269-DNA_A10_vs_LP6008268-DNA_A10__pv	830	975	1111	1958	2001	340	914	342	2226	1277	639	755	727	2417
LP6008269-DNA_B02_vs_LP6008268-DNA_D02__pv	1218	716	605	803	1623	380	719	271	1258	1394	795	323	178	412
LP6008269-DNA_B03_vs_LP6008268-DNA_D03__pv	325	713	709	277	886	433	358	0	504	592	386	793	72	187
LP6008269-DNA_B05_vs_LP6008268-DNA_D05__pv	7493	3579	996	1336	998	3439	1487	549	2390	1697	1253	709	504	351
LP6008269-DNA_B06_vs_LP6008268-DNA_C06__pv	13664	8310	551	842	2041	8068	3046	1382	2541	3085	1875	624	556	496
LP6008269-DNA_B07_vs_LP6008268-DNA_B07__pv	57	65	1476	1694	753	0	820	13	726	1133	577	223	287	703
LP6008269-DNA_B08_vs_LP6008268-DNA_B08__pv	4540	1592	639	534	661	1101	465	219	803	593	366	561	350	661
LP6008269-DNA_B09_vs_LP6008268-DNA_B09__pv	907	367	1061	1385	2615	635	1387	92	2646	1499	826	487	525	453
LP6008269-DNA_B10_vs_LP6008268-DNA_B10__pv	1741	2763	253	1872	669	1665	1562	2836	4161	4042	2501	1616	576	1259
LP6008269-DNA_C04_vs_LP6008268-DNA_E04__pv	2951	2688	497953	170873	118116	20592	167416	45611	9584	1448	0	4396	21157	14409
LP6008269-DNA_C05_vs_LP6008268-DNA_E05__pv	9642	6889	124	848	1663	1807	284	943	1833	2408	1237	1524	415	931
LP6008269-DNA_C06_vs_LP6008268-DNA_D06__pv	704	855	1619	5121	812	745	476	571	1438	1345	1036	637	174	3768
LP6008269-DNA_C07_vs_LP6008268-DNA_C07__pv	1956	905	928	1551	2665	988	2744	221	2302	1327	1937	348	758	811
LP6008269-DNA_C08_vs_LP6008268-DNA_C08__pv	5373	8389	625	3523	1094	3440	1360	1215	3691	3176	1605	969	472	529
LP6008269-DNA_C09_vs_LP6008268-DNA_C09__pv	7411	8818	263	835	470	3700	687	133	646	1213	635	1544	934	353
LP6008269-DNA_C10_vs_LP6008268-DNA_C10__pv	2321	2036	775	624	2156	378	748	0	822	1182	529	372	148	446
LP6008269-DNA_D02_vs_LP6008268-DNA_F02__pv	2066	1728	1358	1443	1574	620	1793	548	1655	2579	1094	815	1122	791
LP6008269-DNA_D03_vs_LP6008268-DNA_F03__pv	3612	1619	1428	1321	4012	936	1415	0	2347	1027	676	355	471	626
LP6008269-DNA_D04_vs_LP6008268-DNA_F04__pv	497	232	513	238	1025	167	252	10	854	501	634	214	57	184
LP6008269-DNA_D05_vs_LP6008268-DNA_F05__pv	0	2930	0	0	8891	1674	3385	32236	930	10987	0	0	512	102
LP6008269-DNA_D06_vs_LP6008268-DNA_E06__pv	1864	1531	825	935	1405	236	613	518	1592	991	1095	1136	209	710
LP6008269-DNA_D07_vs_LP6008268-DNA_D07__pv	4685	5008	524	1469	1818	1943	1133	496	3084	2403	1072	858	504	614
LP6008269-DNA_D08_vs_LP6008268-DNA_D08__pv	49089	42236	950	1702	1202	7251	488	824	1473	1224	360	1920	1501	1115
LP6008269-DNA_D09_vs_LP6008268-DNA_D09__pv	725	3994	496849	173020	118516	21137	165526	48821	10564	3569	0	2926	22453	15837
LP6008269-DNA_D10_vs_LP6008268-DNA_D10__pv	2766	3242	472	3844	1536	904	1269	1847	2737	3249	1294	1954	892	729
LP6008269-DNA_E01_vs_LP6008268-DNA_E01__pv	1768	850	572	1442	1133	652	826	1051	2465	1901	1094	657	203	458
LP6008269-DNA_E02_vs_LP6008268-DNA_G02__pv	5025	5235	385	169	1472	914	722	496	918	1378	1887	1057	1368	1284
LP6008269-DNA_E03_vs_LP6008268-DNA_G03__pv	641	1236	651	1271	1860	50	786	50	1500	1867	595	799	338	394
LP6008269-DNA_E04_vs_LP6008268-DNA_G04__pv	16690	11637	1053	641	1361	6459	880	256	3351	2323	1244	821	778	96
LP6008269-DNA_E06_vs_LP6008268-DNA_F06__pv	62	211	1045	732	568	187	654	306	548	1026	1029	479	25	491
LP6008269-DNA_E07_vs_LP6008268-DNA_E07__pv	6858	1339	10410	3633	15701	3365	2018	39104	4948	7162	3742	1998	0	907
LP6008269-DNA_E08_vs_LP6008268-DNA_E08__pv	2622	2883	663	1966	765	901	779	1057	1191	1393	806	1245	972	590
LP6008269-DNA_E09_vs_LP6008268-DNA_E09__pv	232	156	480	915	816	124	441	228	339	831	668	468	237	320
LP6008269-DNA_E10_vs_LP6008268-DNA_E10__pv	5828	3152	807	2656	1333	1861	2076	721	2284	1434	1318	1859	657	996
LP6008269-DNA_F01_vs_LP6008268-DNA_H01__pv	546	281	556	461	589	182	291	47	392	372	230	125	82	130
LP6008269-DNA_F02_vs_LP6008268-DNA_H02__pv	2581	1305	771	1988	831	806	962	678	1414	1421	1834	826	359	698
LP6008269-DNA_F03_vs_LP6008268-DNA_H03__pv	3421	0	938	468	914	817	1829	1152	2749	2120	3421	27	643	396
LP6008269-DNA_F04_vs_LP6008268-DNA_H04__pv	962	616	774	823	1682	80	829	0	2109	1091	535	424	783	292
LP6008269-DNA_F06_vs_LP6008268-DNA_G06__pv	1344	706	1041	1819	1304	374	601	213	1288	1082	581	430	409	558
LP6008269-DNA_F07_vs_LP6008268-DNA_F07__pv	25	95	550	266	1460	37	163	11	23	487	74	364	309	624
LP6008269-DNA_F08_vs_LP6008268-DNA_F08__pv	8975	2176	738	1970	686	2941	1152	326	1235	1137	770	1331	1072	1419
LP6008269-DNA_F09_vs_LP6008268-DNA_F09__pv	1035	866	734	1732	1669	430	404	638	1138	2084	1508	602	306	880
LP6008269-DNA_G01_vs_LP6008268-DNA_A02__pv	2625	6677	631	961	559	1510	177	107	298	237	410	358	147	308
LP6008269-DNA_G02_vs_LP6008268-DNA_A03__pv	1861	884	897	948	1355	668	1931	158	1219	1162	866	436	559	421
LP6008269-DNA_G03_vs_LP6008268-DNA_A04__pv	11916	15778	356	1834	1525	6639	372	792	1872	1055	1418	809	655	234
LP6008269-DNA_G04_vs_LP6008268-DNA_A05__pv	629	659	611	589	1558	357	435	169	460	1372	571	121	223	396
LP6008269-DNA_G06_vs_LP6008268-DNA_H06__pv	10885	14360	488	1428	2783	3913	963	0	1330	1469	1561	1410	1265	1346
LP6008269-DNA_G07_vs_LP6008268-DNA_G07__pv	7248	6747	430	660	678	814	336	399	505	936	500	441	315	175
LP6008269-DNA_G08_vs_LP6008268-DNA_G08__pv	2410	2517	812	1952	1379	1403	433	753	1012	1366	1508	539	327	1052
LP6008269-DNA_G09_vs_LP6008268-DNA_G09__pv	0	4	36	11	20	0	8	15	7	0	0	0	0	0
LP6008269-DNA_H01_vs_LP6008268-DNA_B02__pv	59	30	385	216	324	0	120	0	53	48	137	0	9	123
LP6008269-DNA_H02_vs_LP6008268-DNA_B03__pv	10855	10989	342	953	1835	8311	1721	153	1002	2005	1288	298	391	693
LP6008269-DNA_H03_vs_LP6008268-DNA_B04__pv	1016	1986	520	900	1926	152	388	86	772	1592	579	912	1175	508
LP6008269-DNA_H05_vs_LP6008268-DNA_A06__pv	2593	2090	1481	2597	2474	2310	1589	856	2670	2101	3883	1141	1060	830
LP6008269-DNA_H06_vs_LP6008268-DNA_A07__pv	5833	2044	1059	1295	1047	1939	1091	812	1793	2738	2193	1462	463	677
LP6008269-DNA_H07_vs_LP6008268-DNA_H07__pv	3520	9008	370	75	716	1544	637	224	1059	1765	1648	1227	221	67
LP6008269-DNA_H08_vs_LP6008268-DNA_H08__pv	1267	758	0	985	983	1083	2476	545	1473	1630	1096	9670	2476	2035
LP6008269-DNA_H09_vs_LP6008268-DNA_H09__pv	2848	20370	0	606	514	21458	1407	500	74	0	5204	2331	618	680
LP6008280-DNA_A01_vs_LP6008264-DNA_A01__pv	2167	2053	798	1300	1269	765	1319	520	2412	1974	1013	389	654	475
LP6008280-DNA_A02_vs_LP6008264-DNA_A02__pv	3440	1897	336	1987	538	1765	591	501	1203	920	216	346	396	289
LP6008280-DNA_A03_vs_LP6008264-DNA_A03__pv	1172	670	838	708	4255	426	2929	292	2065	1756	693	432	745	1290
LP6008280-DNA_A04_vs_LP6008264-DNA_H03__pv	1511	4213	771	1061	469	1161	566	395	432	867	21	3513	1420	566
LP6008280-DNA_A05_vs_LP6008264-DNA_H04__pv	1869	403	571	305	588	229	364	34	728	502	271	435	73	309
LP6008280-DNA_A07_vs_LP6008264-DNA_H06__pv	2243	993	554	456	631	712	348	217	523	799	290	140	226	138
LP6008280-DNA_B01_vs_LP6008264-DNA_B01__pv	166	1821	2228	3	7963	1135	65	26280	3566	490	2728	0	630	2776
LP6008280-DNA_B02_vs_LP6008264-DNA_B02__pv	81	0	781	527	1736	40	613	316	883	1240	727	0	143	559
LP6008280-DNA_B03_vs_LP6008264-DNA_B03__pv	408	161	409	222	1642	238	989	234	1525	652	1199	570	2695	643
LP6008280-DNA_B04_vs_LP6008264-DNA_A04__pv	14	1	73	18	7	14	7	23	3	8	0	0	7	0
LP6008280-DNA_B05_vs_LP6008264-DNA_A05__pv	5948	4705	1827	1915	1845	2064	1420	442	5140	2652	556	1011	664	485
LP6008280-DNA_C01_vs_LP6008264-DNA_C01__pv	21538	8310	963	2038	1885	3529	2090	464	1469	2452	449	802	948	1624
LP6008280-DNA_C02_vs_LP6008264-DNA_C02__pv	8905	8468	1217	727	1325	3056	1313	339	774	1922	1339	1566	2696	348
LP6008280-DNA_C03_vs_LP6008264-DNA_C03__pv	1831	1458	343	338	1746	468	860	919	6265	437	2617	510	14177	2291
LP6008280-DNA_C04_vs_LP6008264-DNA_B04__pv	1	0	93	9	16	30	27	41	0	3	0	0	8	1
LP6008280-DNA_C05_vs_LP6008264-DNA_B05__pv	1331	945	1129	985	1773	584	636	294	980	1155	481	452	323	534
LP6008280-DNA_C06_vs_LP6008264-DNA_B06__pv	3443	4263	586	372	736	2025	359	23	661	785	293	351	194	161
LP6008280-DNA_D02_vs_LP6008264-DNA_D02__pv	5535	3112	1121	1491	402	2762	1855	713	1041	1238	822	795	774	668
LP6008280-DNA_D03_vs_LP6008264-DNA_H01__pv	0	4	129	21	74	0	38	0	4	73	7	2	9	23
LP6008280-DNA_D05_vs_LP6008264-DNA_E04__pv	2427	2195	942	375	1092	818	603	103	602	660	217	358	506	297
LP6008280-DNA_E01_vs_LP6008264-DNA_E01__pv	9995	0	999	1841	1384	2399	2031	409	2251	1875	1183	411	372	984
LP6008280-DNA_E02_vs_LP6008264-DNA_E02__pv	7891	9780	1350	2499	1685	4605	2392	403	1828	1905	77	712	2252	701
LP6008280-DNA_E03_vs_LP6008264-DNA_D03__pv	4063	3141	282	507	566	1278	696	302	729	434	768	719	94	250
LP6008280-DNA_E04_vs_LP6008264-DNA_D04__pv	7646	3163	1247	1092	3716	1594	1038	193	4225	1976	904	743	515	333
LP6008280-DNA_E05_vs_LP6008264-DNA_D05__pv	2401	5340	593	397	619	1020	64	0	155	323	343	357	198	431
LP6008280-DNA_F01_vs_LP6008264-DNA_F01__pv	9512	4364	2134	4287	1169	3995	3144	1158	2615	2659	1932	2965	620	1564
LP6008280-DNA_F02_vs_LP6008264-DNA_F02__pv	3684	3073	1297	1775	3086	909	1440	653	1969	3550	747	1237	311	809
LP6008280-DNA_F03_vs_LP6008264-DNA_E03__pv	17894	21063	855	747	1162	6376	1486	463	1155	1467	1436	1239	795	274
LP6008280-DNA_F05_vs_LP6008264-DNA_E05__pv	1884	2247	435	794	928	736	1100	411	1179	1143	328	425	294	290
LP6008280-DNA_F06_vs_LP6008264-DNA_E06__pv	3093	2049	807	666	2381	1469	794	136	1526	1523	202	375	262	273
LP6008280-DNA_G01_vs_LP6008264-DNA_G01__pv	304	514	326	65	62	103	60	126	53	12	0	63	66	49
LP6008280-DNA_G02_vs_LP6008264-DNA_G02__pv	190	246	629	919	787	321	398	535	1269	1735	722	357	498	424
LP6008280-DNA_G03_vs_LP6008264-DNA_F03__pv	657	415	508	1107	1357	268	1462	556	1188	1276	438	196	116	418
LP6008280-DNA_G04_vs_LP6008264-DNA_F04__pv	1194	750	798	73	1063	375	1393	355	898	706	1316	169	591	272
LP6008280-DNA_G05_vs_LP6008264-DNA_F05__pv	2959	2096	933	546	2219	558	1042	250	2015	1725	845	984	332	219
LP6008280-DNA_G06_vs_LP6008264-DNA_F06__pv	50	30	410	414	462	33	218	0	318	406	220	33	71	125
LP6008280-DNA_H01_vs_LP6008264-DNA_H01__pv	1329	978	497	1969	1864	585	739	877	2062	1771	1176	280	223	839
LP6008280-DNA_H02_vs_LP6008264-DNA_H02__pv	9618	9146	387	797	552	4695	902	1053	1677	2578	3016	6193	1303	613
LP6008280-DNA_H04_vs_LP6008264-DNA_G04__pv	5862	2337	995	1051	2667	1620	1386	474	1726	1851	743	338	454	596
LP6008280-DNA_H05_vs_LP6008264-DNA_G05__pv	3153	695	819	611	957	1143	729	269	1045	866	107	232	320	372
LP6008280-DNA_H06_vs_LP6008264-DNA_G06__pv	9124	7669	1065	942	1063	3044	677	213	3262	1367	535	832	960	421
LP6008334-DNA_A01_vs_LP6008335-DNA_A01__pv	44191	41666	884	0	75	47260	0	303	0	2220	479	1371	388	0
LP6008334-DNA_A03_vs_LP6008335-DNA_E02__pv	3638	4090	313	1020	1467	969	1480	1434	2968	2253	5333	445	4903	539
LP6008334-DNA_A04_vs_LP6008335-DNA_E03__pv	1839	1227	708	2736	2519	567	1203	1086	3308	3376	1122	1029	506	845
LP6008334-DNA_B01_vs_LP6008335-DNA_B01__pv	3486	2992	785	1547	1710	1503	2580	286	1858	1303	1168	431	14	679
LP6008334-DNA_B02_vs_LP6008335-DNA_F01__pv	3012	2017	761	1924	635	1261	1218	475	2393	874	568	988	515	347
LP6008334-DNA_B03_vs_LP6008335-DNA_F02__pv	23900	30829	5436	2025	25230	12084	5968	74264	4504	24395	3215	2549	0	0
LP6008334-DNA_C01_vs_LP6008335-DNA_C01__pv	3148	1563	749	2720	1993	684	1306	709	2337	1692	1077	576	633	792
LP6008334-DNA_C02_vs_LP6008335-DNA_G01__pv	2141	3215	781	1134	1807	776	3701	1008	4889	58	4363	677	2442	385
LP6008334-DNA_C03_vs_LP6008335-DNA_G02__pv	2503	3305	457	2559	2510	458	936	1379	823	3206	996	3992	942	1479
LP6008334-DNA_D01_vs_LP6008335-DNA_D01__pv	3150	1302	702	1203	1223	1330	1046	307	1693	1349	724	432	1031	382
LP6008334-DNA_D02_vs_LP6008335-DNA_H01__pv	3722	7208	910	3521	468	3582	773	777	1824	4342	1148	2592	1490	737
LP6008334-DNA_D03_vs_LP6008335-DNA_H02__pv	10187	5886	1056	5796	789	3714	685	2342	9850	2864	1097	1753	1688	2204
LP6008334-DNA_E01_vs_LP6008335-DNA_A01__pv	2448	2348	401	311	472	382	238	1	299	649	0	592	1254	113
LP6008334-DNA_E02_vs_LP6008335-DNA_A02__pv	3399	2187	839	1868	968	1552	1559	646	2360	1716	773	803	465	502
LP6008334-DNA_E03_vs_LP6008335-DNA_A03__pv	2212	2854	307	4845	1968	1730	2404	2159	2724	2247	2273	1239	111	1459
LP6008334-DNA_F01_vs_LP6008335-DNA_B01__pv	574	368	906	903	3218	78	1058	152	4200	2466	595	694	253	553
LP6008334-DNA_F02_vs_LP6008335-DNA_B02__pv	5099	2650	443	760	972	1674	1405	278	1815	927	670	515	140	412
LP6008334-DNA_F03_vs_LP6008335-DNA_B03__pv	604	245	397	1853	2310	100	451	379	1788	1652	1409	355	77	930
LP6008334-DNA_G01_vs_LP6008335-DNA_C01__pv	1095	638	377	479	586	352	335	299	811	453	367	202	84	284
LP6008334-DNA_G02_vs_LP6008335-DNA_C02__pv	2501	2682	523	2190	1003	2034	1068	708	1491	719	1253	832	595	631
LP6008334-DNA_G03_vs_LP6008335-DNA_C03__pv	0	0	1080	602	1322	0	681	219	954	1062	1182	202	910	485
LP6008334-DNA_H01_vs_LP6008335-DNA_D01__pv	1599	853	897	1543	1023	697	1037	857	1723	1314	812	333	267	397
LP6008334-DNA_H02_vs_LP6008335-DNA_D02__pv	1506	1144	807	4376	1869	431	1788	1011	1717	1706	812	1219	298	1153
LP6008334-DNA_H03_vs_LP6008335-DNA_D03__pv	4807	6821	348	1052	1668	2110	504	202	1049	3675	4187	2155	1533	1110
LP6008336-DNA_A01_vs_LP6008333-DNA_A01__pv	14	67	980	2071	924	277	181	364	1906	2773	1246	974	266	668
LP6008336-DNA_A02_vs_LP6008333-DNA_A02__pv	0	14	846	583	1153	26	498	135	639	901	670	307	295	389
LP6008336-DNA_A03_vs_LP6008333-DNA_A03__pv	32	46	360	1057	448	57	337	198	717	286	525	39	167	348
LP6008336-DNA_B01_vs_LP6008333-DNA_B01__pv	425	297	648	1219	1050	78	632	155	1008	929	1003	254	500	420
LP6008336-DNA_B02_vs_LP6008333-DNA_B02__pv	1556	1963	630	536	1774	232	667	230	415	909	1017	512	622	249
LP6008336-DNA_B03_vs_LP6008333-DNA_B03__pv	41	25	404	230	360	17	108	0	49	276	125	7	38	140
LP6008336-DNA_C01_vs_LP6008333-DNA_C01__pv	494	183	486	2253	663	351	1173	1050	3992	2552	0	1101	1576	326
LP6008336-DNA_C02_vs_LP6008333-DNA_C02__pv	1960	1183	399	282	416	890	150	115	957	679	392	329	115	164
LP6008336-DNA_C03_vs_LP6008333-DNA_C03__pv	554	493	628	1288	1273	131	1169	843	1585	1294	1022	937	1024	539
LP6008336-DNA_D01_vs_LP6008333-DNA_D01__pv	2787	0	5318	1760	10454	2557	2509	28970	561	7054	3828	1758	0	2765
LP6008336-DNA_D02_vs_LP6008333-DNA_D02__pv	0	3	112	13	21	0	1	0	0	0	0	0	7	14
LP6008336-DNA_D03_vs_LP6008333-DNA_D03__pv	10000	6810	901	2399	812	1245	837	628	2596	3053	3248	3207	360	1960
LP6008336-DNA_E01_vs_LP6008333-DNA_E01__pv	8724	1809	378	2847	624	3214	1256	924	1680	967	2107	470	297	881
LP6008336-DNA_E02_vs_LP6008333-DNA_E02__pv	16340	16494	1310	807	1934	2904	1087	572	1329	1332	836	2134	699	611
LP6008336-DNA_E03_vs_LP6008333-DNA_E03__pv	235	328	534	487	561	189	518	29	210	933	671	383	0	147
LP6008336-DNA_F02_vs_LP6008333-DNA_F02__pv	1146	589	384	1627	520	395	572	683	1287	1332	1109	536	1531	729
LP6008336-DNA_F03_vs_LP6008333-DNA_F03__pv	1180	604	1058	2360	2701	357	4341	740	2322	812	4092	527	5440	1205
LP6008336-DNA_G01_vs_LP6008333-DNA_G01__pv	1622	403	483	1744	1343	834	942	395	1302	692	970	776	0	464
LP6008336-DNA_G02_vs_LP6008333-DNA_G02__pv	556	3289	731	2411	468	2806	477	700	293	461	787	1540	620	1099
LP6008336-DNA_G03_vs_LP6008333-DNA_G03__pv	2908	1129	553	3556	980	987	393	1288	3606	1429	1226	1947	1058	2260
LP6008336-DNA_H01_vs_LP6008333-DNA_H01__pv	2513	1855	910	2498	1436	1198	2472	1092	4234	1942	1159	848	604	712
LP6008336-DNA_H02_vs_LP6008333-DNA_H02__pv	0	0	48	1	31	10	8	20	2	0	0	9	2	0
LP6008336-DNA_H03_vs_LP6008333-DNA_H03__pv	199	656	446	1130	1067	191	911	691	6292	973	710	612	623	419
LP6008337-DNA_A01_vs_LP6008338-DNA_A01__pv	1167	679	421	562	397	537	428	115	525	500	296	239	192	88
LP6008337-DNA_A02_vs_LP6008338-DNA_A02__pv	1132	754	224	0	753	477	1273	337	703	396	0	485	489	2143
LP6008337-DNA_A03_vs_LP6008338-DNA_A03__pv	2426	2843	0	3609	1138	1676	326	1153	1015	79	821	0	1303	1537
LP6008337-DNA_A04_vs_LP6008338-DNA_A04__pv	1208	860	507	347	522	388	295	0	571	453	204	163	133	188
LP6008337-DNA_A06_vs_LP6008338-DNA_G05__pv	3381	2336	173	2215	1352	1825	1758	1317	2800	1698	964	677	831	846
LP6008337-DNA_A07_vs_LP6008338-DNA_E06__pv	0	16	492	899	632	0	165	520	637	0	183	0	9168	143
LP6008337-DNA_B02_vs_LP6008338-DNA_B02__pv	238	307	640	481	706	67	487	107	464	334	436	233	87	225
LP6008337-DNA_B03_vs_LP6008338-DNA_B03__pv	1271	1036	512	603	796	566	478	85	801	910	508	264	186	386
LP6008337-DNA_B04_vs_LP6008338-DNA_B04__pv	2155	3392	512885	176773	122412	23078	170140	49239	10415	0	0	4511	21766	16034
LP6008337-DNA_B05_vs_LP6008338-DNA_A05__pv	2771	1716	660	546	755	762	464	63	812	514	423	495	177	217
LP6008337-DNA_B07_vs_LP6008338-DNA_F06__pv	1719	1180	0	3578	1442	1062	430	1696	3037	2184	2532	661	0	1718
LP6008337-DNA_C01_vs_LP6008338-DNA_C01__pv	4392	3054	1341	1234	2089	1207	686	84	1629	1466	1573	798	700	466
LP6008337-DNA_C02_vs_LP6008338-DNA_C02__pv	38	97	536	488	1225	100	351	181	1457	1321	629	535	338	298
LP6008337-DNA_C03_vs_LP6008338-DNA_C03__pv	4848	2055	753	245	2159	1334	980	310	2247	2059	1005	293	559	399
LP6008337-DNA_C04_vs_LP6008338-DNA_C04__pv	2243	4773	469	495	721	1390	268	56	588	648	313	1059	431	258
LP6008337-DNA_C05_vs_LP6008338-DNA_B05__pv	3143	1912	623	945	835	721	624	158	2117	1518	475	601	229	340
LP6008337-DNA_D01_vs_LP6008338-DNA_D01__pv	574	69	442	470	947	270	423	242	623	871	359	87	89	313
LP6008337-DNA_D02_vs_LP6008338-DNA_D02__pv	371	238	370	199	352	120	261	31	249	421	25	189	93	141
LP6008337-DNA_D03_vs_LP6008338-DNA_D03__pv	1172	656	1074	1163	1710	406	899	0	1441	1712	770	330	196	479
LP6008337-DNA_D04_vs_LP6008338-DNA_D04__pv	583	301	277	414	238	268	360	161	505	389	36	272	72	174
LP6008337-DNA_D05_vs_LP6008338-DNA_C05__pv	281	0	420	468	1004	57	287	94	890	682	423	40	65	248
LP6008337-DNA_D06_vs_LP6008338-DNA_A06__pv	20556	16769	1817	3109	1181	8402	2550	1348	7109	4018	1970	2191	795	13
LP6008337-DNA_E01_vs_LP6008338-DNA_E01__pv	5024	2894	649	667	962	1173	441	315	1280	654	490	217	162	171
LP6008337-DNA_E03_vs_LP6008338-DNA_E03__pv	2711	1764	788	726	798	1117	869	417	1009	1254	632	298	339	247
LP6008337-DNA_E04_vs_LP6008338-DNA_E04__pv	3959	3764	529	1026	1190	1876	806	413	3378	1666	809	648	195	150
LP6008337-DNA_E05_vs_LP6008338-DNA_D05__pv	2015	2059	490	409	975	1005	513	119	675	786	347	220	113	250
LP6008337-DNA_F01_vs_LP6008338-DNA_F01__pv	246	101	329	226	281	43	303	0	287	318	99	28	96	219
LP6008337-DNA_F02_vs_LP6008338-DNA_F02__pv	2409	2000	859	1361	1513	1010	773	351	1729	1853	1251	892	435	701
LP6008337-DNA_F03_vs_LP6008338-DNA_F03__pv	2671	1823	675	773	846	683	1122	0	1566	889	460	503	13	134
LP6008337-DNA_F04_vs_LP6008338-DNA_F04__pv	6538	5298	810	943	2960	3506	1366	0	2117	2848	817	1189	0	774
LP6008337-DNA_F05_vs_LP6008338-DNA_E05__pv	3721	3103	1257	1495	3044	1332	2447	530	5050	3530	1437	1753	1088	570
LP6008337-DNA_F06_vs_LP6008338-DNA_C06__pv	12735	8697	835	600	1043	4432	697	160	1479	1261	173	915	835	139
LP6008337-DNA_G01_vs_LP6008338-DNA_G01__pv	2393	1635	854	1705	2296	617	1180	327	2429	1805	1083	408	318	347
LP6008337-DNA_G02_vs_LP6008338-DNA_G02__pv	4255	1755	660	1052	717	1217	614	262	1257	887	606	216	128	323
LP6008337-DNA_G03_vs_LP6008338-DNA_G03__pv	5753	3840	557	1391	1506	1428	798	524	2539	1568	1150	714	257	578
LP6008337-DNA_G04_vs_LP6008338-DNA_G04__pv	4486	279	859	483	1702	453	344	111	912	1085	638	269	146	382
LP6008337-DNA_G05_vs_LP6008338-DNA_F05__pv	2450	793	651	852	484	842	475	273	962	1017	677	207	304	340
LP6008337-DNA_G06_vs_LP6008338-DNA_C06__pv	13829	6930	838	990	2053	4132	1164	203	2026	2311	759	680	413	444
LP6008337-DNA_H01_vs_LP6008338-DNA_H01__pv	497	397	533	351	1039	140	362	0	702	608	285	171	68	104
LP6008337-DNA_H02_vs_LP6008338-DNA_H02__pv	37256	32416	920	1927	1438	12162	209	547	2653	2892	2163	2116	945	377
LP6008337-DNA_H03_vs_LP6008338-DNA_H03__pv	1727	891	1201	1085	963	289	767	275	786	633	399	214	14	391
LP6008337-DNA_H04_vs_LP6008338-DNA_H04__pv	3008	4305	552	459	793	1612	455	83	822	1024	307	554	432	459
LP6008337-DNA_H06_vs_LP6008338-DNA_D06__pv	10311	13489	570	2943	906	3774	566	1154	2047	2622	1402	1648	1234	1336
LP6008341-DNA_A01_vs_LP6008340-DNA_A01__pv	3440	2810	664	940	2169	567	870	151	2109	1141	530	494	204	350
LP6008341-DNA_A03_vs_LP6008340-DNA_F02__pv	5644	6594	509590	176065	121749	22044	171489	48199	11352	2387	0	7012	21299	15360
LP6008341-DNA_B01_vs_LP6008340-DNA_B01__pv	8247	10776	1190	888	700	2142	710	665	1173	952	1759	2979	1480	653
LP6008341-DNA_B03_vs_LP6008340-DNA_G02__pv	727	517	448	503	914	401	375	115	487	785	538	152	107	142
LP6008341-DNA_C01_vs_LP6008340-DNA_C01__pv	4913	3223	643	169	1245	2603	986	132	1221	1058	1282	340	633	314
LP6008341-DNA_D01_vs_LP6008340-DNA_D01__pv	10682	8892	898	1357	2064	5175	4483	490	2911	3199	1717	1523	864	500
LP6008341-DNA_D02_vs_LP6008340-DNA_A02__pv	0	6	82	28	40	3	4	20	9	1	14	8	13	0
LP6008341-DNA_E01_vs_LP6008340-DNA_E01__pv	2593	3691	457	350	470	1133	447	96	813	671	384	664	689	171
LP6008341-DNA_E02_vs_LP6008340-DNA_B02__pv	7470	4902	397	821	605	2974	716	213	1903	1693	613	878	315	19
LP6008341-DNA_F01_vs_LP6008340-DNA_F01__pv	2018	2218	670	605	981	812	601	178	1641	961	268	589	231	314
LP6008341-DNA_F02_vs_LP6008340-DNA_C02__pv	1730	1882	758	2083	1162	823	2140	204	1110	1404	937	417	342	726
LP6008341-DNA_G01_vs_LP6008340-DNA_G01__pv	2735	2753	889	1232	1854	1324	1202	603	1767	2333	1004	764	344	464
LP6008341-DNA_G02_vs_LP6008340-DNA_D02__pv	710	622	734	556	1001	219	427	96	662	510	528	253	213	246
LP6008341-DNA_H01_vs_LP6008340-DNA_H01__pv	8303	9232	983	1623	1614	2890	1641	929	3388	6198	1352	3058	2522	629
LP6008341-DNA_H02_vs_LP6008340-DNA_E02__pv	2812	3659	536	552	929	235	369	157	791	969	303	600	306	315
LP6008460-DNA_A01_vs_LP6008340-DNA_A02__pv	2677	1871	869	1980	3038	893	283	0	528	865	1692	1066	667	652
LP6008460-DNA_A02_vs_LP6008340-DNA_C04__pv	5124	4459	668	522	1925	2349	1341	314	1642	2163	1557	500	665	406
LP6008460-DNA_A03_vs_LP6008340-DNA_G04__pv	2357	2984	1204	1501	718	1776	944	866	2485	1478	1976	199	1538	372
LP6008460-DNA_A04_vs_LP6008340-DNA_D05__pv	1641	1059	662	2482	2520	440	659	963	1508	2381	1672	871	523	1158
LP6008460-DNA_B01_vs_LP6008340-DNA_A03__pv	539	771	589	838	3706	403	349	278	1239	1236	2489	63	711	758
LP6008460-DNA_B02_vs_LP6008340-DNA_D02__pv	4166	2031	990	5112	2128	1795	1068	1380	2017	2752	2405	1334	757	1978
LP6008460-DNA_B03_vs_LP6008340-DNA_H03__pv	831	418	736	1190	1721	231	1535	101	1459	867	1579	246	545	278
LP6008460-DNA_B04_vs_LP6008340-DNA_F02__pv	4365	6992	457711	155117	101522	18111	150213	36789	10791	3754	0	9192	19748	11092
LP6008460-DNA_C01_vs_LP6008340-DNA_B03__pv	1255	1459	905	3818	910	767	1645	1575	2591	1939	4819	0	3176	1513
LP6008460-DNA_C02_vs_LP6008340-DNA_D03__pv	109	121	684	718	575	132	532	334	1021	1316	798	167	760	214
LP6008460-DNA_C03_vs_LP6008340-DNA_H05__pv	2789	1636	592	1399	1212	596	597	588	548	909	1152	532	184	427
LP6008460-DNA_C04_vs_LP6008340-DNA_F03__pv	3911	21	18480	0	14185	2975	3224	52209	1510	12696	1653	0	200	0
LP6008460-DNA_D01_vs_LP6008340-DNA_E02__pv	2726	14930	216	2556	1172	0	465	707	803	1958	0	2858	2665	360
LP6008460-DNA_D02_vs_LP6008340-DNA_E03__pv	480	55	60	2296	254	54	434	1216	1080	88	1171	712	278	2745
LP6008460-DNA_D03_vs_LP6008340-DNA_A05__pv	1399	1325	1087	843	1532	656	995	272	794	1140	1511	441	725	544
LP6008460-DNA_E01_vs_LP6008340-DNA_F04__pv	673	1107	809	1618	1106	504	502	206	1362	806	871	528	529	598
LP6008460-DNA_E02_vs_LP6008340-DNA_E04__pv	537	0	828	3869	1343	269	918	1186	3586	981	1875	1162	1312	1196
LP6008460-DNA_E03_vs_LP6008340-DNA_B06__pv	1927	869	1203	1433	2605	568	3190	1198	5968	2054	1933	3278	512	744
LP6008460-DNA_E04_vs_LP6008340-DNA_H02__pv	2905	1661	730	2306	1744	856	875	877	2228	1653	1716	572	874	874
LP6008460-DNA_F01_vs_LP6008340-DNA_B02__pv	7668	5406	752	1490	1474	3841	1169	569	2106	1637	1238	1080	358	345
LP6008460-DNA_F02_vs_LP6008340-DNA_E05__pv	2551	3628	18	2334	2160	2019	1078	2470	8282	5547	1516	1877	1186	760
LP6008460-DNA_F03_vs_LP6008340-DNA_C03__pv	26996	18576	574	919	1012	9943	449	311	1199	1871	791	1380	726	577
LP6008460-DNA_F04_vs_LP6008340-DNA_H04__pv	2894	1789	1273	5365	1927	867	162	1153	2502	1824	3193	1473	310	2017
LP6008460-DNA_G01_vs_LP6008340-DNA_B04__pv	4338	4865	10360	0	13100	3572	4013	51810	0	4921	2078	1819	0	0
LP6008460-DNA_G02_vs_LP6008340-DNA_G02__pv	2309	2020	26	2326	1322	1211	1435	1026	1989	2252	1735	631	297	766
LP6008460-DNA_G03_vs_LP6008340-DNA_C05__pv	8449	6959	1146	621	1385	1197	827	1188	1564	2224	1456	3968	1002	603
LP6008460-DNA_H01_vs_LP6008340-DNA_C02__pv	2126	2277	693	1560	1383	826	2278	87	1146	1422	1084	535	472	544
LP6008460-DNA_H02_vs_LP6008340-DNA_G03__pv	3773	2338	618	940	817	1389	728	207	775	908	286	105	316	195
LP6008460-DNA_H03_vs_LP6008340-DNA_D04__pv	5194	6598	571	1640	1271	3885	1493	225	1704	1284	1594	180	295	661
PD44724a_vs_PD44724b__pv	6109	5966	0	927	2902	3745	1445	663	2036	1882	2309	1736	1579	768
PD44725a_vs_PD44725b__pv	2262	2480	804	1134	1615	1033	700	572	1131	1505	544	606	457	619
PD44726a_vs_PD44726b__pv	1814	760	320	292	761	552	990	119	1162	574	301	119	256	287
PD44727a_vs_PD44727b__pv	9069	3313	611	1460	2182	1369	668	673	501	100	2313	4463	279	936
PD44728a_vs_PD44728b__pv	1415	445	736	2479	1471	736	1489	881	1800	2261	520	888	1711	1022
PD44729a_vs_PD44729b__pv	335	215	462	1894	2479	282	1404	622	2114	1040	1214	455	148	548
PD44730a_vs_PD44730b__pv	3707	2712	893	2301	1599	1281	1201	708	1451	601	1104	681	650	943
PD44731a_vs_PD44731b__pv	624	560	406	1325	2591	176	811	344	988	1432	784	286	635	470
PD44732a_vs_PD44732b__pv	107	169	453	247	1313	104	1997	178	874	767	1240	60	55	379
PD44733a_vs_PD44733b__pv	0	1235	12953	0	12373	755	1106	51304	1034	6207	1232	0	1114	1391
PD44734a_vs_PD44734b__pv	4618	3022	186	2617	1338	2396	2809	846	1884	1859	2070	1147	264	965
PD44735a_vs_PD44735b__pv	3030	1959	530	1816	3012	1091	1498	732	2681	2573	2008	362	449	756
PD44736a_vs_PD44736b__pv	1660	2530	447	1978	1773	705	1431	1282	2014	2348	888	2011	542	1128
PD44737a_vs_PD44737b__pv	2550	1769	1282	2296	2439	785	1095	458	3215	1894	501	1232	1324	492
PD44738a_vs_PD44738b__pv	9040	7089	805	3782	2595	2500	827	940	2033	2086	2177	5215	643	1398
PD44739a_vs_PD44739b__pv	3256	2925	642	2040	1373	2594	1161	480	2159	1478	843	623	311	525
PD44740a_vs_PD44740b__pv	29129	19027	1330	3569	1326	13102	3537	1387	1319	755	2653	0	561	2987
PD44741a_vs_PD44741b__pv	664	447	1099	1741	1430	441	1624	536	915	942	1576	719	694	466
PD44742a_vs_PD44742b__pv	1400	5245	884	3419	635	2305	815	1848	2077	3921	0	1179	4055	742
PD44743a_vs_PD44743b__pv	1705	784	770	2004	1809	857	953	902	2066	113	1729	369	210	844
PD44744a_vs_PD44744b__pv	11007	10358	118	0	1921	5942	1898	725	1245	0	7001	0	1718	0
PD44745a_vs_PD44745b__pv	14268	7920	48	4526	2552	5392	3058	903	2396	3384	2629	2273	2172	230
PD44746a_vs_PD44746b__pv	263	124	415	746	696	21	425	416	974	1277	531	209	378	420
PD44747a_vs_PD44747b__pv	3002	2806	364	1287	1160	1092	862	310	1353	1391	338	786	548	399
PD44749a_vs_PD44749b__pv	2130	2486	664	1068	381	818	667	209	415	704	441	274	870	340
PD44751a_vs_PD44751b__pv	810	671	134	162	585	453	166	170	463	407	127	143	104	162
PD44752a_vs_PD44752b__pv	1921	593	512	1388	1823	717	923	397	4157	1294	1169	357	530	449
PD44753a_vs_PD44753b__pv	464	436	1115	1727	944	335	1738	550	879	1278	1134	543	254	292
PD44758a_vs_PD44758b__pv	5476	2944	855	846	816	1223	556	452	615	1386	282	666	565	309
PD44759a_vs_PD44759b__pv	2482	1654	664	1819	1124	471	785	851	1974	1515	1590	1012	133	728
PD44760a_vs_PD44760b__pv	1452	2621	885	1996	1342	821	909	323	937	1357	0	887	776	835
PD44761a_vs_PD44761b__pv	671	429	1191	2689	2901	303	598	363	1643	1408	1100	959	340	822
PD44762a_vs_PD44762b__pv	154	111	492	939	1069	38	1041	358	434	800	825	335	257	201
PD44763a_vs_PD44763b__pv	2208	2079	199	1982	1734	1592	1047	909	1891	1421	1650	546	435	901
PD44764a_vs_PD44764b__pv	764	667	344	1974	1249	199	66	571	499	1269	808	1348	2387	799
PD44765a_vs_PD44765b__pv	14055	23118	304	2793	1852	3965	2820	992	1340	3153	2678	1269	1040	973
PD44766a_vs_PD44766b__pv	1898	422	3474	0	20740	3096	47	46257	0	14969	0	0	844	0
PD44767a_vs_PD44767b__pv	6226	12842	1536	2832	1093	2056	744	1334	869	3324	0	1542	1781	434
PD44769a_vs_PD44769b__pv	247	10	414	2014	1104	23	670	417	946	1020	1517	0	50	751
PD44770a_vs_PD44770b__pv	2613	3433	0	0	6683	176	489	19718	0	8384	0	0	862	461
PD44772a_vs_PD44772b__pv	3018	1102	964	3302	1650	1251	810	1131	3235	1669	2240	2086	2421	1290
PD44773a_vs_PD44773b__pv	3577	2382	1610	2478	5258	1797	1507	0	1180	1141	1401	122	209	854
PD44774a_vs_PD44774b__pv	19	267	875	997	2069	104	427	0	170	555	1252	152	653	558
PD44775a_vs_PD44775b__pv	1252	414	0	0	42669	0	6103	51368	3421	0	673	0	319	731
PD44776a_vs_PD44776b__pv	4750	15605	434	4455	1030	7255	457	814	670	785	585	1353	2125	1446
PD44777a_vs_PD44777b__pv	746	323	176	1922	1899	513	693	949	2525	1982	1444	558	0	570
PD44778a_vs_PD44778b__pv	1407	4890	1457	2010	2172	1176	939	413	549	1704	1032	3029	1106	849
PD44780a_vs_PD44780b__pv	64	59	550	614	915	35	456	99	1438	400	817	213	66	155
PD44781a_vs_PD44781b__pv	12385	7653	264	798	1404	6048	1798	1267	925	2829	4432	1150	571	679
PD44782a_vs_PD44782b__pv	13818	15752	55	1622	1357	6814	1207	573	1621	1861	1783	1180	2886	719
PD44783a_vs_PD44783b__pv	2943	1222	1394	2130	310	1065	239	1225	1391	1368	1659	5021	0	1153
PD44784a_vs_PD44784b__pv	763	380	644	4027	2407	395	1237	1128	3746	1680	767	967	562	1072
PD44785a_vs_PD44785b__pv	8135	6577	761	1759	839	5620	1114	741	968	1470	1701	905	393	732
PD44786a_vs_PD44786b__pv	841	298	254	320	765	363	597	195	332	850	736	459	170	140
PD44787a_vs_PD44787b__pv	851	1023	856	1268	1979	175	1105	486	3423	1132	995	936	485	634
PD44788a_vs_PD44788b__pv	2317	1494	259	2707	1256	1254	1031	1107	3840	2010	1471	1205	1620	739
PD44789a_vs_PD44789b__pv	4122	3408	304	3939	1697	997	1697	1481	1645	1726	4234	603	649	1570
PD44790a_vs_PD44790b__pv	4700	5176	586	1370	827	1014	973	820	1742	1170	897	1529	648	387
PD44791a_vs_PD44791b__pv	3537	1946	364	248	598	585	304	127	566	803	144	392	33	159
PD44792a_vs_PD44792b__pv	8232	11441	648	758	78	4355	2435	450	1786	2339	1038	1068	926	138
PD44793a_vs_PD44793b__pv	416	287	482	994	1606	109	1218	480	1221	923	673	146	316	593
PD44794a_vs_PD44794b__pv	388	79	160	3575	1000	38	549	987	1376	302	2622	425	697	1392
PD44795a_vs_PD44795b__pv	9855	12405	57	1164	799	5276	183	818	1379	795	1070	719	479	189
PD44796a_vs_PD44796b__pv	1755	1889	1118	6084	2231	1549	376	1574	1678	1957	1547	843	1141	1674
PD44797a_vs_PD44797b__pv	3343	2536	638	3169	2203	2357	1559	1201	4406	4839	1065	1053	1558	1057
PD44798a_vs_PD44798b__pv	1290	562	316	1321	1270	457	1032	272	1480	1395	377	283	311	355
PD44799a_vs_PD44799b__pv	1623	591	815	1318	1789	390	1328	431	1873	1788	558	444	442	514
PD44800a_vs_PD44800b__pv	3141	1732	873	1416	1652	980	1270	537	2641	2125	909	685	1108	702
PD44801a_vs_PD44801b__pv	4483	2459	496	671	2141	772	1272	592	2543	1627	904	466	80	380
PD44802a_vs_PD44802b__pv	121	191	339	667	715	79	531	211	416	593	381	266	72	293
PD44803a_vs_PD44803b__pv	4741	3994	1554	3128	2545	1411	1538	980	4654	2968	1871	1279	421	1142
PD44804a_vs_PD44804b__pv	832	788	265	775	607	536	531	332	559	328	430	191	0	367
PD44805a_vs_PD44805b__pv	9216	19957	725	54	1558	5780	3367	267	1269	1728	2605	265	1907	0
PD44807a_vs_PD44807b__pv	127	203	634	1036	753	258	731	108	302	815	1177	335	543	431
PD44808a_vs_PD44808b__pv	767	358	420	3223	1174	123	544	760	846	1455	599	532	2595	1539
PD44809a_vs_PD44809b__pv	1357	1149	235	2808	1688	342	352	414	1227	1903	2179	1241	250	1303
PD44810a_vs_PD44810b__pv	3505	5578	360	553	2304	4442	4512	2033	1187	0	5538	742	477	0
PD44811a_vs_PD44811b__pv	2897	1449	276	1139	692	729	623	804	1238	2162	675	664	692	398
PD44813a_vs_PD44813b__pv	2336	3230	576	1632	1366	1092	818	617	690	1716	558	898	698	528
PD44814a_vs_PD44814b__pv	744	532	968	4061	1721	320	516	959	1880	1330	1031	868	570	1323
PD44815a_vs_PD44815b__pv	1963	1365	744	1205	467	707	794	456	857	1758	370	1261	1463	586
PD44816a_vs_PD44816b__pv	1766	706	544	1449	2785	168	1529	628	2058	1810	1079	646	240	547
PD44817a_vs_PD44817b__pv	0	0	575	2335	505	168	1291	1029	2775	426	2026	126	254	1073
PD44818a_vs_PD44818b__pv	5802	5710	675	1274	1029	1141	1566	507	1165	1309	557	945	389	605
PD44819a_vs_PD44819b__pv	16469	12895	1370	2466	1829	4674	3045	902	2670	2142	351	2227	1184	1223
PD44820a_vs_PD44820b__pv	1516	1093	619	829	1469	276	963	469	1578	1669	417	617	659	451
PD44821a_vs_PD44821b__pv	4662	3346	632	783	1596	1131	2250	379	1895	1949	931	1392	524	573
PD44823a_vs_PD44823b__pv	885	398	720	983	888	465	902	317	793	1157	271	427	762	438
PD44824a_vs_PD44824b__pv	2715	3539	732	1790	2939	1209	1167	596	2168	2207	797	749	2082	931
PD44825a_vs_PD44825b__pv	3424	5948	0	870	18702	1142	5227	50152	0	23250	5042	7049	226	0
PD44826a_vs_PD44826b__pv	2029	1578	545	2067	1985	811	1774	967	2161	1631	876	496	673	873
PD44827a_vs_PD44827b__pv	1226	900	727	936	714	380	512	1110	1418	1477	544	765	619	541
PD44828a_vs_PD44828b__pv	8453	6755	600	1287	2163	3495	1097	639	2316	1946	844	196	680	842
PD44829a_vs_PD44829b__pv	3942	1058	1554	4088	4256	1194	2653	1780	6033	2298	1477	3182	1130	1796
PD44830a_vs_PD44830b__pv	3604	1652	260	1167	2444	620	1517	829	5083	1759	1241	1181	365	238
PD44831a_vs_PD44831b__pv	16238	12680	1699	0	912	11561	2656	805	39	2914	3858	201	665	290
PD44832a_vs_PD44832b__pv	1111	3528	0	0	13739	0	8157	39552	2619	8408	0	0	231	358
PD44833a_vs_PD44833b__pv	11981	10839	449	3419	932	6306	639	874	1784	1720	1294	146	576	575
PD44834a_vs_PD44834b__pv	1605	1641	1042	2763	1229	994	1011	581	574	1299	414	661	1294	730
PD44835a_vs_PD44835b__pv	2353	861	578	1595	638	483	833	694	3273	1325	607	965	1410	182
PD44836a_vs_PD44836b__pv	1982	2538	865	2938	3472	829	2742	1564	1716	3210	1735	2505	508	1512
PD44837a_vs_PD44837b__pv	820	390	238	425	510	207	863	0	646	603	117	114	83	257
PD44838a_vs_PD44838b__pv	518	430	0	6302	2561	285	1283	1176	2217	1584	5297	179	0	1489
PD44839a_vs_PD44839b__pv	507	1178	600	1746	1912	222	471	619	988	1265	346	1097	2435	520
PD44840a_vs_PD44840b__pv	3298	3157	466	1763	1286	1427	1073	619	1170	1552	1142	772	90	321
PD44841a_vs_PD44841b__pv	7271	4999	6416	0	12884	3126	3611	40201	603	12493	471	2888	1155	0
PD44842a_vs_PD44842b__pv	18	586	537	680	1234	577	716	375	1269	906	860	182	545	352
PD44843a_vs_PD44843b__pv	3788	8868	869	3405	2942	2240	1335	1005	2453	1401	1977	2063	1222	1266
PD44844a_vs_PD44844b__pv	315	190	491	1131	1337	0	824	328	1901	1122	415	385	484	468
PD44845a_vs_PD44845b__pv	2801	860	1087	601	1782	900	3060	36	2512	1101	1087	343	422	593
PD44846a_vs_PD44846b__pv	6420	1090	435	784	856	3180	906	785	1651	1004	1167	462	32	428
PD44847a_vs_PD44847b__pv	2354	1986	614	1113	2212	398	965	211	1117	1538	562	922	473	708
PD44848a_vs_PD44848b__pv	7816	11871	2927	5270	1210	2268	2526	1789	1557	4743	354	2901	3706	2149
PD44849a_vs_PD44849b__pv	442	394	603	2840	1774	425	2528	1410	3475	1885	1900	64	609	1099
PD44850a_vs_PD44850b__pv	3160	6701	1214	1579	2969	2378	1395	179	1187	2286	252	1184	1196	731
PD44851a_vs_PD44851b__pv	2284	1538	416	506	1876	673	806	606	1146	1550	2136	805	1467	634
PD44852a_vs_PD44852b__pv	2243	2832	1019	4469	2188	916	411	960	1418	1963	1353	1012	380	1760
PD44853a_vs_PD44853b__pv	1858	1803	415	459	1768	711	1158	435	2828	1625	597	176	295	352
PD44854a_vs_PD44854b__pv	1862	1892	588	1475	1682	1218	1031	494	1613	1573	1871	1133	751	502
PD44855a_vs_PD44855b__pv	4555	1334	904	1031	1355	586	993	666	2166	1233	1293	1198	444	876
PD44856a_vs_PD44856b__pv	11920	6319	724	977	2024	3715	3053	151	1276	1870	701	520	259	1008
PD44857a_vs_PD44857b__pv	12116	11309	542	2372	1281	3557	567	858	948	1807	372	551	784	471
PD44859a_vs_PD44859b__pv	4029	6755	3193	477	5149	3544	94	22320	358	5994	74	324	2493	1831
PD44861a_vs_PD44861b__pv	2683	2343	643	2422	1113	2103	2601	1144	2184	2128	1234	810	551	667
PD44862a_vs_PD44862b__pv	0	2048	1096	1153	556	1350	1231	638	94	235	4040	704	3770	215
PD44863a_vs_PD44863b__pv	4581	4258	613	792	1841	376	1262	541	3045	639	2032	265	1442	224
PD44864a_vs_PD44864b__pv	6578	5266	761	1451	1072	1469	2145	538	1276	1047	1120	859	791	494
PD44904a_vs_PD44904b__pv	9556	6672	1669	7327	1668	5636	1305	1947	1589	1764	2638	2124	0	2077
PD44905a_vs_PD44905b__pv	703	763	1122	3711	973	949	1720	825	565	1659	1634	948	1584	914
PD44906a_vs_PD44906b__pv	984	1946	440	2559	733	1821	592	692	681	797	1609	552	0	779
PD44908a_vs_PD44908b__pv	4997	6370	497	1760	1564	1233	1155	742	542	1647	1528	977	219	1031
PD44909a_vs_PD44909b__pv	414	111	732	681	2092	61	695	59	1711	675	479	289	57	313
PD44910a_vs_PD44910b__pv	4284	2451	458	1073	1912	1923	1111	518	2693	2863	1464	592	688	466
PD44912a_vs_PD44912b__pv	25563	9340	2044	1309	1187	1373	2710	893	2784	2825	116	2783	2328	713
PD44913a_vs_PD44913b__pv	630	1164	1115	2801	1167	845	714	567	1286	1225	315	911	685	929
PD44914a_vs_PD44914b__pv	1280	1724	1873	3652	1178	129	1350	854	1056	1874	445	2422	1804	1094
PD44915a_vs_PD44915b__pv	2216	2837	318	1372	720	779	903	427	2158	1319	303	657	589	507
PD44916a_vs_PD44916b__pv	723	489	448	825	1381	101	964	136	791	1026	1173	1549	624	629
PD44917a_vs_PD44917b__pv	35	40	255	786	384	7	327	155	263	131	290	119	359	359
PD44918a_vs_PD44918b__pv	3017	2981	444	469	1384	1337	1567	230	1529	1106	881	278	808	283
PD44919a_vs_PD44919b__pv	5647	988	844	661	1501	2352	1348	0	1215	1305	412	0	549	450
PD44920a_vs_PD44920b__pv	6568	4679	564	1293	924	3332	573	615	769	1035	1044	576	392	718
PD44921a_vs_PD44921b__pv	886	1085	188	896	589	486	219	269	203	338	337	435	145	301
PD44922a_vs_PD44922b__pv	20464	17426	1017	3355	491	15853	3368	340	1913	1445	3452	1316	1952	508
PD44923a_vs_PD44923b__pv	2470	1342	2294	6692	2376	730	4260	1515	2618	2345	2523	554	1470	2924
PD44924a_vs_PD44924b__pv	628	621	873	1510	3056	257	1047	0	1454	1579	379	473	791	737
PD44925a_vs_PD44925b__pv	2697	2071	362	3352	972	1315	1993	1555	4159	1724	2222	1224	652	1013
PD44926a_vs_PD44926b__pv	972	587	894	928	2271	111	1018	164	1875	1617	871	291	297	409
PD44927a_vs_PD44927b__pv	6838	3878	547	816	1630	2615	1001	410	1491	1945	531	410	877	304
PD44928a_vs_PD44928b__pv	3731	1109	707	1339	2209	1113	1252	571	3107	2688	1142	366	69	501
PD44929a_vs_PD44929b__pv	5410	3117	603	1642	1805	2841	1078	517	1092	1572	938	632	703	485
PD44930a_vs_PD44930b__pv	3604	8503	0	3712	1356	1423	1218	954	1526	2496	21	5186	3912	1365
PD44931a_vs_PD44931b__pv	5850	12359	0	0	10382	6094	1730	45045	105	15686	0	0	864	0
PD44932a_vs_PD44932b__pv	8221	1780	436	1774	1123	2203	651	686	1600	1092	1043	48	146	790
PD44933a_vs_PD44933b__pv	71	0	697	780	952	88	945	261	145	13	1085	172	3751	258
PD44934a_vs_PD44934b__pv	37701	8492	2168	1101	715	10270	1154	1000	2199	2610	0	0	2283	220
PD44935a_vs_PD44935b__pv	1190	865	665	3073	706	657	885	969	2161	2138	1469	454	230	690
PD44936a_vs_PD44936b__pv	811	861	425	687	1029	392	524	270	431	1001	301	514	288	181
PD44937a_vs_PD44937b__pv	3035	3773	1638	1931	1891	1363	1729	276	1750	2045	2891	1898	1675	1167
PD44938a_vs_PD44938b__pv	3687	3083	319	1192	742	2373	2551	1220	1035	1873	631	561	0	3262
PD44939a_vs_PD44939b__pv	1339	777	856	1722	1993	688	1299	495	2074	1767	1165	517	876	707
PD44941a_vs_PD44941b__pv	1079	481	534	3404	1609	366	1131	792	1916	700	723	652	374	726
PD44942a_vs_PD44942b__pv	4119	2289	610	1174	2097	1353	1159	341	1653	1107	832	253	257	575
PD44943a_vs_PD44943b__pv	189	258	527	1293	980	237	199	567	1225	991	854	403	0	649
PD44944a_vs_PD44944b__pv	3423	1660	537	1773	1287	1352	1147	863	1773	2127	1001	526	144	919
PD44945a_vs_PD44945b__pv	13871	12433	591	2477	847	5295	528	562	2499	1703	0	1544	1949	98
PD44946a_vs_PD44946b__pv	2414	2202	941	1914	1825	645	696	151	1558	1291	212	868	862	779
PD44947a_vs_PD44947b__pv	371	253	220	522	395	300	199	116	533	316	330	223	181	185
PD44948a_vs_PD44948b__pv	5584	6694	280	1397	1260	1784	1075	703	731	719	3869	536	2645	789
PD44949a_vs_PD44949b__pv	2340	1594	312	0	1777	986	1333	505	1094	0	3978	275	941	0
PD44950a_vs_PD44950b__pv	677	286	144	409	491	272	390	106	1016	775	0	258	362	269
PD46225a_vs_PD46225b__pv	2391	2371	423	1767	2213	417	1562	712	3506	1891	1638	858	1423	389
PD46226a_vs_PD46226b__pv	2009	28	269	2022	3417	284	1556	629	1838	2592	1506	1475	1131	797
PD46227a_vs_PD46227b__pv	4823	15818	2148	3404	979	995	480	2059	542	1564	752	13207	1631	1508
PD46228a_vs_PD46228b__pv	8345	3853	560	483	1550	1110	898	35	3431	1914	463	178	692	326
PD46229a_vs_PD46229b__pv	9389	9848	264	3012	1597	2197	723	1254	1983	2110	2271	913	768	1132
PD46230a_vs_PD46230b__pv	2035	1354	634	1416	1178	1189	705	769	2347	1738	1635	485	5669	408
PD46231a_vs_PD46231b__pv	110	59	193	948	658	84	318	308	663	507	1514	80	573	280
PD46232a_vs_PD46232b__pv	2132	1362	467	1680	1104	800	1616	164	1509	1241	1003	524	174	330
PD46233a_vs_PD46233b__pv	1451	5668	1652	6830	1870	3117	566	1538	1128	1551	221	2635	2346	1117
PD46234a_vs_PD46234b__pv	64	39	753	1127	567	184	861	575	981	1170	816	520	241	367
PD46235a_vs_PD46235b__pv	4301	1765	775	936	3459	629	1235	342	2149	1959	2099	813	660	525
PD46236a_vs_PD46236b__pv	1746	1021	601	1887	2409	692	1259	424	3040	2204	558	622	396	619
PD46237a_vs_PD46237b__pv	13661	2069	1615	4607	2165	3325	1257	1502	1905	1797	1694	1819	771	1307
PD46238a_vs_PD46238b__pv	1153	634	1021	5213	0	642	85	1254	857	757	1750	1130	280	1392
PD46239a_vs_PD46239b__pv	2330	1879	707	1127	1513	929	722	462	1145	1217	756	409	473	403
PD46240a_vs_PD46240b__pv	716	449	715	1429	1009	70	1012	537	629	1150	546	527	21	522
PD46241a_vs_PD46241b__pv	13991	6167	1280	3396	3520	4392	876	860	3181	2097	1394	1633	1061	1411
PD46242a_vs_PD46242b__pv	11543	59373	2071	1722	1264	2474	3091	1649	1916	2326	174	3918	4537	627
PD46243a_vs_PD46243b__pv	518	841	378	2443	2135	597	1632	1197	963	1525	3513	7	909	1148
PD46244a_vs_PD46244b__pv	265	31	708	389	2415	56	1921	154	2064	836	258	154	181	334
PD46245a_vs_PD46245b__pv	0	0	480	3535	1050	331	254	962	2467	396	802	3645	1767	944
PD46246a_vs_PD46246b__pv	1774	4522	1028	4779	2394	2120	1363	1418	1172	2305	1851	3218	1441	1972
PD46247a_vs_PD46247b__pv	1607	3497	1415	1890	4413	1310	2299	409	1671	1809	1010	640	989	873
PD46248a_vs_PD46248b__pv	15268	9201	1114	201	1447	7672	1917	738	1260	1561	805	220	725	433
PD46249a_vs_PD46249b__pv	10190	6709	693	1461	2432	5671	2019	686	3322	2786	677	320	315	462
PD46250a_vs_PD46250b__pv	176	3	1020	2397	438	182	388	563	394	416	0	596	3517	743
PD46251a_vs_PD46251b__pv	382	549	2671	0	8617	478	1182	23859	1205	2789	55	0	558	1142
PD46252a_vs_PD46252b__pv	1194	2245	0	0	430	0	416	2634	22407	40	567	1190	1521	1458
PD46253a_vs_PD46253b__pv	5608	6283	943	815	2783	892	4270	389	1827	2165	1547	1577	786	616
PD46254a_vs_PD46254b__pv	4958	3789	921	672	1648	2011	2659	234	1867	1103	444	646	477	387
PD46255a_vs_PD46255b__pv	302	612	728	1003	2503	1247	1210	369	1920	238	1695	299	501	751
PD46256a_vs_PD46256b__pv	1302	3206	717	545	2135	149	1055	548	920	1402	774	1206	112	528
PD46257a_vs_PD46257b__pv	165	49	698	441	2696	42	896	299	1937	1302	517	225	459	341
PD46258a_vs_PD46258b__pv	3729	2400	676	2125	1017	1345	1579	618	1762	1220	813	1019	826	780
PD46259a_vs_PD46259b__pv	1795	2012	725	2810	668	1219	1733	503	875	1686	1298	558	992	848
PD46260a_vs_PD46260b__pv	151	246	270	509	827	114	584	588	1079	1111	2649	612	2367	85
PD46261a_vs_PD46261b__pv	322	334	619	994	898	297	397	333	760	999	648	198	342	372
PD46262a_vs_PD46262b__pv	676	547	128	837	788	70	436	155	393	510	516	373	604	473
PD46263a_vs_PD46263b__pv	4810	1635	503	666	707	1754	1418	345	2784	537	137	103	163	314
PD46264a_vs_PD46264b__pv	2818	2149	401	2606	531	1103	1216	770	1504	592	883	294	848	701
PD46265a_vs_PD46265b__pv	5642	4547	680	1374	1742	2029	1460	412	1627	2025	1328	336	681	633
PD46267a_vs_PD46267b__pv	0	10	59	149	38	29	0	18	11	111	62	62	33	20
PD46268a_vs_PD46268b__pv	1642	24	418	1014	1382	601	457	663	1412	1110	1486	920	393	741
SLX-16751	1758	1157	331	421	875	472	380	86	703	656	288	302	184	198
SLX-16752	4578	8885	782	783	840	3991	524	14	772	815	455	371	251	271
SLX-18929	129761	118780	48959	63247	50379	57241	50915	28386	73671	52950	39037	26659	31774	32021
SLX-18949	14081	12641	946	1305	1880	7153	1500	554	1973	1588	758	621	644	780
SLX-18950	552	147	611	282	381	120	237	142	346	258	113	149	89	197
SM-4AX82_vs_SM-4AWN8__pv	2170	1282	1183	2443	1906	670	886	494	3066	1271	936	767	227	799
SM-4AX83_vs_SM-4AWN9__pv	1289	443	490	1071	335	653	543	234	647	468	0	227	650	247
SM-4AX84_vs_SM-4AWNA__pv	7595	5829	719	1274	1436	3534	877	428	2813	1757	690	51	584	463
SM-4AX85_vs_SM-4AWNB__pv	128	389	2166	2039	1793	424	1352	1051	2214	1075	1214	231	751	553
SM-4AX86_vs_SM-4AWNC__pv	4192	3438	1253	1427	997	1210	1919	276	1728	698	306	761	1483	460
SM-4AX87_vs_SM-4AWND__pv	51	137	326	487	557	108	548	87	1396	549	272	231	50	171
SM-4B295_vs_SM-4AWNE__pv	7084	4700	1426	3539	1241	1812	1879	606	1592	1445	1477	1517	902	740
SM-4B296_vs_SM-4AWNF__pv	6470	6646	2704	8147	625	3247	654	2134	1222	1415	4307	1568	5866	2523
SM-4JPP6_vs_SM-4JPUS__pv	1469	739	761	2570	1215	374	979	1256	3841	910	2419	2608	0	1253
SM-4JPP7_vs_SM-4JPUT__pv	830	956	556	1312	1075	679	433	288	595	1444	905	574	778	467
SM-4JPP9_vs_SM-4JPUT__pv	962	957	527	1215	1032	730	410	247	556	1336	878	588	722	479
SM-4JPPA_vs_LP6005333-DNA_B01__pv	2612	1347	776	1859	3635	1002	5597	506	4753	3427	2014	882	339	973
SM-4JPPB_vs_LP6005333-DNA_B01__pv	2153	1394	939	1581	3626	885	5657	471	4794	3264	1856	828	423	1001
SM-4JPPC_vs_LP6005333-DNA_B01__pv	2776	1298	863	1716	3672	1052	5639	498	4799	3379	1894	840	424	942
SM-4JPUV_vs_SM-4JPUS__pv	74	143	205	864	588	148	306	308	558	494	657	508	0	260
SM-4JPUW_vs_SM-4JPUS__pv	0	0	7	21	5	14	0	11	0	33	22	37	0	0
SM-4JPUX_vs_SM-4JPUT__pv	475	409	915	1161	860	398	574	0	511	1060	859	695	421	353
SM-4JPUY_vs_LP6005333-DNA_B01__pv	3669	2040	687	1853	3628	1751	5761	569	4838	3489	2089	859	304	1094
SM-4JPUZ_vs_LP6005333-DNA_B01__pv	3609	1955	883	1850	3266	1711	5425	459	4697	3339	2159	801	307	1047
SM-4JPV1_vs_SM-4JPUS__pv	1261	732	809	2113	1082	235	948	964	3255	833	2033	2297	0	1030
SM-4JPV2_vs_SM-4JPUS__pv	1817	1129	757	2337	1211	407	1124	1148	3903	1022	2328	2643	0	1150
SS6003109_vs_SS6003108__pv	5429	2744	923	2650	892	1702	889	361	1586	1122	0	893	3677	546
SS6003111_vs_SS6003110__pv	2549	2330	970	3624	2212	1594	1255	549	2839	2614	1385	856	784	807
SS6003113_vs_SS6003112__pv	3710	6026	415	724	1265	654	285	95	1709	602	519	786	375	300
SS6003115_vs_SS6003114__pv	8780	7068	609	1488	1161	4763	1339	168	1930	1381	673	526	852	527
SS6003117_vs_SS6003116__pv	0	0	0	0	1133	0	523	0	608	0	5072	0	3500	0
SS6003119_vs_SS6003118__pv	110	173	398	1305	752	173	453	319	530	654	573	329	99	713
SS6003121_vs_SS6003120__pv	1948	26305	803	2583	2194	6235	1017	531	1426	1193	236	1806	2026	545
SS6003125_vs_SS6003124__pv	5560	3945	179	1421	1099	718	307	425	1626	827	1266	1254	254	599
SS6003129_vs_SS6003128__pv	6615	5140	605	2555	2598	2903	2898	646	2846	1991	2073	1248	468	639
SS6003131_vs_SS6003130__pv	305	147	575	718	1193	239	802	127	1261	697	512	211	252	449
SS6003133_vs_SS6003132__pv	459	89	467	0	885	120	1285	233	6295	0	3068	0	2288	6
SS6003135_vs_SS6003134__pv	16229	6952	571	833	763	3906	794	327	1013	1684	267	507	1368	550
SS6003137_vs_SS6003136__pv	1623	966	753	1345	1545	391	850	517	2600	1758	687	555	90	725
SS6003149_vs_SS6003148__pv	20898	16435	0	1261	1669	14633	2187	1347	619	236	5466	2779	2259	990
SS6003302_vs_SS6003301__pv	3122	2535	592	1439	1141	708	981	589	1784	1695	1290	1554	517	553
SS6003303_vs_SS6003301__pv	2134	1840	464	1286	875	412	419	325	1376	988	932	845	502	384
SS6003305_vs_SS6003304__pv	168	146	653	4217	1008	259	405	644	754	643	623	471	1539	1558
SS6003306_vs_SS6003304__pv	266	207	779	2213	917	124	285	340	572	528	282	459	983	772
SS6003308_vs_SS6003307__pv	793	391	610	459	1114	287	1520	66	890	525	860	386	508	359
SS6003309_vs_SS6003307__pv	955	341	656	935	1311	305	1953	124	1203	680	1138	506	743	461
SS6003311_vs_SS6003310__pv	224	91	957	547	1017	238	1657	1256	10567	3123	278	425	454	400
SS6003312_vs_SS6003310__pv	34	101	680	193	829	159	1121	1391	10214	3153	277	409	466	306
SS6003314_vs_SS6003313__pv	5348	3785	535	909	710	2683	1321	298	931	1230	386	357	1405	351
SS6003315_vs_SS6003313__pv	5338	3835	481	944	724	2743	1301	330	909	1237	322	357	1445	354
SS6003317_vs_SS6003316__pv	15118	7347	246	1258	1357	5123	2131	576	1724	612	1109	357	300	697
SS6003318_vs_SS6003316__pv	15039	7427	238	1433	1383	5153	2233	619	1735	595	1185	393	272	679
SS6003320_vs_SS6003319__pv	6126	5050	832	1378	2288	1557	880	618	1477	2110	557	1402	1279	717
SS6003321_vs_SS6003319__pv	5945	4835	678	1435	2076	1518	861	613	1431	2034	323	1359	1118	709
SS6003323_vs_SS6003322__pv	4583	877	742	1428	1966	2917	1712	641	1494	803	1588	0	403	449
SS6003324_vs_SS6003322__pv	3347	713	985	1341	1760	1964	1378	322	1268	649	1321	166	458	571
