NMF_Replicate	L1	L1 %	L2	L2 %	KL Divergence	Correlation	Convergence Iterations
1	2962.484	14.397	576.112	14.273	0.026	0.975	40000.0
2	2973.159	14.427	580.194	14.366	0.026	0.975	30000.0
3	2971.192	14.465	579.177	14.35	0.027	0.975	50000.0
4	2966.897	14.412	578.406	14.318	0.026	0.975	40000.0
5	2970.61	14.429	579.333	14.316	0.026	0.975	30000.0
6	2972.801	14.428	580.695	14.352	0.026	0.975	30000.0
7	2963.409	14.4	577.382	14.293	0.026	0.975	40000.0
8	2963.992	14.479	578.049	14.375	0.027	0.974	30000.0
9	2972.631	14.441	578.394	14.317	0.026	0.975	40000.0
10	2969.283	14.406	579.18	14.314	0.026	0.975	30000.0
11	2969.823	14.454	576.968	14.32	0.027	0.975	30000.0
12	2967.822	14.38	579.561	14.329	0.026	0.975	40000.0
13	2963.259	14.363	578.146	14.298	0.026	0.975	40000.0
14	2978.114	14.503	578.523	14.37	0.027	0.975	40000.0
15	2964.423	14.421	577.601	14.351	0.027	0.975	50000.0
16	2965.906	14.42	575.91	14.29	0.026	0.975	30000.0
17	2963.543	14.378	577.002	14.294	0.026	0.975	30000.0
18	2971.043	14.428	579.535	14.295	0.027	0.975	40000.0
19	2966.002	14.379	577.734	14.263	0.026	0.975	30000.0
20	2971.27	14.408	578.996	14.312	0.026	0.975	40000.0
21	2978.843	14.466	579.648	14.379	0.027	0.975	20000.0
22	2967.136	14.39	578.244	14.31	0.026	0.975	40000.0
23	2977.909	14.464	580.194	14.343	0.026	0.975	30000.0
24	2971.34	14.409	580.437	14.339	0.026	0.975	40000.0
25	2966.866	14.41	577.217	14.302	0.026	0.975	20000.0
26	2966.769	14.388	577.448	14.307	0.026	0.975	30000.0
27	2969.941	14.436	577.087	14.326	0.027	0.974	20000.0
28	2961.844	14.425	577.529	14.32	0.027	0.975	40000.0
29	2971.621	14.409	578.483	14.328	0.026	0.975	20000.0
30	2971.78	14.448	578.588	14.334	0.027	0.975	50000.0
31	2967.905	14.418	579.348	14.366	0.026	0.975	40000.0
32	2965.841	14.4	577.315	14.295	0.026	0.975	40000.0
33	2967.177	14.43	577.734	14.314	0.027	0.975	30000.0
34	2975.191	14.458	578.453	14.367	0.026	0.975	30000.0
35	2969.652	14.419	578.758	14.326	0.027	0.975	30000.0
36	2970.451	14.442	578.11	14.314	0.026	0.975	30000.0
37	2965.702	14.426	577.555	14.336	0.026	0.975	50000.0
38	2969.05	14.422	578.948	14.325	0.027	0.975	30000.0
39	2976.59	14.464	577.964	14.339	0.026	0.975	50000.0
40	2976.604	14.421	581.218	14.398	0.026	0.975	30000.0
41	2971.966	14.399	580.045	14.321	0.026	0.975	40000.0
42	2962.048	14.395	574.843	14.282	0.027	0.975	40000.0
43	2970.693	14.406	576.872	14.266	0.026	0.975	30000.0
44	2966.763	14.496	577.635	14.385	0.027	0.974	50000.0
45	2970.321	14.403	579.243	14.323	0.026	0.975	40000.0
46	2974.9	14.415	580.193	14.278	0.026	0.975	40000.0
47	2973.463	14.475	580.59	14.361	0.027	0.975	50000.0
48	2970.72	14.407	577.479	14.341	0.026	0.975	40000.0
49	2967.652	14.45	578.55	14.336	0.027	0.975	40000.0
50	2966.125	14.407	578.403	14.341	0.026	0.975	30000.0
51	2969.083	14.444	577.635	14.384	0.027	0.974	30000.0
52	2970.67	14.424	578.751	14.345	0.027	0.975	30000.0
53	2970.004	14.399	578.103	14.327	0.026	0.975	40000.0
54	2968.248	14.4	577.701	14.336	0.026	0.975	50000.0
55	2968.645	14.409	578.601	14.31	0.026	0.975	40000.0
56	2971.84	14.475	578.83	14.361	0.027	0.975	30000.0
57	2970.104	14.44	577.455	14.329	0.026	0.975	30000.0
58	2968.665	14.395	577.323	14.295	0.026	0.975	60000.0
59	2961.032	14.346	578.237	14.29	0.026	0.975	40000.0
60	2974.097	14.465	579.263	14.382	0.026	0.975	60000.0
61	2968.729	14.372	578.593	14.309	0.026	0.975	30000.0
62	2960.43	14.35	576.714	14.275	0.026	0.975	40000.0
63	2972.274	14.435	579.794	14.335	0.026	0.975	50000.0
64	2965.924	14.397	580.03	14.34	0.026	0.975	30000.0
65	2969.653	14.401	579.532	14.334	0.026	0.975	40000.0
66	2968.932	14.443	579.313	14.361	0.027	0.974	40000.0
67	2971.527	14.446	580.272	14.358	0.027	0.975	40000.0
68	2965.162	14.379	578.19	14.318	0.026	0.975	30000.0
69	2962.86	14.385	577.059	14.309	0.026	0.975	40000.0
70	2966.518	14.441	577.554	14.337	0.027	0.975	30000.0
71	2966.0	14.427	577.442	14.336	0.027	0.975	60000.0
72	2964.246	14.408	576.628	14.291	0.027	0.975	60000.0
73	2963.77	14.403	577.893	14.352	0.026	0.975	30000.0
74	2970.568	14.457	578.508	14.361	0.027	0.974	30000.0
75	2966.295	14.399	578.365	14.299	0.026	0.975	30000.0
76	2963.728	14.376	577.521	14.285	0.026	0.975	30000.0
77	2969.133	14.414	578.706	14.337	0.026	0.975	30000.0
78	2968.329	14.42	580.09	14.371	0.026	0.975	40000.0
79	2971.746	14.428	578.174	14.321	0.026	0.975	30000.0
80	2975.47	14.447	579.205	14.343	0.026	0.975	50000.0
81	2971.793	14.455	577.132	14.312	0.027	0.975	30000.0
82	2975.228	14.426	579.138	14.31	0.026	0.975	50000.0
83	2962.411	14.364	577.652	14.293	0.026	0.975	70000.0
84	2968.52	14.401	578.119	14.314	0.026	0.975	30000.0
85	2964.666	14.39	577.159	14.276	0.027	0.975	40000.0
86	2964.759	14.381	578.502	14.313	0.026	0.975	30000.0
87	2974.489	14.433	577.107	14.311	0.026	0.975	40000.0
88	2969.873	14.436	578.205	14.347	0.026	0.975	40000.0
89	2967.064	14.439	577.876	14.334	0.027	0.975	40000.0
90	2962.194	14.403	576.072	14.28	0.026	0.975	40000.0
91	2962.622	14.358	576.243	14.246	0.026	0.975	30000.0
92	2973.47	14.469	578.368	14.347	0.027	0.975	40000.0
93	2963.866	14.393	576.571	14.286	0.026	0.975	40000.0
94	2967.335	14.39	578.379	14.3	0.026	0.975	30000.0
95	2969.905	14.418	579.036	14.327	0.026	0.975	40000.0
96	2964.038	14.413	577.851	14.304	0.026	0.975	30000.0
97	2968.552	14.418	578.812	14.355	0.027	0.975	30000.0
98	2972.847	14.414	579.386	14.328	0.026	0.975	40000.0
99	2963.453	14.421	578.635	14.355	0.027	0.975	50000.0
100	2964.734	14.383	578.015	14.305	0.026	0.975	40000.0
101	2967.069	14.41	577.293	14.308	0.026	0.975	40000.0
102	2968.169	14.451	579.417	14.388	0.026	0.975	50000.0
103	2969.181	14.394	578.204	14.311	0.026	0.975	40000.0
104	2966.173	14.419	578.586	14.347	0.026	0.975	20000.0
105	2964.511	14.387	577.811	14.287	0.026	0.975	40000.0
106	2976.47	14.463	578.717	14.346	0.026	0.975	30000.0
107	2958.329	14.355	576.282	14.261	0.026	0.975	40000.0
108	2975.209	14.446	579.905	14.338	0.027	0.975	40000.0
109	2960.945	14.409	577.009	14.338	0.026	0.975	40000.0
110	2973.601	14.454	579.017	14.408	0.026	0.974	30000.0
111	2964.103	14.424	578.075	14.347	0.027	0.975	20000.0
112	2966.245	14.406	577.944	14.328	0.026	0.975	30000.0
113	2972.477	14.398	579.405	14.293	0.026	0.975	40000.0
114	2964.324	14.369	578.393	14.29	0.026	0.975	30000.0
115	2971.044	14.383	578.685	14.276	0.026	0.975	30000.0
116	2969.157	14.439	577.797	14.319	0.026	0.975	30000.0
117	2969.425	14.409	578.505	14.335	0.026	0.975	40000.0
118	2968.78	14.41	578.571	14.333	0.026	0.975	50000.0
119	2969.384	14.436	578.478	14.355	0.026	0.975	30000.0
120	2962.694	14.38	576.467	14.284	0.026	0.975	30000.0
121	2970.633	14.438	577.765	14.347	0.027	0.975	40000.0
122	2964.242	14.398	576.044	14.307	0.026	0.975	30000.0
123	2962.124	14.445	579.112	14.353	0.027	0.975	60000.0
124	2965.006	14.404	578.028	14.328	0.026	0.975	50000.0
125	2975.757	14.463	580.131	14.358	0.027	0.974	20000.0
126	2963.935	14.46	576.669	14.339	0.027	0.975	30000.0
127	2968.129	14.445	578.334	14.356	0.027	0.975	40000.0
128	2970.682	14.41	577.97	14.328	0.027	0.975	50000.0
129	2972.158	14.419	579.91	14.323	0.026	0.975	50000.0
130	2964.902	14.383	577.477	14.306	0.026	0.975	30000.0
131	2969.755	14.428	577.74	14.337	0.026	0.975	40000.0
132	2959.681	14.388	575.786	14.294	0.026	0.975	50000.0
133	2969.25	14.373	579.029	14.306	0.026	0.975	30000.0
134	2972.319	14.428	579.016	14.333	0.026	0.975	40000.0
135	2968.611	14.413	578.319	14.352	0.026	0.975	40000.0
136	2964.795	14.382	577.692	14.283	0.026	0.975	20000.0
137	2974.985	14.453	580.134	14.358	0.027	0.975	30000.0
138	2972.679	14.465	579.827	14.361	0.027	0.975	50000.0
139	2965.789	14.405	577.818	14.309	0.026	0.975	40000.0
140	2963.407	14.413	576.326	14.307	0.026	0.975	40000.0
141	2973.525	14.422	579.174	14.346	0.026	0.975	40000.0
142	2961.521	14.366	576.958	14.297	0.026	0.975	40000.0
143	2973.059	14.471	579.539	14.395	0.026	0.975	60000.0
144	2973.787	14.455	578.226	14.363	0.027	0.975	40000.0
145	2967.5	14.425	578.004	14.324	0.026	0.975	70000.0
146	2977.703	14.52	578.722	14.437	0.027	0.974	50000.0
147	2969.882	14.397	578.595	14.304	0.026	0.975	30000.0
148	2975.446	14.397	579.175	14.302	0.026	0.975	40000.0
149	2970.414	14.433	580.337	14.36	0.027	0.975	30000.0
150	2962.446	14.425	576.826	14.319	0.026	0.975	40000.0
151	2967.552	14.402	578.392	14.303	0.026	0.975	60000.0
152	2965.216	14.413	578.755	14.345	0.026	0.975	20000.0
153	2968.72	14.412	577.901	14.308	0.026	0.975	80000.0
154	2966.517	14.42	576.95	14.322	0.026	0.975	40000.0
155	2969.072	14.4	578.768	14.31	0.026	0.975	40000.0
156	2970.006	14.427	577.701	14.341	0.026	0.975	40000.0
157	2970.157	14.428	578.055	14.319	0.026	0.975	50000.0
158	2964.006	14.385	578.681	14.34	0.026	0.975	30000.0
159	2974.133	14.419	579.76	14.341	0.027	0.975	40000.0
160	2967.846	14.428	577.338	14.317	0.027	0.975	30000.0
161	2977.5	14.502	580.488	14.416	0.027	0.974	30000.0
162	2972.389	14.406	579.421	14.311	0.026	0.975	30000.0
163	2965.095	14.363	576.508	14.281	0.026	0.975	40000.0
164	2968.809	14.412	578.131	14.315	0.026	0.975	40000.0
165	2971.416	14.414	578.547	14.328	0.026	0.975	30000.0
166	2967.74	14.4	577.934	14.307	0.026	0.975	30000.0
167	2966.807	14.398	578.385	14.34	0.027	0.975	50000.0
168	2968.871	14.42	577.469	14.286	0.026	0.975	30000.0
169	2979.682	14.477	581.087	14.412	0.027	0.974	40000.0
170	2973.25	14.458	577.625	14.37	0.027	0.975	20000.0
171	2974.95	14.443	579.027	14.35	0.027	0.975	30000.0
172	2973.163	14.468	579.347	14.382	0.027	0.975	50000.0
173	2974.866	14.439	578.175	14.345	0.026	0.975	40000.0
174	2969.195	14.406	580.158	14.356	0.026	0.975	40000.0
175	2971.979	14.423	579.673	14.36	0.026	0.975	40000.0
176	2967.26	14.393	577.728	14.324	0.026	0.975	50000.0
177	2967.363	14.425	577.774	14.309	0.027	0.975	30000.0
178	2973.765	14.432	580.024	14.333	0.026	0.975	50000.0
179	2972.636	14.446	578.316	14.341	0.027	0.975	30000.0
180	2969.549	14.439	578.647	14.338	0.026	0.975	30000.0
181	2967.471	14.398	576.95	14.253	0.026	0.975	40000.0
182	2970.627	14.469	578.198	14.374	0.027	0.975	30000.0
183	2966.935	14.416	577.493	14.319	0.026	0.975	50000.0
184	2969.631	14.436	578.051	14.309	0.026	0.975	20000.0
185	2981.264	14.467	579.541	14.341	0.026	0.975	30000.0
186	2969.4	14.433	577.349	14.351	0.027	0.975	30000.0
187	2966.963	14.398	578.187	14.319	0.026	0.975	20000.0
188	2967.19	14.421	577.284	14.323	0.026	0.975	40000.0
189	2968.59	14.409	578.708	14.324	0.026	0.975	40000.0
190	2967.794	14.389	578.968	14.309	0.026	0.975	40000.0
191	2976.999	14.459	579.315	14.386	0.026	0.975	30000.0
192	2976.046	14.475	578.996	14.348	0.027	0.975	50000.0
193	2974.655	14.442	579.477	14.346	0.026	0.975	40000.0
194	2959.771	14.393	574.41	14.28	0.026	0.975	50000.0
195	2970.392	14.396	579.369	14.323	0.026	0.975	30000.0
196	2966.74	14.38	578.615	14.319	0.026	0.975	50000.0
197	2960.84	14.378	578.054	14.289	0.026	0.975	30000.0
198	2960.127	14.397	576.61	14.301	0.026	0.975	40000.0
199	2962.45	14.427	576.259	14.274	0.027	0.975	40000.0
200	2960.225	14.368	576.122	14.279	0.026	0.975	40000.0
201	2962.555	14.401	576.143	14.269	0.027	0.975	30000.0
202	2963.718	14.444	578.319	14.373	0.027	0.975	20000.0
203	2967.675	14.426	577.019	14.367	0.026	0.975	40000.0
204	2967.388	14.412	578.48	14.332	0.026	0.975	30000.0
205	2970.105	14.399	578.413	14.346	0.026	0.975	40000.0
206	2967.924	14.366	576.845	14.269	0.026	0.975	50000.0
207	2974.084	14.451	579.374	14.374	0.026	0.975	30000.0
208	2969.796	14.383	580.843	14.335	0.026	0.975	40000.0
209	2975.239	14.433	579.387	14.339	0.026	0.975	40000.0
210	2967.196	14.388	578.402	14.353	0.026	0.975	30000.0
211	2965.631	14.377	577.238	14.294	0.026	0.975	50000.0
212	2971.494	14.429	579.418	14.34	0.027	0.975	30000.0
213	2971.956	14.434	579.169	14.355	0.026	0.975	30000.0
214	2975.839	14.449	578.757	14.379	0.026	0.975	50000.0
215	2974.388	14.445	578.849	14.354	0.027	0.975	40000.0
216	2961.331	14.363	576.492	14.273	0.026	0.975	50000.0
217	2968.11	14.406	579.165	14.36	0.027	0.975	40000.0
218	2958.568	14.391	575.765	14.303	0.027	0.975	40000.0
219	2971.55	14.426	578.83	14.321	0.026	0.975	50000.0
220	2969.024	14.434	578.304	14.32	0.027	0.975	30000.0
221	2968.085	14.427	579.218	14.345	0.026	0.975	20000.0
222	2970.977	14.451	579.398	14.37	0.027	0.975	50000.0
223	2969.581	14.453	578.757	14.335	0.026	0.975	20000.0
224	2965.837	14.422	578.395	14.338	0.026	0.975	40000.0
225	2962.94	14.388	577.649	14.332	0.026	0.975	20000.0
226	2973.449	14.437	579.284	14.348	0.026	0.975	30000.0
227	2967.847	14.448	578.399	14.367	0.027	0.975	50000.0
228	2959.623	14.405	578.625	14.343	0.027	0.975	40000.0
229	2969.553	14.425	576.906	14.315	0.026	0.975	30000.0
230	2962.462	14.384	576.732	14.295	0.026	0.975	40000.0
231	2962.439	14.381	578.043	14.322	0.026	0.975	30000.0
232	2965.191	14.437	577.458	14.347	0.027	0.975	40000.0
233	2966.7	14.42	577.599	14.295	0.027	0.975	40000.0
234	2972.197	14.422	578.699	14.35	0.026	0.975	40000.0
235	2971.148	14.465	578.982	14.36	0.027	0.975	40000.0
236	2968.923	14.399	577.616	14.312	0.026	0.975	40000.0
237	2970.749	14.448	578.238	14.34	0.026	0.975	30000.0
238	2967.357	14.45	578.051	14.36	0.027	0.974	70000.0
239	2972.178	14.469	577.689	14.353	0.027	0.975	30000.0
240	2969.124	14.434	580.247	14.367	0.027	0.975	50000.0
241	2971.52	14.419	578.624	14.33	0.026	0.975	20000.0
242	2976.059	14.46	579.818	14.364	0.026	0.975	30000.0
243	2968.818	14.393	578.539	14.319	0.026	0.975	50000.0
244	2965.349	14.402	577.543	14.345	0.026	0.975	50000.0
245	2969.119	14.37	577.448	14.276	0.026	0.975	40000.0
246	2965.163	14.424	577.542	14.313	0.027	0.975	40000.0
247	2970.36	14.392	578.853	14.325	0.026	0.975	50000.0
248	2977.838	14.476	579.44	14.359	0.026	0.975	30000.0
249	2985.733	14.478	581.134	14.366	0.026	0.975	40000.0
250	2976.368	14.472	578.819	14.373	0.026	0.975	40000.0
251	2964.918	14.403	577.283	14.289	0.026	0.975	30000.0
252	2977.223	14.472	577.988	14.337	0.027	0.975	40000.0
253	2966.008	14.364	578.043	14.278	0.026	0.975	30000.0
254	2962.324	14.371	578.598	14.276	0.026	0.975	20000.0
255	2972.387	14.415	577.552	14.308	0.026	0.975	30000.0
256	2980.746	14.471	581.253	14.367	0.026	0.975	30000.0
257	2973.174	14.453	578.95	14.385	0.026	0.975	30000.0
258	2968.785	14.427	577.607	14.301	0.026	0.975	40000.0
259	2973.044	14.453	578.814	14.366	0.026	0.975	40000.0
260	2974.515	14.437	579.543	14.352	0.026	0.975	60000.0
261	2961.699	14.37	577.95	14.304	0.026	0.975	40000.0
262	2965.54	14.402	576.146	14.303	0.026	0.975	30000.0
263	2965.683	14.354	578.482	14.292	0.026	0.975	40000.0
264	2968.37	14.394	578.708	14.291	0.026	0.975	40000.0
265	2968.832	14.437	578.084	14.325	0.026	0.975	50000.0
266	2965.31	14.406	577.276	14.296	0.027	0.975	30000.0
267	2976.981	14.463	578.668	14.346	0.027	0.975	30000.0
268	2981.536	14.514	578.905	14.408	0.026	0.975	40000.0
269	2971.964	14.431	579.104	14.344	0.027	0.975	40000.0
270	2963.588	14.42	577.218	14.309	0.026	0.975	20000.0
271	2974.774	14.401	579.644	14.325	0.026	0.975	50000.0
272	2970.737	14.447	577.975	14.328	0.027	0.975	50000.0
273	2969.145	14.453	578.581	14.344	0.027	0.975	20000.0
274	2966.756	14.354	578.24	14.262	0.026	0.975	40000.0
275	2971.574	14.453	579.181	14.374	0.026	0.975	40000.0
276	2974.457	14.453	579.347	14.359	0.026	0.975	50000.0
277	2972.338	14.436	578.583	14.344	0.026	0.975	40000.0
278	2969.256	14.4	579.5	14.345	0.026	0.975	30000.0
279	2977.548	14.49	580.162	14.387	0.027	0.975	30000.0
280	2976.681	14.503	579.063	14.374	0.027	0.975	50000.0
281	2971.152	14.453	576.974	14.302	0.027	0.975	30000.0
282	2970.706	14.443	578.612	14.362	0.027	0.975	40000.0
283	2977.035	14.461	580.099	14.375	0.026	0.975	40000.0
284	2966.008	14.435	576.966	14.311	0.027	0.975	30000.0
285	2971.012	14.417	576.612	14.337	0.026	0.975	40000.0
286	2972.785	14.429	579.603	14.32	0.027	0.975	40000.0
287	2978.171	14.511	579.278	14.407	0.027	0.975	40000.0
288	2974.591	14.434	577.975	14.356	0.026	0.975	40000.0
289	2977.485	14.443	580.089	14.349	0.026	0.975	50000.0
290	2967.664	14.455	576.733	14.327	0.027	0.975	30000.0
291	2959.542	14.367	577.242	14.299	0.026	0.975	30000.0
292	2970.388	14.421	578.798	14.357	0.026	0.975	40000.0
293	2972.974	14.45	579.302	14.338	0.027	0.975	30000.0
294	2973.213	14.402	577.754	14.336	0.026	0.975	40000.0
295	2979.129	14.521	580.233	14.404	0.027	0.975	40000.0
296	2967.4	14.432	578.293	14.34	0.027	0.975	20000.0
297	2969.446	14.441	577.68	14.327	0.027	0.975	30000.0
298	2966.698	14.408	577.441	14.301	0.026	0.975	40000.0
299	2967.533	14.427	578.388	14.327	0.027	0.975	60000.0
300	2970.392	14.399	578.5	14.306	0.026	0.975	50000.0
301	2959.957	14.385	575.729	14.284	0.027	0.975	40000.0
302	2965.294	14.424	577.778	14.358	0.027	0.974	50000.0
303	2958.434	14.414	574.971	14.279	0.026	0.975	70000.0
304	2964.067	14.409	576.399	14.307	0.026	0.975	40000.0
305	2961.839	14.426	576.418	14.319	0.027	0.975	30000.0
306	2970.715	14.412	579.287	14.335	0.026	0.975	40000.0
307	2980.318	14.451	579.855	14.362	0.026	0.975	50000.0
308	2968.319	14.428	579.209	14.38	0.027	0.974	30000.0
309	2969.563	14.429	578.153	14.315	0.027	0.975	30000.0
310	2973.271	14.443	578.803	14.328	0.027	0.975	30000.0
311	2974.621	14.461	578.96	14.368	0.026	0.975	30000.0
312	2967.508	14.466	576.776	14.322	0.027	0.975	50000.0
313	2970.227	14.437	580.095	14.39	0.027	0.975	40000.0
314	2970.806	14.456	578.607	14.361	0.027	0.975	40000.0
315	2964.617	14.364	577.518	14.285	0.026	0.975	30000.0
316	2970.012	14.435	579.36	14.354	0.026	0.975	30000.0
317	2966.272	14.406	576.637	14.324	0.027	0.975	40000.0
318	2973.698	14.476	577.353	14.34	0.027	0.975	30000.0
319	2967.923	14.392	578.395	14.336	0.026	0.975	30000.0
320	2966.07	14.407	577.561	14.331	0.026	0.975	40000.0
321	2974.641	14.48	580.085	14.383	0.027	0.974	30000.0
322	2980.531	14.431	578.834	14.363	0.026	0.975	40000.0
323	2962.844	14.376	577.991	14.278	0.026	0.975	30000.0
324	2967.263	14.406	579.437	14.353	0.026	0.975	50000.0
325	2972.442	14.461	579.686	14.367	0.027	0.974	40000.0
326	2962.768	14.397	577.338	14.298	0.026	0.975	20000.0
327	2966.631	14.463	578.894	14.336	0.027	0.975	20000.0
328	2970.946	14.477	578.986	14.367	0.027	0.975	60000.0
329	2974.275	14.457	577.534	14.362	0.026	0.975	40000.0
330	2969.011	14.405	579.212	14.322	0.026	0.975	30000.0
331	2962.208	14.359	576.558	14.272	0.026	0.975	50000.0
332	2967.324	14.401	577.309	14.3	0.026	0.975	20000.0
333	2975.395	14.47	578.617	14.377	0.027	0.975	30000.0
334	2974.526	14.475	578.178	14.388	0.027	0.974	50000.0
335	2972.558	14.454	577.778	14.351	0.027	0.975	30000.0
336	2968.317	14.436	577.736	14.34	0.026	0.975	40000.0
337	2965.43	14.438	579.463	14.363	0.027	0.975	40000.0
338	2969.831	14.388	578.355	14.343	0.026	0.975	40000.0
339	2965.203	14.433	577.813	14.358	0.027	0.975	20000.0
340	2969.868	14.43	579.241	14.34	0.026	0.975	30000.0
341	2967.544	14.422	578.213	14.313	0.026	0.975	30000.0
342	2975.449	14.472	578.186	14.369	0.027	0.975	40000.0
343	2967.227	14.362	577.307	14.263	0.026	0.975	40000.0
344	2969.077	14.465	576.394	14.339	0.027	0.974	30000.0
345	2960.537	14.362	576.483	14.293	0.026	0.975	40000.0
346	2981.242	14.498	579.166	14.391	0.027	0.975	50000.0
347	2981.478	14.46	580.312	14.366	0.026	0.975	40000.0
348	2970.939	14.398	579.105	14.311	0.026	0.975	20000.0
349	2967.431	14.405	577.847	14.317	0.026	0.975	30000.0
350	2971.681	14.427	579.253	14.359	0.026	0.975	40000.0
351	2975.466	14.442	578.906	14.331	0.026	0.975	40000.0
352	2976.246	14.477	580.058	14.38	0.027	0.975	40000.0
353	2970.729	14.412	578.434	14.325	0.026	0.975	30000.0
354	2970.221	14.466	578.748	14.362	0.027	0.975	30000.0
355	2967.509	14.373	576.927	14.278	0.026	0.975	40000.0
356	2967.542	14.408	578.522	14.313	0.027	0.975	30000.0
357	2975.56	14.45	580.614	14.36	0.026	0.975	20000.0
358	2969.72	14.412	578.35	14.326	0.026	0.975	30000.0
359	2975.73	14.417	579.086	14.336	0.026	0.975	30000.0
360	2964.888	14.402	578.483	14.326	0.026	0.975	20000.0
361	2974.976	14.492	578.95	14.353	0.027	0.975	60000.0
362	2962.036	14.38	577.526	14.275	0.026	0.975	30000.0
363	2970.722	14.397	578.119	14.31	0.026	0.975	20000.0
364	2967.378	14.441	578.307	14.35	0.026	0.975	40000.0
365	2970.859	14.39	577.951	14.309	0.026	0.975	20000.0
366	2970.67	14.449	578.029	14.358	0.026	0.975	50000.0
367	2961.433	14.406	576.099	14.296	0.026	0.975	40000.0
368	2979.048	14.443	579.328	14.379	0.026	0.975	40000.0
369	2975.085	14.447	579.347	14.377	0.026	0.975	40000.0
370	2968.43	14.433	577.417	14.336	0.027	0.975	60000.0
371	2973.69	14.444	579.92	14.368	0.027	0.975	30000.0
372	2975.822	14.462	578.754	14.347	0.026	0.975	40000.0
373	2964.421	14.398	577.818	14.298	0.027	0.975	50000.0
374	2967.985	14.397	577.705	14.298	0.026	0.975	30000.0
375	2964.718	14.415	578.341	14.315	0.026	0.975	30000.0
376	2973.625	14.424	578.32	14.324	0.026	0.975	40000.0
377	2972.521	14.428	580.167	14.36	0.026	0.975	20000.0
378	2969.101	14.436	577.587	14.346	0.026	0.975	50000.0
379	2965.155	14.428	576.93	14.322	0.026	0.975	30000.0
380	2968.962	14.432	576.852	14.317	0.027	0.975	40000.0
381	2963.649	14.38	577.318	14.307	0.026	0.975	40000.0
382	2974.045	14.464	578.246	14.345	0.027	0.975	30000.0
383	2967.371	14.382	577.687	14.312	0.026	0.975	30000.0
384	2967.85	14.429	579.014	14.332	0.027	0.975	40000.0
385	2970.717	14.452	578.01	14.353	0.027	0.975	30000.0
386	2974.412	14.442	578.845	14.369	0.026	0.975	20000.0
387	2973.623	14.496	580.29	14.386	0.027	0.974	30000.0
388	2971.26	14.435	578.218	14.344	0.026	0.975	30000.0
389	2975.44	14.421	580.37	14.377	0.026	0.975	40000.0
390	2967.526	14.413	578.017	14.32	0.026	0.975	40000.0
391	2965.71	14.422	577.581	14.319	0.026	0.975	30000.0
392	2971.479	14.421	579.109	14.317	0.026	0.975	30000.0
393	2961.187	14.395	576.128	14.312	0.026	0.975	40000.0
394	2977.042	14.43	580.219	14.36	0.026	0.975	50000.0
395	2972.372	14.426	578.873	14.356	0.026	0.975	40000.0
396	2977.911	14.456	578.484	14.319	0.026	0.975	40000.0
397	2960.175	14.398	577.946	14.336	0.026	0.975	30000.0
398	2966.773	14.426	577.578	14.329	0.026	0.975	40000.0
399	2977.218	14.45	580.154	14.36	0.026	0.975	40000.0
400	2974.942	14.431	580.212	14.355	0.026	0.975	40000.0
401	2970.363	14.44	578.817	14.372	0.026	0.975	20000.0
402	2971.271	14.417	578.082	14.331	0.026	0.975	60000.0
403	2968.688	14.393	578.379	14.338	0.026	0.975	20000.0
404	2967.613	14.384	577.049	14.314	0.026	0.975	50000.0
405	2976.031	14.46	578.55	14.375	0.026	0.974	60000.0
406	2964.488	14.454	577.562	14.379	0.027	0.974	30000.0
407	2969.989	14.412	578.265	14.324	0.026	0.975	30000.0
408	2966.933	14.42	578.073	14.327	0.026	0.975	40000.0
409	2961.397	14.405	577.368	14.316	0.027	0.975	30000.0
410	2968.557	14.396	576.767	14.288	0.026	0.975	40000.0
411	2967.215	14.41	577.577	14.302	0.026	0.975	40000.0
412	2966.484	14.457	577.16	14.355	0.027	0.975	40000.0
413	2970.92	14.441	578.363	14.31	0.027	0.975	40000.0
414	2968.677	14.427	578.234	14.343	0.026	0.975	30000.0
415	2973.363	14.437	578.984	14.322	0.026	0.975	40000.0
416	2972.91	14.455	579.369	14.375	0.026	0.975	50000.0
417	2971.354	14.403	579.853	14.333	0.026	0.975	50000.0
418	2968.369	14.388	579.543	14.296	0.026	0.975	50000.0
419	2969.316	14.414	578.546	14.329	0.026	0.975	30000.0
420	2969.549	14.392	578.567	14.309	0.026	0.975	60000.0
421	2965.482	14.399	578.678	14.359	0.026	0.975	30000.0
422	2969.704	14.4	578.564	14.29	0.027	0.975	30000.0
423	2963.744	14.393	577.966	14.278	0.026	0.975	40000.0
424	2978.982	14.505	579.511	14.387	0.027	0.974	60000.0
425	2968.961	14.468	578.233	14.377	0.027	0.974	60000.0
426	2969.998	14.437	578.749	14.352	0.026	0.975	20000.0
427	2969.103	14.411	578.276	14.34	0.026	0.975	20000.0
428	2968.953	14.391	576.659	14.274	0.026	0.975	40000.0
429	2968.444	14.395	578.801	14.313	0.026	0.975	40000.0
430	2970.89	14.416	578.093	14.322	0.026	0.975	50000.0
431	2972.3	14.413	578.173	14.322	0.026	0.975	30000.0
432	2969.914	14.448	578.55	14.308	0.027	0.975	40000.0
433	2974.62	14.501	580.757	14.405	0.027	0.974	40000.0
434	2971.165	14.451	579.4	14.365	0.027	0.974	40000.0
435	2970.075	14.453	579.447	14.368	0.026	0.975	30000.0
436	2966.838	14.407	577.521	14.305	0.026	0.975	30000.0
437	2973.194	14.462	579.199	14.393	0.026	0.975	50000.0
438	2971.379	14.425	579.673	14.348	0.027	0.975	20000.0
439	2971.211	14.434	577.762	14.322	0.026	0.975	40000.0
440	2970.633	14.418	577.704	14.288	0.026	0.975	30000.0
441	2974.881	14.446	578.219	14.32	0.026	0.975	50000.0
442	2964.516	14.393	577.564	14.331	0.026	0.975	30000.0
443	2974.974	14.484	579.417	14.399	0.027	0.975	40000.0
444	2969.839	14.413	576.276	14.284	0.026	0.975	20000.0
445	2965.936	14.428	577.259	14.333	0.026	0.975	40000.0
446	2968.417	14.409	579.973	14.363	0.026	0.975	20000.0
447	2967.193	14.436	577.182	14.34	0.026	0.975	30000.0
448	2964.119	14.454	577.38	14.356	0.027	0.975	40000.0
449	2971.856	14.394	579.752	14.326	0.026	0.975	30000.0
450	2962.592	14.377	578.229	14.309	0.026	0.975	30000.0
451	2966.031	14.454	578.6	14.375	0.027	0.974	50000.0
452	2970.298	14.394	578.882	14.309	0.026	0.975	30000.0
453	2972.85	14.438	579.364	14.34	0.026	0.975	30000.0
454	2959.156	14.397	576.304	14.286	0.026	0.975	30000.0
455	2970.785	14.412	579.249	14.315	0.026	0.975	40000.0
456	2975.912	14.463	577.867	14.34	0.026	0.975	40000.0
457	2967.928	14.455	577.911	14.366	0.027	0.975	40000.0
458	2966.475	14.427	576.413	14.295	0.027	0.975	40000.0
459	2977.735	14.467	579.828	14.371	0.026	0.975	40000.0
460	2969.621	14.421	577.851	14.297	0.026	0.975	60000.0
461	2967.2	14.415	578.896	14.355	0.026	0.975	60000.0
462	2970.611	14.45	579.252	14.377	0.027	0.975	40000.0
463	2966.178	14.395	577.64	14.306	0.026	0.975	30000.0
464	2974.456	14.449	579.145	14.357	0.026	0.975	30000.0
465	2963.447	14.401	576.568	14.281	0.026	0.975	60000.0
466	2967.259	14.436	577.6	14.353	0.027	0.975	30000.0
467	2966.297	14.399	578.569	14.319	0.026	0.975	30000.0
468	2973.127	14.443	578.323	14.328	0.026	0.975	50000.0
469	2970.833	14.399	578.154	14.29	0.026	0.975	40000.0
470	2972.052	14.436	578.572	14.327	0.026	0.975	50000.0
471	2962.235	14.401	577.238	14.317	0.027	0.975	50000.0
472	2967.546	14.378	576.881	14.264	0.027	0.975	40000.0
473	2966.404	14.388	578.127	14.29	0.026	0.975	60000.0
474	2972.735	14.413	579.387	14.344	0.026	0.975	30000.0
475	2963.396	14.44	577.316	14.33	0.027	0.975	40000.0
476	2967.6	14.373	578.338	14.276	0.026	0.975	20000.0
477	2966.805	14.387	579.423	14.309	0.026	0.975	40000.0
478	2964.73	14.422	576.719	14.284	0.027	0.975	40000.0
479	2974.317	14.473	579.935	14.354	0.027	0.975	30000.0
480	2968.073	14.409	577.125	14.277	0.026	0.975	30000.0
481	2966.942	14.384	577.544	14.308	0.026	0.975	40000.0
482	2959.893	14.358	576.308	14.312	0.026	0.975	50000.0
483	2967.866	14.375	579.023	14.307	0.026	0.975	40000.0
484	2979.118	14.472	579.044	14.382	0.027	0.974	40000.0
485	2975.362	14.437	580.407	14.359	0.027	0.975	20000.0
486	2969.578	14.428	578.56	14.346	0.027	0.975	40000.0
487	2967.483	14.439	578.991	14.362	0.026	0.975	20000.0
488	2977.213	14.484	579.011	14.372	0.027	0.975	40000.0
489	2976.185	14.445	579.675	14.374	0.026	0.975	50000.0
490	2968.358	14.407	577.508	14.308	0.027	0.975	40000.0
491	2959.867	14.402	576.617	14.293	0.026	0.975	30000.0
492	2969.112	14.423	577.925	14.301	0.026	0.975	30000.0
493	2973.052	14.458	579.915	14.391	0.027	0.974	30000.0
494	2976.822	14.449	578.705	14.372	0.026	0.975	30000.0
495	2970.154	14.427	577.496	14.287	0.026	0.975	40000.0
496	2966.778	14.45	577.946	14.348	0.027	0.975	30000.0
497	2964.601	14.389	577.617	14.312	0.026	0.975	40000.0
498	2970.519	14.462	578.011	14.361	0.027	0.975	40000.0
499	2967.52	14.441	578.243	14.334	0.026	0.975	40000.0
500	2968.857	14.447	577.805	14.339	0.026	0.975	30000.0
