Samples	SBS96A	SBS96B	SBS96C	SBS96D	SBS96E	SBS96F	SBS96G	SBS96H	SBS96I	SBS96J	SBS96K
LP2000104-DNA_A01_vs_LP2000101-DNA_A01__pv	1650	17871	10329	1129	325	1921	432	5477	1032	1916	2367
LP2000105-DNA_A01_vs_LP2000102-DNA_A01__pv	2110	3921	5073	1050	116	4227	535	2327	4592	1903	2658
LP2000106-DNA_A01_vs_LP2000102-DNA_A01__pv	1163	3306	2870	920	727	1044	199	1742	3684	839	2993
LP2000107-DNA_A01_vs_LP2000102-DNA_A01__pv	1566	3713	4087	843	341	2465	304	2066	3707	1510	1565
LP2000108-DNA_A01_vs_LP2000103-DNA_A01__pv	803	171	275	701	930	1530	403	255	807	1014	1242
LP2000109-DNA_A01_vs_LP2000103-DNA_A01__pv	809	181	253	617	844	1120	352	234	784	879	1126
LP2000110-DNA_A01_vs_LP2000101-DNA_A01__pv	892	14002	8831	1029	933	486	361	3602	1048	846	441
LP2000111-DNA_A01_vs_LP2000102-DNA_A01__pv	406	807	722	154	17	284	0	370	817	352	673
LP2000112-DNA_A01_vs_LP2000102-DNA_A01__pv	729	1507	1569	355	180	679	143	804	1755	567	1286
LP2000113-DNA_A01_vs_LP2000103-DNA_A01__pv	795	208	250	612	959	1174	339	231	827	1015	1222
LP2000114-DNA_A01_vs_LP2000103-DNA_A01__pv	431	293	223	792	970	803	497	168	881	910	2192
LP2000325-DNA_A01_vs_LP2000317-DNA_A01__pv	1621	4078	5481	2118	1312	2373	983	2059	2043	2837	760
LP2000327-DNA_A01_vs_LP2000319-DNA_A01__pv	686	3825	5251	734	1040	781	394	2899	718	1664	598
LP2000328-DNA_A01_vs_LP2000320-DNA_A01__pv	813	1742	1606	1968	3521	1021	1274	1145	375	2186	583
LP2000329-DNA_A01_vs_LP2000321-DNA_A01__pv	1381	5214	3562	3005	1943	1275	717	1189	1811	1429	2346
LP2000330-DNA_A01_vs_LP2000316-DNA_A01__pv	1710	2046	997	1046	881	2831	687	1189	1847	1969	856
LP2000331-DNA_A01_vs_LP2000322-DNA_A01__pv	1090	912	1394	2396	1950	1101	456	418	1301	994	487
LP2000332-DNA_A01_vs_LP2000323-DNA_A01__pv	1171	6988	6731	3424	2001	2284	1085	2338	2970	1719	607
LP2000333-DNA_A01_vs_LP2000324-DNA_A01__pv	445	1904	2749	1122	1237	1441	535	554	1270	1015	567
LP2000334-DNA_A01_vs_LP2000324-DNA_A01__pv	693	2654	694	1183	770	738	121	933	1300	743	245
LP2000335-DNA_A01_vs_LP2000317-DNA_A01__pv	1525	3035	3544	1223	1099	1129	369	1176	1072	1919	241
LP2000336-DNA_A01_vs_LP2000316-DNA_A01__pv	708	567	338	1241	707	742	270	199	668	423	140
LP2000346-DNA_A01_vs_SM-4JPUU__pv	581	715	915	1880	3964	3865	1244	142	3353	629	778
LP2000350-DNA_A01_vs_SM-4JPUU__pv	1245	687	677	2379	3411	940	789	100	2637	1347	785
LP2000352-DNA_A01_vs_LP2000359-DNA_A01__pv	1319	4115	2731	1233	524	1835	38	4099	1457	1825	555
LP2000353-DNA_A01_vs_LP2000359-DNA_A01__pv	859	8339	11741	1096	351	2649	72	12810	1649	2205	645
LP2000355-DNA_A01_vs_LP2000359-DNA_A01__pv	1447	4083	3016	1232	472	2060	127	4344	1497	1945	705
LP2000356-DNA_A01_vs_LP2000359-DNA_A01__pv	1693	5217	2904	1247	303	2645	137	4542	1597	2192	798
LP2000357-DNA_A01_vs_LP2000359-DNA_A01__pv	1229	3961	3047	1357	470	1789	177	4671	1454	1891	622
LP2000366-DNA_A01_vs_SM-4JPUU__pv	544	1298	1028	1916	3619	3613	1204	43	3137	577	815
LP2000367-DNA_A01_vs_SM-4JPUU__pv	446	670	977	1973	3858	3924	1290	68	3262	649	839
LP2000368-DNA_A01_vs_SM-4JPUU__pv	518	654	953	1663	3383	3418	1061	95	2980	680	781
LP2000369-DNA_A01_vs_SM-4JPUU__pv	537	607	809	1628	3270	3094	913	76	2852	562	716
LP2000370-DNA_A01_vs_SM-4JPUU__pv	508	687	1025	2082	4118	4284	1349	93	3485	629	852
LP2000371-DNA_A01_vs_SM-4JPUU__pv	1313	639	758	2366	3471	965	725	91	2646	1291	769
LP2000372-DNA_A01_vs_LP2000359-DNA_A01__pv	1745	4901	2812	1207	312	2949	12	4802	1822	2376	960
LP2000373-DNA_A01_vs_LP2000359-DNA_A01__pv	901	3095	2527	1321	405	1276	270	3611	1070	1216	417
LP2101132-DNA_A01_vs_LP2101131-DNA_A01__pv	1564	8314	3295	2029	1410	2550	517	3211	3022	1713	680
LP2101136-DNA_A01_vs_LP2101133-DNA_A01__pv	2658	667	417	2333	1054	4618	248	422	1630	5136	2522
LP2101137-DNA_A01_vs_LP2101134-DNA_A01__pv	637	424	627	940	670	340	126	47	282	967	151
LP2101140-DNA_A01_vs_LP2101155-DNA_A01__pv	3487	2848	2296	3618	1492	8038	1110	1047	7916	4261	1997
LP2101141-DNA_A01_vs_LP2101139-DNA_A01__pv	1764	142	747	1138	2218	2183	736	547	563	2149	1651
LP2101142-DNA_A01_vs_LP2101143-DNA_A01__pv	1955	907	0	17009	1013	0	20013	2870	1287	2752	17
LP2101144-DNA_A01_vs_LP2101145-DNA_A01__pv	871	514	314	1102	1317	1634	907	186	896	2287	483
LP2101146-DNA_A01_vs_LP2101147-DNA_A01__pv	1979	537	695	1532	3203	1259	2133	318	2747	1995	300
LP2101148-DNA_A01_vs_LP2101149-DNA_A01__pv	3106	506	148	671	211	4672	103	573	715	4237	2081
LP2101151-DNA_A01_vs_LP2101152-DNA_A01__pv	1146	2093	2081	1125	1781	3281	1460	718	3267	4434	2173
LP2101153-DNA_A01_vs_LP2101154-DNA_A01__pv	4163	15112	11261	3503	2858	3235	2192	6436	1541	8732	1847
LP2101156-DNA_A01_vs_LP2101157-DNA_A01__pv	0	533	673	15827	2281	1461	48948	2828	1428	2712	0
LP2101158-DNA_A01_vs_LP2101159-DNA_A01__pv	1922	7580	6363	6333	1833	3500	1695	3361	5399	2092	1463
LP2101160-DNA_A01_vs_LP2101161-DNA_A01__pv	1480	3369	841	2016	2658	1325	809	1324	1150	1915	873
LP2101162-DNA_B01_vs_LP2101163-DNA_B01__pv	516	173	274	265	240	194	75	71	490	84	162
LP2101164-DNA_A01_vs_LP2101165-DNA_A01__pv	1723	315	191	1342	818	0	288	201	2345	2643	759
LP2101166-DNA_A01_vs_LP2101167-DNA_A01__pv	456	1396	643	1492	1901	797	1059	752	2756	2308	653
LP2101168-DNA_A01_vs_LP2101169-DNA_A01__pv	1221	131	254	1673	857	2137	229	122	477	2444	1029
LP2101170-DNA_A01_vs_LP2101511-DNA_A01__pv	1270	79	354	304	205	1822	358	220	674	736	484
LP2101512-DNA_A01_vs_LP2101513-DNA_A01__pv	1563	6359	7232	1539	1123	1281	809	1905	1745	3137	852
LP6005334-DNA_A02_vs_LP6005333-DNA_A02__pv	663	1160	2088	2611	1459	1073	810	642	2544	2925	848
LP6005334-DNA_A03_vs_LP6005333-DNA_A03__pv	1146	5133	1903	2754	1471	1642	799	1314	2983	2200	1125
LP6005334-DNA_A04_vs_LP6005333-DNA_A04__pv	1059	2048	2085	1725	738	1752	322	575	1290	1490	1835
LP6005334-DNA_B01_vs_SM-4JPUU__pv	653	529	640	1908	2923	535	638	151	2362	935	627
LP6005334-DNA_B02_vs_LP6005333-DNA_B02__pv	1458	2566	3453	4121	1809	1381	563	1831	3965	2171	834
LP6005334-DNA_C01_vs_LP6005333-DNA_C01__pv	2086	189	648	523	667	5697	315	338	1098	2208	2091
LP6005334-DNA_C02_vs_LP6005333-DNA_C02__pv	1011	452	243	734	259	2167	265	520	758	1237	961
LP6005334-DNA_C03_vs_LP6005333-DNA_C03__pv	1366	1084	1220	4188	1415	1065	1136	679	1277	2606	1157
LP6005334-DNA_D01_vs_LP6005333-DNA_D01__pv	152	0	1	73	61	58	0	0	9	118	206
LP6005334-DNA_D02_vs_LP6005333-DNA_D02__pv	1436	3921	12109	751	546	2864	347	2160	1348	1288	3058
LP6005334-DNA_D03_vs_LP6005333-DNA_D03__pv	904	143	203	792	56	1865	162	170	2333	591	2863
LP6005334-DNA_E01_vs_LP6005333-DNA_E01__pv	1731	918	1060	2557	1270	2462	1095	130	2189	3531	1628
LP6005334-DNA_E02_vs_LP6005333-DNA_E02__pv	307	864	1528	486	400	203	0	472	236	782	355
LP6005334-DNA_E03_vs_LP6005333-DNA_E03__pv	2502	1428	1212	788	198	5705	166	1052	892	5097	2570
LP6005334-DNA_F01_vs_LP6005333-DNA_F01__pv	1934	2015	2005	2785	1939	3649	1263	696	6134	2259	1797
LP6005334-DNA_F02_vs_LP6005333-DNA_F02__pv	1161	6040	9573	496	2388	2910	2636	7764	2967	2710	458
LP6005334-DNA_F03_vs_LP6005333-DNA_F03__pv	510	210	209	298	242	276	84	143	304	560	59
LP6005334-DNA_G01_vs_LP6005333-DNA_G01__pv	0	4143	3509	3076	6098	0	1547	2393	4032	1177	6754
LP6005334-DNA_G02_vs_LP6005333-DNA_G02__pv	1546	7601	6312	2272	2018	2619	609	3169	3104	3536	1691
LP6005334-DNA_G03_vs_LP6005333-DNA_G03__pv	780	2779	1027	1077	1317	809	214	1051	1467	1335	799
LP6005334-DNA_H01_vs_LP6005333-DNA_H01__pv	934	6125	2414	1984	5260	1499	1402	3488	3245	2229	1757
LP6005334-DNA_H02_vs_LP6005333-DNA_H02__pv	1572	16076	10897	1054	4133	2351	828	7483	3684	2158	395
LP6005334-DNA_H03_vs_LP6005333-DNA_H03__pv	318	6197	19720	2457	1814	1477	1328	4001	2982	3896	842
LP6005335-DNA_A01_vs_LP6005333-DNA_A03__pv	951	6024	2944	1822	1097	1004	613	1417	2475	1193	599
LP6005409-DNA_A01_vs_LP6005408-DNA_A01__pv	366	147	0	957	2055	701	807	211	1014	222	1398
LP6005409-DNA_A02_vs_LP6005408-DNA_A02__pv	918	1048	653	607	1029	2417	282	129	1359	1737	649
LP6005409-DNA_A03_vs_LP6005408-DNA_A03__pv	3372	12160	9483	11354	2400	2279	0	6979	1769	0	346
LP6005409-DNA_A04_vs_LP6005408-DNA_A04__pv	935	3526	4275	870	2648	1088	658	1490	1453	1218	1270
LP6005409-DNA_B01_vs_LP6005408-DNA_B01__pv	560	22269	21653	765	1679	842	782	14384	5335	1593	758
LP6005409-DNA_B02_vs_LP6005408-DNA_B02__pv	1558	570	995	3075	1657	2335	381	448	2336	1057	844
LP6005409-DNA_B04_vs_LP6005408-DNA_B04__pv	878	0	840	1042	0	1615	0	158	0	3142	3723
LP6005409-DNA_C01_vs_LP6005408-DNA_C01__pv	551	922	623	2220	1361	565	361	431	716	1006	871
LP6005409-DNA_C02_vs_LP6005408-DNA_C02__pv	475	945	499	818	496	384	35	269	1342	603	161
LP6005409-DNA_C04_vs_LP6005408-DNA_C04__pv	1067	304	227	754	956	3120	212	354	608	2747	696
LP6005409-DNA_D01_vs_LP6005408-DNA_D01__pv	2098	8010	12667	2552	2438	3231	0	3654	1489	3145	1085
LP6005409-DNA_D02_vs_LP6005408-DNA_D02__pv	3590	6098	8946	3619	2267	4545	265	1926	1910	3014	2418
LP6005409-DNA_D03_vs_LP6005408-DNA_D03__pv	1286	10036	20222	1827	2461	2303	421	5292	1451	2096	1163
LP6005409-DNA_E01_vs_LP6005408-DNA_E01__pv	1458	109	497	1633	1389	1686	202	193	1094	1165	955
LP6005409-DNA_E02_vs_LP6005408-DNA_E02__pv	613	1043	770	1551	1200	658	626	568	1144	1383	702
LP6005409-DNA_E03_vs_LP6005408-DNA_E03__pv	2514	3545	9624	2494	462	4448	330	2978	1847	4384	1452
LP6005409-DNA_F01_vs_LP6005408-DNA_F01__pv	721	9474	3987	1670	665	704	701	2807	2201	1209	133
LP6005409-DNA_F02_vs_LP6005408-DNA_F02__pv	387	3220	1506	1719	1856	753	655	1103	2414	946	1148
LP6005409-DNA_F03_vs_LP6005408-DNA_F03__pv	1115	118	182	1016	819	985	48	0	612	457	546
LP6005409-DNA_G02_vs_LP6005408-DNA_G02__pv	925	5906	3915	764	1262	2050	226	3306	785	1102	541
LP6005409-DNA_G03_vs_LP6005408-DNA_G03__pv	663	6907	9203	1890	2143	1230	557	1021	1325	2107	219
LP6005409-DNA_H01_vs_LP6005408-DNA_H01__pv	655	0	191	3163	907	1060	1481	426	664	2504	534
LP6005409-DNA_H02_vs_LP6005408-DNA_H02__pv	712	4303	3014	1611	1375	2185	789	1775	2003	1922	434
LP6005409-DNA_H03_vs_LP6005408-DNA_H03__pv	746	2461	3001	518	848	642	287	2066	411	894	150
LP6005496-DNA_A01_vs_LP6005408-DNA_B03__pv	4542	4231	3537	0	0	1311	19548	4650	1658	4753	1630
LP6005496-DNA_B01_vs_LP6005408-DNA_C03__pv	47	5962	1686	1788	3830	0	1218	2180	1672	460	1130
LP6005500-DNA_A01_vs_LP6005499-DNA_A01__pv	1056	1206	969	1480	1850	1486	723	448	1578	2456	1149
LP6005500-DNA_A02_vs_LP6005499-DNA_A02__pv	3201	1988	3975	3782	2252	4435	135	2154	1687	3031	689
LP6005500-DNA_A03_vs_LP6005499-DNA_A03__pv	1341	1745	2136	723	1324	2099	745	1054	1718	2146	1099
LP6005500-DNA_B01_vs_LP6005499-DNA_B01__pv	1544	2695	2928	1545	1492	1822	525	953	1132	1882	878
LP6005500-DNA_B02_vs_LP6005499-DNA_B02__pv	1260	8690	3897	2144	2699	2294	1074	4918	2163	4771	1189
LP6005500-DNA_B03_vs_LP6005499-DNA_B03__pv	2810	3582	3456	367	504	2839	127	1341	742	3731	698
LP6005500-DNA_C01_vs_LP6005499-DNA_C01__pv	1191	1635	1188	927	811	1277	500	574	2405	1114	594
LP6005500-DNA_C02_vs_LP6005499-DNA_C02__pv	833	1913	1556	4561	2568	1301	5368	943	1982	2672	523
LP6005500-DNA_C03_vs_LP6005499-DNA_C03__pv	1067	8024	4273	2238	3080	1920	557	2743	1144	297	59
LP6005500-DNA_D01_vs_LP6005499-DNA_D01__pv	1092	2631	1568	1245	1310	1318	611	1933	1763	1469	545
LP6005500-DNA_D02_vs_LP6005499-DNA_D02__pv	353	5548	3375	2532	1848	492	1284	2287	5950	2393	440
LP6005500-DNA_D03_vs_LP6005499-DNA_D03__pv	1083	2800	2837	1432	2912	1403	1007	2015	1263	1405	211
LP6005500-DNA_E02_vs_LP6005499-DNA_E02__pv	804	12169	13993	843	1638	643	306	5823	1345	2477	532
LP6005500-DNA_E03_vs_LP6005499-DNA_E03__pv	1082	12381	35498	104	2276	6110	1666	18322	1944	656	854
LP6005500-DNA_F01_vs_LP6005499-DNA_F01__pv	1261	4370	2526	792	1899	2392	577	2549	1873	1958	1659
LP6005500-DNA_F02_vs_LP6005499-DNA_F02__pv	2576	3762	879	4077	4657	3302	826	712	3065	1214	5851
LP6005500-DNA_F03_vs_LP6005499-DNA_F03__pv	0	413	2597	5883	2795	1128	4082	475	3307	5999	624
LP6005500-DNA_G01_vs_LP6005499-DNA_G01__pv	1266	13720	20504	1849	2692	1265	476	3928	1126	264	0
LP6005500-DNA_G02_vs_LP6005499-DNA_G02__pv	724	11	15	1697	381	315	0	0	137	200	509
LP6005500-DNA_G03_vs_LP6005499-DNA_G03__pv	1131	13428	1412	2145	1006	896	539	2512	1414	472	336
LP6005500-DNA_H01_vs_LP6005499-DNA_H01__pv	1148	1944	4347	2813	3298	1442	629	608	1544	2819	1054
LP6005500-DNA_H02_vs_LP6005499-DNA_H02__pv	1305	1196	4284	2898	233	1345	259	669	573	2413	3055
LP6005500-DNA_H03_vs_LP6005499-DNA_H03__pv	400	2051	5208	1362	1941	669	2089	1704	1180	5584	915
LP6005501-DNA_A01_vs_LP6005499-DNA_A01__pv	642	320	108	525	414	389	13	104	656	414	134
LP6005501-DNA_B01_vs_LP6005499-DNA_B01__pv	1588	2519	2617	1460	1600	1851	536	949	1117	2247	848
LP6005501-DNA_C01_vs_LP6005499-DNA_C01__pv	1545	1729	1334	3496	2304	980	1228	948	3920	2379	454
LP6005501-DNA_D01_vs_LP6005499-DNA_D01__pv	1059	1920	1295	2560	1539	1281	908	1405	2427	2010	1219
LP6005501-DNA_E01_vs_LP6005499-DNA_E01__pv	404	554	280	470	472	235	0	366	280	345	140
LP6005501-DNA_F01_vs_LP6005499-DNA_F01__pv	729	8623	3268	664	2942	385	507	4855	1856	2165	1112
LP6005690-DNA_A02_vs_LP6005689-DNA_A02__pv	1318	466	399	1638	1217	1020	979	474	3452	1504	598
LP6005690-DNA_B01_vs_LP6005689-DNA_B01__pv	1146	3330	3810	1221	1211	1347	349	999	1913	1470	528
LP6005690-DNA_B03_vs_LP6005777-DNA_A01__pv	704	8803	5610	1401	1338	1168	1129	6114	1455	1468	793
LP6005690-DNA_C02_vs_LP6005689-DNA_C02__pv	1527	446	154	3289	1799	2310	743	31	3032	1621	876
LP6005690-DNA_C03_vs_LP6005689-DNA_C03__pv	1047	10082	5161	1504	3584	1414	1704	3669	3899	1610	546
LP6005690-DNA_D02_vs_LP6005689-DNA_D02__pv	320	10194	11150	1697	3620	690	1160	5527	1122	2929	1135
LP6005690-DNA_D03_vs_LP6005689-DNA_D03__pv	1007	8727	10170	871	1172	1434	793	2662	1229	2117	1515
LP6005690-DNA_E01_vs_LP6005689-DNA_E01__pv	1160	6431	5376	1948	2466	2297	1759	2600	5746	2811	1514
LP6005690-DNA_E02_vs_LP6005689-DNA_E02__pv	9	2	0	16	7	0	0	3	0	3	4
LP6005690-DNA_E03_vs_LP6005689-DNA_E03__pv	1292	1656	887	1927	2154	1657	620	639	2233	549	0
LP6005690-DNA_F01_vs_LP6005689-DNA_F01__pv	1715	7223	6109	2128	2833	2308	435	2208	1873	2469	584
LP6005690-DNA_F02_vs_LP6005689-DNA_F02__pv	386	16316	6705	953	2853	905	0	10430	1295	207	746
LP6005690-DNA_F03_vs_LP6005689-DNA_F03__pv	1255	2079	1107	2062	3112	1730	572	1080	2035	1029	878
LP6005690-DNA_G02_vs_LP6005689-DNA_G02__pv	1211	7997	3990	1652	3080	1544	708	2389	2450	844	313
LP6005690-DNA_H02_vs_LP6005689-DNA_H02__pv	598	24908	15214	2128	2090	590	851	5357	1960	604	738
LP6005691-DNA_A01_vs_LP6005689-DNA_C01__pv	793	1192	765	2131	1177	915	464	556	2365	502	96
LP6005691-DNA_A02_vs_LP6005689-DNA_F03__pv	602	686	363	983	704	510	165	255	704	434	286
LP6005691-DNA_B01_vs_LP6005689-DNA_E01__pv	1716	7367	5511	2117	2510	1558	939	3093	5901	3289	1251
LP6005691-DNA_C01_vs_LP6005689-DNA_A02__pv	1341	348	332	2003	2137	575	128	98	2801	286	181
LP6005691-DNA_D01_vs_LP6005689-DNA_B02__pv	800	26037	24133	966	229	0	197	14269	1517	893	1070
LP6005691-DNA_E01_vs_LP6005689-DNA_D01__pv	1193	1444	720	643	427	190	0	765	301	1355	106
LP6005691-DNA_F01_vs_LP6005689-DNA_F01__pv	1276	7408	5845	1471	944	823	33	1788	1321	1530	412
LP6005691-DNA_G01_vs_LP6005689-DNA_G01__pv	76	4	0	81	35	19	0	7	15	29	7
LP6005691-DNA_H01_vs_LP6005689-DNA_H01__pv	445	1570	1344	436	506	136	19	708	675	374	162
LP6005935-DNA_A01_vs_LP6005979-DNA_A01__pv	1692	11359	7303	3560	6126	2508	1930	5258	4614	2369	216
LP6005935-DNA_A02_vs_LP6005934-DNA_A02__pv	465	2665	12377	1603	1300	1552	1486	2817	872	2316	1484
LP6005935-DNA_A03_vs_LP6005934-DNA_A03__pv	686	249	228	2415	1235	1062	1431	16	2033	1472	320
LP6005935-DNA_B01_vs_LP6005934-DNA_B01__pv	1506	488	694	490	1031	3100	587	648	1295	2977	628
LP6005935-DNA_B02_vs_LP6005934-DNA_B02__pv	2525	6425	6501	886	0	3627	0	3119	2019	5091	2557
LP6005935-DNA_B03_vs_LP6005934-DNA_B03__pv	1567	10168	19340	1388	0	2560	0	3363	3291	4531	2869
LP6005935-DNA_B04_vs_LP6005934-DNA_B04__pv	1388	821	850	3931	1832	2002	707	522	3547	1248	587
LP6005935-DNA_C01_vs_LP6005934-DNA_C01__pv	534	0	11719	7474	15720	11971	131936	1109	2881	0	0
LP6005935-DNA_C02_vs_LP6005979-DNA_B01__pv	2450	7406	5565	2803	3814	3908	607	1968	2266	1237	910
LP6005935-DNA_C03_vs_LP6005934-DNA_C03__pv	787	363	339	988	880	722	133	109	712	455	119
LP6005935-DNA_C04_vs_LP6005934-DNA_C04__pv	1048	14295	11063	2686	4409	1451	1726	11354	3759	3113	2024
LP6005935-DNA_D01_vs_LP6005934-DNA_D01__pv	2254	11907	6305	2291	3100	1368	759	3470	4475	1187	516
LP6005935-DNA_D02_vs_LP6005934-DNA_D02__pv	1853	8798	3913	568	1592	1854	471	3863	1240	1903	796
LP6005935-DNA_D04_vs_LP6005934-DNA_C03__pv	465	1048	829	826	1019	314	505	567	1512	704	129
LP6005935-DNA_E01_vs_LP6005934-DNA_E01__pv	1247	9780	11748	2803	1758	2048	898	8706	2084	2106	590
LP6005935-DNA_E02_vs_LP6005934-DNA_E02__pv	2024	4598	3062	1461	2069	3553	0	2405	1082	1907	221
LP6005935-DNA_E03_vs_LP6005934-DNA_E03__pv	1234	3422	2834	2033	3663	2194	142	955	1944	1045	768
LP6005935-DNA_E04_vs_LP6005934-DNA_E02__pv	816	2346	1555	976	577	699	187	997	1139	509	65
LP6005935-DNA_F01_vs_LP6005934-DNA_F01__pv	1580	71	108	406	180	2534	156	148	337	1374	1883
LP6005935-DNA_F02_vs_LP6005934-DNA_F02__pv	3422	27165	22300	0	4513	0	1814	37962	242	4694	1076
LP6005935-DNA_F03_vs_LP6005934-DNA_F03__pv	1369	126	1233	18655	5774	2679	30785	580	386	0	0
LP6005935-DNA_F04_vs_LP6007426-DNA_A01__pv	475	22959	16932	109	0	233	1178	8674	1670	1638	7208
LP6005935-DNA_G01_vs_LP6005934-DNA_G01__pv	804	3786	10647	2909	3927	416	1056	6520	573	1533	501
LP6005935-DNA_G02_vs_LP6005979-DNA_C01__pv	1243	699	506	2118	1230	3551	1536	568	5937	1996	1597
LP6005935-DNA_G03_vs_LP6005934-DNA_G03__pv	315	1017	322	787	1364	1176	501	0	1499	2429	722
LP6005935-DNA_H01_vs_LP6005934-DNA_H01__pv	1946	6365	4016	2187	1166	4033	598	3220	4038	3085	1599
LP6005935-DNA_H02_vs_LP6005934-DNA_H02__pv	2255	2469	2936	2432	656	3659	395	884	2013	4535	2286
LP6005935-DNA_H03_vs_LP6005934-DNA_H03__pv	4771	966	0	14905	1218	0	35511	2906	2230	2776	384
LP6007358-DNA_A01_vs_LP6007553-DNA_A01__pv	1167	2209	1458	1238	2007	1557	728	817	2852	1546	451
LP6007394-DNA_A01_vs_LP6007393-DNA_A01__pv	762	2802	2000	1786	885	995	0	1645	623	1680	167
LP6007396-DNA_A01_vs_LP6007395-DNA_A01__pv	2290	3184	2679	2453	2334	2252	315	1085	1811	1295	908
LP6007398-DNA_A01_vs_LP6007397-DNA_A01__pv	1439	1786	966	1671	4099	1642	870	313	1002	706	170
LP6007399-DNA_A01_vs_LP6007397-DNA_A01__pv	1388	1814	984	1649	3853	1558	871	258	998	727	190
LP6007401-DNA_A01_vs_LP6007400-DNA_A01__pv	2894	8367	9346	1519	988	3086	463	2388	1550	7231	1505
LP6007402-DNA_A01_vs_LP6007400-DNA_A01__pv	495	4834	4768	947	703	702	370	2347	1040	800	301
LP6007404-DNA_A01_vs_LP6007403-DNA_A01__pv	1203	395	852	1984	1336	1712	711	260	2221	1570	284
LP6007405-DNA_A01_vs_LP6007403-DNA_A01__pv	440	1211	965	560	325	401	94	505	781	551	46
LP6007407-DNA_A01_vs_LP6007406-DNA_A01__pv	411	6285	5309	2838	3963	2207	1343	6067	2689	2091	1008
LP6007409-DNA_A01_vs_LP6007408-DNA_A01__pv	1393	1288	752	3051	952	1688	376	337	1403	2303	544
LP6007410-DNA_A01_vs_LP6007408-DNA_A01__pv	1200	4197	3046	2299	1398	1146	307	1931	2270	2088	260
LP6007414-DNA_A02_vs_LP6007413-DNA_A02__pv	751	260	291	1779	1087	1179	886	216	2167	1733	649
LP6007416-DNA_A01_vs_LP6007415-DNA_A01__pv	1796	1471	1050	2518	3586	1898	852	451	2522	1824	762
LP6007418-DNA_A02_vs_LP6007417-DNA_A02__pv	3496	4823	2907	937	1333	2702	1492	1299	908	5144	865
LP6007420-DNA_A01_vs_LP6007419-DNA_A01__pv	1272	16499	10283	413	4310	615	121	5668	769	2723	3545
LP6007422-DNA_A01_vs_LP6007421-DNA_A01__pv	1267	1057	1045	1558	1462	1530	684	1069	1375	2025	205
LP6007424-DNA_A01_vs_LP6007423-DNA_A01__pv	2381	4999	1523	1089	1381	5806	384	2768	1181	2567	1465
LP6007425-DNA_A01_vs_LP6007423-DNA_A01__pv	2343	5180	1588	1089	1064	5934	393	2566	1168	2520	1497
LP6007427-DNA_A01_vs_LP6007426-DNA_A01__pv	561	29454	21329	139	0	1281	1115	10989	1678	2663	9434
LP6007428-DNA_A01_vs_LP6007426-DNA_A01__pv	1123	198	189	392	354	521	0	83	217	225	53
LP6007430-DNA_A01_vs_LP6007429-DNA_A01__pv	1173	3490	1402	3273	2395	1473	1273	740	3677	1807	579
LP6007432-DNA_A01_vs_LP6007431-DNA_A01__pv	0	16360	14123	483	232	2936	0	6496	97	3411	1986
LP6007434-DNA_A01_vs_LP6007433-DNA_A01__pv	122	4245	4403	1444	2105	5854	1045	2520	1961	1027	353
LP6007436-DNA_A01_vs_LP6007435-DNA_A01__pv	99	10621	8922	2070	2123	235	826	6358	1806	2997	1258
LP6007438-DNA_A01_vs_LP6007437-DNA_A01__pv	1299	32	269	712	668	1945	348	202	255	2020	1184
LP6007440-DNA_A01_vs_LP6007439-DNA_A01__pv	941	14159	19289	2523	2801	1986	1990	9794	2910	4403	2399
LP6007442-DNA_A01_vs_LP6007441-DNA_A01__pv	3897	7751	63747	1916	0	4117	1236	11423	7983	15805	2352
LP6007504-DNA_A01_vs_LP6007566-DNA_A01__pv	561	2164	1389	681	973	809	143	975	700	963	361
LP6007506-DNA_A01_vs_LP6007505-DNA_A01__pv	846	1779	1352	2202	2261	1610	538	918	2167	1253	1403
LP6007508-DNA_A01_vs_LP6007507-DNA_A01__pv	782	1468	835	1302	1858	1864	305	972	683	1398	750
LP6007512-DNA_A01_vs_LP6007511-DNA_A01__pv	1007	4961	4004	3624	2010	1446	768	2396	1474	2694	1387
LP6007514-DNA_A01_vs_LP6007513-DNA_A01__pv	1329	1145	457	1949	1432	1555	227	306	1650	2169	236
LP6007516-DNA_A01_vs_LP6007515-DNA_A01__pv	2180	878	1097	1755	1018	4858	357	379	1240	2460	1321
LP6007518-DNA_A01_vs_LP6007517-DNA_A01__pv	2870	9778	9880	332	2568	6359	520	6368	2149	1214	1450
LP6007520-DNA_A01_vs_LP6007519-DNA_A01__pv	976	860	430	1586	966	1640	627	275	2121	1530	436
LP6007521-DNA_A01_vs_LP6007519-DNA_A01__pv	640	116	161	860	476	609	152	125	735	533	164
LP6007523-DNA_A01_vs_LP6007522-DNA_A01__pv	1067	403	587	2146	1672	1541	551	357	3207	2303	417
LP6007529-DNA_A01_vs_LP6007528-DNA_A01__pv	711	4563	4507	1879	4140	192	708	2602	3138	1899	1578
LP6007531-DNA_A01_vs_LP6007530-DNA_A01__pv	2414	5798	11158	1869	1126	2376	167	3031	927	4403	1592
LP6007533-DNA_A01_vs_LP6007532-DNA_A01__pv	649	787	288	1253	1145	824	500	386	1291	1448	1085
LP6007535-DNA_A01_vs_LP6007534-DNA_A01__pv	510	1208	108	810	1281	417	408	458	755	1172	945
LP6007536-DNA_A01_vs_LP6007534-DNA_A01__pv	639	768	135	632	642	947	398	257	695	1130	2649
LP6007538-DNA_A01_vs_LP6007537-DNA_A01__pv	642	9056	4441	1338	1563	745	939	3237	2193	1929	1030
LP6007540-DNA_A01_vs_LP6007539-DNA_A01__pv	1010	3016	3706	2612	1274	1113	567	818	2645	1398	386
LP6007542-DNA_A01_vs_LP6007541-DNA_A01__pv	2344	3451	2225	2572	0	5521	750	1920	2553	5674	3729
LP6007544-DNA_A01_vs_LP6007569-DNA_A01__pv	1670	1568	2396	2334	2228	1568	649	650	3424	2065	560
LP6007546-DNA_A01_vs_LP6007568-DNA_A01__pv	548	638	1697	2271	2256	410	426	344	1462	657	959
LP6007548-DNA_A01_vs_LP6007547-DNA_A01__pv	226	939	600	551	930	0	387	593	785	805	653
LP6007550-DNA_A01_vs_LP6007549-DNA_A01__pv	557	8146	9495	2078	1981	864	895	1702	2320	1837	1672
LP6007552-DNA_A01_vs_LP6007551-DNA_A01__pv	1420	2557	3284	1073	1597	2499	386	1235	1495	2185	2525
LP6007567-DNA_A01_vs_LP6007524-DNA_A01__pv	1663	3200	3263	2109	1337	2106	326	0	1509	1948	665
LP6007591_vs_LP6007590__pv	0	6494	22775	4718	6391	1209	1155	6627	2306	3815	2821
LP6007592_vs_LP6007590__pv	1071	1469	1077	2270	871	889	211	440	1501	1055	499
LP6007594_vs_LP6007593__pv	1665	429	551	3408	1571	2163	1549	474	2848	2383	274
LP6007595_vs_LP6007593__pv	713	2219	1601	1425	866	985	632	931	1784	1162	0
LP6007597_vs_LP6007596__pv	554	13832	0	2106	1854	5123	1052	10394	2686	101	235
LP6007598_vs_LP6007596__pv	320	4971	0	825	658	771	436	2314	1267	568	157
LP6007600_vs_LP6007599__pv	1394	138	71	999	1120	1082	139	0	614	410	0
LP6007602_vs_LP6007601__pv	1700	14128	36131	358	0	2267	286	4247	0	4562	1284
LP6008017-DNA_A01_vs_LP6008018-DNA_B01__pv	354	15016	12435	1333	1289	2404	1080	4762	1918	1498	56
LP6008017-DNA_A02_vs_LP6008018-DNA_B01__pv	0	30023	13983	1223	958	2882	1193	7507	2153	40	156
LP6008017-DNA_A03_vs_LP6008018-DNA_C01__pv	1174	15505	13993	1873	2259	1363	880	8105	3970	702	456
LP6008017-DNA_A04_vs_LP6008018-DNA_A01__pv	0	5551	3114	2620	5170	0	1656	2647	2293	2287	4404
LP6008017-DNA_B01_vs_LP6008018-DNA_B01__pv	0	21155	15805	1304	1203	2458	956	6754	1909	882	65
LP6008017-DNA_B02_vs_LP6008018-DNA_B01__pv	229	15079	11961	1108	1170	2103	934	4599	1780	1417	100
LP6008017-DNA_B03_vs_LP6008018-DNA_C01__pv	1216	15751	14190	1999	2246	2112	1089	8000	4050	442	487
LP6008017-DNA_B04_vs_LP6008018-DNA_A01__pv	470	2756	1608	1006	1329	192	535	1259	1223	1113	736
LP6008017-DNA_C01_vs_LP6008018-DNA_B01__pv	245	29365	21187	1133	1393	3120	1184	5430	2066	1038	120
LP6008017-DNA_C02_vs_LP6008018-DNA_C01__pv	1275	15243	13660	1719	2095	1720	763	7752	3909	451	394
LP6008017-DNA_C03_vs_LP6008018-DNA_C01__pv	1120	15430	14181	1857	2214	1751	922	8175	3920	478	429
LP6008017-DNA_C04_vs_LP6008018-DNA_C01__pv	38	1	6	18	31	9	19	0	6	0	7
LP6008017-DNA_D01_vs_LP6008018-DNA_B01__pv	0	21502	17470	1288	1308	2465	914	6899	2050	1403	1
LP6008017-DNA_D02_vs_LP6008018-DNA_C01__pv	1230	15575	13925	1842	2229	2901	867	8381	4049	671	454
LP6008017-DNA_D03_vs_LP6008018-DNA_A01__pv	1037	5217	3272	2680	2830	853	1141	2279	2341	2145	2469
LP6008017-DNA_E01_vs_LP6008018-DNA_B01__pv	515	27560	19878	1091	1170	3760	1345	5897	2143	307	193
LP6008017-DNA_E02_vs_LP6008018-DNA_C01__pv	815	15433	13849	1736	2595	4949	981	8610	4128	0	339
LP6008017-DNA_E03_vs_LP6008018-DNA_A01__pv	624	5061	3132	2204	2737	652	1133	2296	2249	2159	1691
LP6008017-DNA_F01_vs_LP6008018-DNA_B01__pv	0	15898	13999	1225	1190	3699	1295	5493	2258	1043	70
LP6008017-DNA_F02_vs_LP6008018-DNA_C01__pv	956	15862	14674	1849	2361	2646	918	8982	4044	660	405
LP6008017-DNA_F03_vs_LP6008018-DNA_A01__pv	330	3787	2262	1274	2363	0	630	1676	1447	1448	1764
LP6008017-DNA_G01_vs_LP6008018-DNA_B01__pv	245	18153	13564	1352	1337	2485	1133	5041	1944	1542	76
LP6008017-DNA_G02_vs_LP6008018-DNA_C01__pv	977	17016	15739	1779	2361	4609	1295	9319	4295	127	666
LP6008017-DNA_G03_vs_LP6008018-DNA_A01__pv	573	5348	3036	2375	3272	848	1182	2291	2582	2393	2761
LP6008017-DNA_H01_vs_LP6008018-DNA_B01__pv	386	21656	18639	1173	1167	3399	1093	6407	2163	597	111
LP6008017-DNA_H02_vs_LP6008018-DNA_C01__pv	1113	15565	13867	1758	2116	4000	928	7774	4112	171	501
LP6008017-DNA_H03_vs_LP6008018-DNA_A01__pv	0	7100	3124	2631	5193	0	1801	2835	2295	1927	4433
LP6008031-DNA_A01_vs_LP6008032-DNA_A01__pv	2952	2575	1687	744	0	4576	1319	1484	2254	3340	4793
LP6008031-DNA_A02_vs_LP6008032-DNA_C02__pv	2022	2686	2275	3012	4106	2804	1938	1107	5670	2402	3404
LP6008031-DNA_A03_vs_LP6008032-DNA_E03__pv	876	1016	565	1875	1856	845	583	384	2413	808	748
LP6008031-DNA_A04_vs_LP6008032-DNA_D03__pv	286	11124	6583	1813	1762	576	370	3848	1332	2604	997
LP6008031-DNA_B01_vs_LP6008032-DNA_B01__pv	942	2068	2587	1643	1238	923	259	440	815	942	672
LP6008031-DNA_B02_vs_LP6008032-DNA_D02__pv	759	801	795	2378	1550	2566	947	399	5139	1337	626
LP6008031-DNA_B03_vs_LP6008032-DNA_F03__pv	1406	152	309	2265	1133	1047	394	206	1906	928	1104
LP6008031-DNA_B04_vs_LP6008032-DNA_C02__pv	833	147	206	683	691	590	138	176	941	407	96
LP6008031-DNA_C01_vs_LP6008032-DNA_C01__pv	1553	3863	7096	4196	2773	2853	1276	1766	3401	2167	1586
LP6008031-DNA_C02_vs_LP6008032-DNA_E02__pv	1644	4110	2309	3071	1416	2190	262	1083	2950	2791	398
LP6008031-DNA_C03_vs_LP6008032-DNA_G03__pv	13	0	0	94	0	27	0	1	24	15	7
LP6008031-DNA_D01_vs_LP6008032-DNA_D01__pv	936	3025	1248	733	1587	2600	540	1150	1621	1125	671
LP6008031-DNA_D02_vs_LP6008032-DNA_F02__pv	882	4649	3490	1821	832	1234	979	2919	1890	1927	555
LP6008031-DNA_D03_vs_LP6008032-DNA_H03__pv	1710	476	492	1228	2992	2925	529	315	2510	1391	1239
LP6008031-DNA_E01_vs_LP6008032-DNA_E01__pv	5571	6717	644	7575	171	0	29208	2815	3332	9910	297
LP6008031-DNA_E02_vs_LP6008032-DNA_G02__pv	1364	8627	3147	1877	3004	2439	823	2821	5555	1090	537
LP6008031-DNA_E03_vs_LP6008032-DNA_A04__pv	4567	6091	5404	11304	1735	552	55553	4688	2405	2280	386
LP6008031-DNA_F01_vs_LP6008032-DNA_F01__pv	1296	2679	2257	1743	1336	1667	587	1415	2634	1361	454
LP6008031-DNA_F02_vs_LP6008032-DNA_H02__pv	470	1749	1519	907	1015	515	0	2107	356	570	220
LP6008031-DNA_F03_vs_LP6008032-DNA_H01__pv	2767	8831	8368	3872	2646	3968	704	2696	2194	3576	1277
LP6008031-DNA_G01_vs_LP6008032-DNA_G01__pv	686	3846	3949	1326	994	1639	369	2482	1271	2958	801
LP6008031-DNA_G02_vs_LP6008032-DNA_A03__pv	1735	1398	870	1423	1626	2783	821	391	1807	2412	1193
LP6008031-DNA_G03_vs_LP6008032-DNA_A02__pv	3152	6482	1354	272	81	7514	131	3099	3103	10386	2866
LP6008031-DNA_H01_vs_LP6008032-DNA_B02__pv	1004	3847	3509	3273	2255	1146	1282	1310	1596	3298	474
LP6008031-DNA_H02_vs_LP6008032-DNA_B03__pv	2865	666	1360	8454	2049	813	28303	480	2852	2721	270
LP6008031-DNA_H03_vs_LP6008032-DNA_C03__pv	3573	9299	19676	10826	3014	0	25490	4577	1037	0	0
LP6008051-DNA_A01_vs_LP6008050-DNA_C02__pv	909	141	0	1284	1766	801	55	12	1387	798	1396
LP6008051-DNA_A02_vs_LP6008050-DNA_E01__pv	970	2054	1514	1420	1708	1435	702	1020	1232	1484	281
LP6008051-DNA_A03_vs_LP6008050-DNA_G02__pv	2549	4730	27740	848	126	3113	1298	3323	1522	5741	2192
LP6008051-DNA_B01_vs_LP6008138-DNA_B03__pv	689	3700	5481	769	2518	1542	745	5191	703	1368	196
LP6008051-DNA_B02_vs_LP6008050-DNA_F01__pv	873	3741	2779	3859	2209	974	873	1714	3971	1348	1526
LP6008051-DNA_B03_vs_LP6008050-DNA_G02__pv	2423	4400	26781	933	0	3004	852	3004	1206	5802	2093
LP6008051-DNA_C01_vs_LP6008050-DNA_E02__pv	844	4258	3835	2626	2137	1079	875	2665	1966	2633	813
LP6008051-DNA_C02_vs_LP6008050-DNA_G01__pv	2510	1895	4841	1072	795	2536	240	463	698	4063	1123
LP6008051-DNA_C03_vs_LP6008050-DNA_G02__pv	2847	4662	27674	976	85	3151	1410	3464	1450	7112	2273
LP6008051-DNA_D01_vs_LP6008050-DNA_F02__pv	1789	4366	3114	3417	1796	2297	936	1553	3968	3851	774
LP6008051-DNA_D03_vs_LP6008050-DNA_G02__pv	1472	4018	26938	1097	713	3019	1081	3131	1989	4665	1978
LP6008051-DNA_E01_vs_LP6008050-DNA_A01__pv	2700	2657	2130	1729	1605	2799	433	1319	1314	3394	328
LP6008051-DNA_E02_vs_LP6008050-DNA_A02__pv	0	2609	1043	1800	923	12200	610	226	3498	750	0
LP6008051-DNA_E03_vs_LP6008050-DNA_G02__pv	2102	4593	26856	1007	527	2724	1110	3133	1429	4985	1802
LP6008051-DNA_F01_vs_LP6008050-DNA_B01__pv	1640	4264	2221	2775	2365	1608	420	926	2079	2077	399
LP6008051-DNA_F02_vs_LP6008050-DNA_B02__pv	3688	1379	841	1830	0	8644	696	1125	2497	4525	3330
LP6008051-DNA_F03_vs_LP6008050-DNA_G02__pv	1990	4557	26686	1156	474	2445	1055	3167	1245	4998	1832
LP6008051-DNA_G01_vs_LP6008050-DNA_C01__pv	1195	861	2750	674	1247	1211	995	1134	749	2306	3666
LP6008051-DNA_G02_vs_LP6008050-DNA_B02__pv	469	329	68	1116	523	509	234	152	1017	488	267
LP6008051-DNA_G03_vs_LP6008050-DNA_G02__pv	2183	4724	26983	883	515	2742	1574	3286	1457	6202	1933
LP6008051-DNA_H03_vs_LP6008050-DNA_G02__pv	2136	4574	26726	986	290	2852	1048	3104	1277	5083	1941
LP6008139-DNA_A01_vs_LP6008140-DNA_A01__pv	1494	4991	7426	1309	1010	4426	847	2506	2063	2115	619
LP6008139-DNA_A02_vs_LP6008140-DNA_A01__pv	1306	4868	6481	999	1069	3636	768	2171	1854	1855	502
LP6008139-DNA_A03_vs_LP2000102-DNA_A01__pv	1298	3560	3761	784	101	3980	994	2084	4728	445	4377
LP6008139-DNA_B01_vs_LP6008140-DNA_A01__pv	1727	5288	7457	1330	1040	5045	853	2063	2235	1679	577
LP6008139-DNA_B02_vs_LP6008140-DNA_A01__pv	939	4157	5023	734	709	2276	707	1780	1203	1743	448
LP6008139-DNA_B03_vs_LP6005408-DNA_H03__pv	1450	5896	7689	1416	1609	2619	1272	5696	995	2606	469
LP6008139-DNA_C01_vs_LP6008140-DNA_A01__pv	1444	4721	5992	1275	1009	2989	644	2178	1823	2272	515
LP6008139-DNA_C02_vs_LP6008140-DNA_A01__pv	1863	3613	11729	1092	747	4309	1341	2271	1703	1967	646
LP6008139-DNA_C03_vs_LP6005408-DNA_H03__pv	1496	5842	7687	1442	1632	2242	1244	5631	862	2641	464
LP6008139-DNA_D01_vs_LP6008140-DNA_A01__pv	1698	4758	5212	1409	1177	2879	713	1857	1877	2202	489
LP6008139-DNA_D02_vs_LP6008140-DNA_A01__pv	1386	4515	7339	1120	878	3654	1133	2265	1741	2174	556
LP6008139-DNA_D03_vs_LP6008140-DNA_A01__pv	482	6176	4399	1024	809	577	391	2972	1169	951	306
LP6008139-DNA_E01_vs_LP6008140-DNA_A01__pv	1883	3663	11403	1033	605	4122	1704	2472	1783	2126	793
LP6008139-DNA_E02_vs_LP6008140-DNA_A01__pv	1311	5261	7138	1314	1171	4575	1108	2281	2035	1829	571
LP6008139-DNA_F01_vs_LP6008140-DNA_A01__pv	1558	5075	7650	1259	1082	4373	1230	2507	1892	2164	614
LP6008139-DNA_F02_vs_LP6008140-DNA_A01__pv	1664	5216	5187	1468	1203	2618	670	2201	2196	2083	522
LP6008139-DNA_G01_vs_LP6008140-DNA_A01__pv	1507	5254	7032	1314	1219	4865	1135	2584	2216	2106	636
LP6008139-DNA_G02_vs_LP6008140-DNA_A01__pv	151	3444	2688	212	258	0	146	1722	266	423	32
LP6008139-DNA_H01_vs_LP6008140-DNA_A01__pv	1296	5228	6223	1151	1140	3829	1100	2387	1980	2070	564
LP6008139-DNA_H02_vs_LP2000102-DNA_A01__pv	1386	3569	3731	868	17	4226	1012	2062	4854	361	4433
LP6008141-DNA_A01_vs_LP6008138-DNA_A01__pv	1354	7659	1765	5151	2122	1734	671	1731	3738	1782	1018
LP6008141-DNA_A02_vs_LP6008138-DNA_A02__pv	2526	53471	13014	1247	1240	2239	343	438	4641	5408	567
LP6008141-DNA_A03_vs_LP6008138-DNA_F01__pv	534	3678	3369	730	478	427	271	1401	451	590	237
LP6008141-DNA_B01_vs_LP6008138-DNA_B01__pv	1204	3220	5207	2235	3913	301	498	2273	1645	1321	1136
LP6008141-DNA_B02_vs_LP6008138-DNA_B02__pv	1076	3165	947	2077	3788	1804	827	1303	3104	482	21
LP6008141-DNA_B03_vs_LP6008138-DNA_H01__pv	1019	2916	2621	2229	856	684	209	1080	1781	1340	67
LP6008141-DNA_C01_vs_LP6008138-DNA_C01__pv	914	3105	2477	2062	1795	525	1006	1269	3255	1415	1033
LP6008141-DNA_C02_vs_LP6008138-DNA_C02__pv	2068	14533	21406	2806	2246	2922	1348	5211	3128	2586	210
LP6008141-DNA_C03_vs_LP6008032-DNA_A03__pv	1623	1353	842	1442	1564	2630	834	394	1781	2356	1190
LP6008141-DNA_D01_vs_LP6008138-DNA_D01__pv	2178	991	3325	1108	0	6311	765	763	2363	5264	10489
LP6008141-DNA_D02_vs_LP6008138-DNA_D02__pv	1291	8373	33676	451	0	3619	1017	5335	0	7920	7191
LP6008141-DNA_E01_vs_LP6008138-DNA_E01__pv	1904	2896	3515	2231	601	2207	540	1426	1762	5331	1730
LP6008141-DNA_E02_vs_LP6008138-DNA_E02__pv	1878	5015	5696	1790	1517	3104	737	3444	1336	1172	1734
LP6008141-DNA_F01_vs_LP6008138-DNA_F01__pv	1595	2761	2054	619	1268	2949	530	1743	703	1544	893
LP6008141-DNA_F02_vs_LP6008138-DNA_F02__pv	1204	13368	21680	768	2322	2491	758	7348	2026	2684	882
LP6008141-DNA_G01_vs_LP6008138-DNA_G01__pv	1029	758	494	2170	3007	1041	827	173	1240	841	585
LP6008141-DNA_G02_vs_LP6008138-DNA_G02__pv	191	7355	7566	1804	1921	952	877	4213	2494	2379	905
LP6008141-DNA_H01_vs_LP6008138-DNA_H01__pv	1951	651	474	783	765	3376	380	719	1037	2926	841
LP6008141-DNA_H02_vs_LP6008138-DNA_H02__pv	566	1820	762	1531	2672	1759	951	526	5360	848	752
LP6008143-DNA_A01_vs_LP6008144-DNA_A01__pv	1469	3953	5530	3724	1702	3249	656	4836	3338	1471	292
LP6008143-DNA_A02_vs_LP6008144-DNA_A01__pv	1309	2429	3196	3456	1361	2433	543	2268	3074	1117	297
LP6008143-DNA_B01_vs_LP6008144-DNA_A01__pv	1441	3687	5121	3498	1546	3183	681	4423	3289	1303	295
LP6008143-DNA_B02_vs_LP6008144-DNA_A01__pv	478	1619	1747	902	480	631	57	1822	1105	624	31
LP6008143-DNA_C01_vs_LP6008144-DNA_A01__pv	1610	7523	6128	3743	1655	3816	757	7432	3473	1630	307
LP6008143-DNA_C02_vs_LP6008144-DNA_A01__pv	2025	14172	7002	3409	1087	3949	979	12038	3453	1301	380
LP6008143-DNA_D01_vs_LP6008144-DNA_A01__pv	1287	6220	6867	3555	1646	3870	690	7224	3390	1503	217
LP6008143-DNA_D02_vs_LP6008144-DNA_A01__pv	1505	6172	5728	3570	1584	3924	780	6680	3423	1330	281
LP6008143-DNA_E01_vs_LP6008144-DNA_A01__pv	1433	5963	5441	3536	1547	3460	656	6481	3315	1506	275
LP6008143-DNA_E02_vs_LP6008144-DNA_A01__pv	1341	6015	5509	3386	1541	3561	711	6481	3288	1568	267
LP6008143-DNA_F01_vs_LP6008144-DNA_A01__pv	69	148	244	122	47	118	0	164	178	71	15
LP6008143-DNA_F02_vs_LP6008144-DNA_A01__pv	1640	7078	6346	3631	1730	4192	730	7311	3444	1535	268
LP6008143-DNA_G01_vs_LP6008144-DNA_A01__pv	1348	4671	4830	3605	1492	3065	662	5265	3277	1457	343
LP6008143-DNA_G02_vs_LP6008144-DNA_A01__pv	1498	6144	5652	3548	1604	3629	722	6585	3392	1483	241
LP6008143-DNA_H01_vs_LP6008144-DNA_A01__pv	1440	5335	4797	2926	1419	3107	450	5767	2951	1345	227
LP6008143-DNA_H02_vs_LP6008144-DNA_A01__pv	1525	8123	6640	3473	1491	3930	678	7958	3333	1474	263
LP6008202-DNA_A01_vs_LP6008201-DNA_A01__pv	117146	2640	1901	15785	26041	14954	6247	2933	2696	9424	3380
LP6008202-DNA_A02_vs_LP6008201-DNA_A02__pv	2349	12205	18490	1483	1871	218	526	6799	399	296	2209
LP6008202-DNA_A03_vs_LP6008201-DNA_A03__pv	718	51	118	176	0	1227	0	122	801	844	1683
LP6008202-DNA_B01_vs_LP6008201-DNA_B01__pv	1280	6852	11053	1126	1572	3474	1037	4813	2788	3525	2541
LP6008202-DNA_B02_vs_LP6008201-DNA_B02__pv	860	2876	2300	3451	1931	5000	1498	2292	3860	1153	448
LP6008202-DNA_B03_vs_LP6008201-DNA_B03__pv	86	0	3692	96	165	66	0	217	22	307	98
LP6008202-DNA_C01_vs_LP6008201-DNA_C01__pv	22397	5037	5321	4236	6401	4720	1577	1067	3036	4986	2154
LP6008202-DNA_C02_vs_LP6008201-DNA_C02__pv	590	1195	644	1170	1318	275	1056	702	1377	1545	635
LP6008202-DNA_C03_vs_LP6008201-DNA_C03__pv	542	3443	2987	2051	1434	3407	875	1620	1599	1640	222
LP6008202-DNA_D01_vs_LP6008201-DNA_D01__pv	50538	29	371	6539	10529	4788	2103	878	1182	4678	1495
LP6008202-DNA_D02_vs_LP6008201-DNA_D02__pv	1359	1036	1143	2677	1238	2549	531	292	2505	2476	1361
LP6008202-DNA_D03_vs_LP6008201-DNA_D03__pv	192	4604	2960	490	1557	960	806	2786	1352	807	2958
LP6008202-DNA_E01_vs_LP6008201-DNA_E01__pv	0	6482	6092	1712	990	20886	3394	1436	4102	422	1338
LP6008202-DNA_E02_vs_LP6008201-DNA_E02__pv	2807	2115	1387	1734	2162	809	484	867	1396	900	189
LP6008202-DNA_E03_vs_LP6008201-DNA_D01__pv	40040	59	317	4765	9043	4786	1673	1041	1762	4561	1629
LP6008202-DNA_F02_vs_LP6008201-DNA_F02__pv	1606	1817	986	2130	2630	1464	684	1062	1671	854	354
LP6008202-DNA_G01_vs_LP6008201-DNA_G01__pv	5915	399	492	1802	2168	1000	2049	503	3902	1472	424
LP6008202-DNA_G02_vs_LP6008201-DNA_G02__pv	1962	7843	5123	684	1117	2913	506	3922	1195	1679	1288
LP6008202-DNA_H01_vs_LP6008201-DNA_H01__pv	14828	4078	6590	3340	5045	2203	986	5063	1432	2547	809
LP6008202-DNA_H02_vs_LP6008201-DNA_H02__pv	1100	4239	1935	1293	2230	983	821	2129	1053	2394	1440
LP6008208-DNA_A01_vs_LP6008203-DNA_A01__pv	845	0	37	1180	632	759	279	9	876	948	408
LP6008208-DNA_A02_vs_LP6005979-DNA_A01__pv	644	19730	14750	2039	2078	2105	1144	9621	1981	2503	1222
LP6008208-DNA_B01_vs_LP6008203-DNA_A01__pv	133	10	3	83	47	53	0	0	55	86	88
LP6008208-DNA_B02_vs_LP6005979-DNA_A01__pv	54	0	1	2	3	0	4	0	0	31	0
LP6008208-DNA_C01_vs_LP6008203-DNA_A01__pv	753	28	16	1325	723	749	567	8	1427	1095	458
LP6008208-DNA_C02_vs_LP6005979-DNA_A01__pv	0	4862	5103	3097	4798	3278	2238	1709	2367	1046	589
LP6008208-DNA_D01_vs_LP6008203-DNA_A01__pv	809	0	36	1332	700	540	389	26	780	1181	349
LP6008208-DNA_E01_vs_LP6008203-DNA_A01__pv	780	0	30	1361	711	525	417	2	783	1089	346
LP6008208-DNA_F01_vs_LP6008203-DNA_A01__pv	804	2	27	1326	671	607	400	32	717	1196	402
LP6008208-DNA_G01_vs_LP6008203-DNA_A01__pv	730	11	40	1166	629	501	340	21	579	1039	391
LP6008208-DNA_H01_vs_LP6005979-DNA_A01__pv	25	4712	5029	3029	4643	3210	2267	1637	2364	861	486
LP6008221-DNA_A01_vs_LP6008220-DNA_A01__pv	436	15096	9785	1544	1646	199	594	4395	1347	805	682
LP6008221-DNA_A02_vs_LP6008220-DNA_A02__pv	2408	257	546	2193	550	3141	1090	1003	5515	2836	676
LP6008221-DNA_A03_vs_LP6008220-DNA_A03__pv	1377	1368	675	3238	1729	1494	421	238	3497	1780	608
LP6008221-DNA_A04_vs_LP6008050-DNA_H01__pv	2450	2941	3244	1231	576	7030	508	1635	1307	4349	962
LP6008221-DNA_B01_vs_LP6008220-DNA_B01__pv	480	0	97	276	126	281	60	72	345	276	248
LP6008221-DNA_B02_vs_LP6008220-DNA_B02__pv	1536	998	2917	709	1262	1583	218	1121	911	1956	1323
LP6008221-DNA_B03_vs_LP6008220-DNA_B03__pv	1421	5470	3072	2076	3031	2460	644	1279	1619	775	250
LP6008221-DNA_C01_vs_LP6008220-DNA_C01__pv	1228	8717	9535	2446	1071	1259	1422	3820	1519	4785	2968
LP6008221-DNA_C02_vs_LP6008220-DNA_C02__pv	839	234	133	1514	576	1348	185	28	801	551	359
LP6008221-DNA_C03_vs_LP6008220-DNA_C03__pv	917	1381	1210	1345	1295	2400	344	807	1664	1896	949
LP6008221-DNA_D01_vs_LP6008220-DNA_D01__pv	3270	5302	5172	3518	4672	4134	745	3440	2766	1866	1707
LP6008221-DNA_D02_vs_LP6008220-DNA_D02__pv	1212	5572	3917	1280	440	1167	618	1568	1922	1766	3283
LP6008221-DNA_D03_vs_LP6008220-DNA_D03__pv	2575	6621	15373	1448	2589	1597	815	3324	255	4227	802
LP6008221-DNA_E01_vs_LP6008220-DNA_E01__pv	641	14396	6181	639	1637	1687	845	11217	1034	1319	0
LP6008221-DNA_E02_vs_LP6008220-DNA_E02__pv	1161	13749	9423	1201	1160	700	487	5892	1178	2131	674
LP6008221-DNA_E03_vs_LP6008220-DNA_E03__pv	2570	11491	11475	2146	3824	2308	1114	4138	1765	2263	373
LP6008221-DNA_F01_vs_LP6008220-DNA_F01__pv	1699	2211	957	730	1528	2801	572	1554	1247	1930	449
LP6008221-DNA_F02_vs_LP6008220-DNA_F02__pv	7454	3434	0	0	2610	0	35758	756	496	6179	2116
LP6008221-DNA_F03_vs_LP6008220-DNA_F03__pv	1948	7018	7603	1927	2656	2285	2576	4598	2529	5066	175
LP6008221-DNA_G01_vs_LP6008220-DNA_G01__pv	1492	64	32	819	1420	1779	231	81	521	1789	701
LP6008221-DNA_G02_vs_LP6008220-DNA_G02__pv	952	3058	2039	1746	1719	2000	904	1039	4209	2017	627
LP6008221-DNA_G03_vs_LP6008220-DNA_H02__pv	528	457	602	654	383	426	68	249	480	458	295
LP6008221-DNA_H01_vs_LP6008220-DNA_H01__pv	483	1157	1596	3034	3992	187	975	1002	1110	742	2994
LP6008221-DNA_H02_vs_LP6008220-DNA_H02__pv	2790	1256	1512	1397	527	5924	247	465	2265	3915	1792
LP6008221-DNA_H03_vs_LP6008220-DNA_D03__pv	457	1134	1093	589	283	253	58	283	578	497	165
LP6008267-DNA_A01_vs_LP6008266-DNA_A01__pv	829	18141	12570	2790	1894	1254	469	9542	2529	1471	638
LP6008267-DNA_A02_vs_LP6008266-DNA_G01__pv	1526	911	841	1849	903	1508	339	221	2375	1198	481
LP6008267-DNA_B01_vs_LP6008266-DNA_B01__pv	2504	23820	30635	1936	1499	851	514	7621	915	4069	1317
LP6008267-DNA_B02_vs_LP6008266-DNA_H01__pv	1427	7246	5099	2180	1256	2528	1148	3186	2191	5844	1242
LP6008267-DNA_C01_vs_LP6008266-DNA_C01__pv	1325	9385	2874	2338	4066	2106	1310	2934	2570	1223	283
LP6008267-DNA_C02_vs_LP6008266-DNA_H01__pv	1140	1135	427	2085	725	925	142	125	1257	977	357
LP6008267-DNA_D01_vs_LP6008201-DNA_F01__pv	1406	1432	827	808	1163	1688	703	652	992	2258	902
LP6008267-DNA_D02_vs_LP6008266-DNA_A02__pv	1822	701	1151	625	14608	5584	4489	207	1926	0	447
LP6008267-DNA_E01_vs_LP6008266-DNA_D01__pv	742	3799	2706	2068	1373	1118	1250	1676	2484	2775	884
LP6008267-DNA_E02_vs_LP6008266-DNA_A02__pv	991	2304	1168	1218	1589	2953	1558	355	2600	4240	802
LP6008267-DNA_F01_vs_LP6008266-DNA_E01__pv	1625	9863	8940	1620	1490	1499	433	3570	1294	3566	951
LP6008267-DNA_G01_vs_LP6008266-DNA_F01__pv	0	824	810	549	106	5867	2540	0	1681	633	6729
LP6008267-DNA_H01_vs_LP6008266-DNA_G01__pv	1029	598	873	2854	1841	2448	1477	610	2320	1829	1127
LP6008269-DNA_A02_vs_LP6008268-DNA_C02__pv	970	142	172	992	579	650	151	57	797	371	209
LP6008269-DNA_A03_vs_LP6008268-DNA_C03__pv	0	60593	58939	40	574	0	0	21601	191	0	948
LP6008269-DNA_A04_vs_LP6008268-DNA_C04__pv	936	1168	939	1131	638	560	181	228	893	560	219
LP6008269-DNA_A05_vs_LP6008268-DNA_C05__pv	1299	2028	1757	3536	2179	1103	426	320	3232	195	609
LP6008269-DNA_A06_vs_LP6008268-DNA_B06__pv	720	121	259	1641	901	725	532	388	1126	1796	581
LP6008269-DNA_A08_vs_LP6008268-DNA_A08__pv	1335	5969	3507	1881	2940	942	888	1824	2619	1099	471
LP6008269-DNA_A09_vs_LP6008268-DNA_A09__pv	1316	1677	1313	2312	1610	1002	445	617	2679	1576	586
LP6008269-DNA_A10_vs_LP6008268-DNA_A10__pv	1681	907	1043	2454	1054	3993	422	362	2542	1257	797
LP6008269-DNA_B02_vs_LP6008268-DNA_D02__pv	861	1228	785	2070	1150	812	528	413	1395	1188	265
LP6008269-DNA_B03_vs_LP6008268-DNA_D03__pv	976	352	745	1076	437	328	0	485	528	1135	173
LP6008269-DNA_B05_vs_LP6008268-DNA_D05__pv	1467	7647	3689	1388	2061	1177	867	3636	2585	1657	607
LP6008269-DNA_B06_vs_LP6008268-DNA_C06__pv	667	14134	8266	2767	4156	949	2379	8525	2774	2027	437
LP6008269-DNA_B07_vs_LP6008268-DNA_B07__pv	2082	61	80	1032	1139	1661	79	0	844	1206	343
LP6008269-DNA_B08_vs_LP6008268-DNA_B08__pv	835	4544	1791	819	556	1055	298	1153	897	758	379
LP6008269-DNA_B09_vs_LP6008268-DNA_B09__pv	1723	924	382	3201	1636	1376	297	678	2844	1196	628
LP6008269-DNA_B10_vs_LP6008268-DNA_B10__pv	295	1905	2808	1409	3083	2138	3854	1817	4603	4701	903
LP6008269-DNA_C04_vs_LP6008268-DNA_E04__pv	646391	1033	2298	117378	138258	86488	49628	16476	7344	0	11900
LP6008269-DNA_C05_vs_LP6008268-DNA_E05__pv	115	9370	7699	2224	897	1375	1327	1995	2055	2881	610
LP6008269-DNA_C06_vs_LP6008268-DNA_D06__pv	2905	912	801	1100	875	7557	67	774	1859	2002	449
LP6008269-DNA_C07_vs_LP6008268-DNA_C07__pv	1627	1985	948	3254	3713	2086	478	1034	2483	932	901
LP6008269-DNA_C08_vs_LP6008268-DNA_C08__pv	1482	5230	8792	1693	2211	2630	1506	3750	4040	3422	705
LP6008269-DNA_C09_vs_LP6008268-DNA_C09__pv	543	7262	9327	634	803	1026	210	4016	693	2121	1007
LP6008269-DNA_C10_vs_LP6008268-DNA_C10__pv	1076	2212	2280	2609	1007	747	166	420	911	942	167
LP6008269-DNA_D02_vs_LP6008268-DNA_F02__pv	1827	2010	1921	2196	2461	1507	1151	647	1858	2488	1120
LP6008269-DNA_D03_vs_LP6008268-DNA_F03__pv	2255	3548	1823	4652	1497	1497	0	991	2520	539	523
LP6008269-DNA_D04_vs_LP6008268-DNA_F04__pv	666	540	240	1249	552	210	74	190	926	567	164
LP6008269-DNA_D05_vs_LP6008268-DNA_F05__pv	0	0	2975	10522	2551	1436	39133	2102	1697	1020	211
LP6008269-DNA_D06_vs_LP6008268-DNA_E06__pv	1206	1805	1760	1718	1013	1376	561	291	1718	1756	456
LP6008269-DNA_D07_vs_LP6008268-DNA_D07__pv	915	4577	5361	2436	1666	1446	898	2114	3362	2232	604
LP6008269-DNA_D08_vs_LP6008268-DNA_D08__pv	1387	46416	47145	1120	564	2538	727	8033	1686	547	1172
LP6008269-DNA_D09_vs_LP6008268-DNA_D09__pv	644999	0	2735	118205	136503	88973	53454	17016	8822	0	13230
LP6008269-DNA_D10_vs_LP6008268-DNA_D10__pv	1495	2511	3671	2183	1653	3520	2068	1032	3003	4318	1281
LP6008269-DNA_E01_vs_LP6008268-DNA_E01__pv	910	1791	931	1584	1397	1239	1384	704	2689	2061	382
LP6008269-DNA_E02_vs_LP6008268-DNA_G02__pv	308	4903	5747	1882	1720	1380	855	1041	1095	1814	1565
LP6008269-DNA_E03_vs_LP6008268-DNA_G03__pv	1078	527	1424	2405	1044	1116	263	81	1637	2023	440
LP6008269-DNA_E04_vs_LP6008268-DNA_G04__pv	1285	16676	12317	1861	1442	131	771	6906	3638	1772	791
LP6008269-DNA_E06_vs_LP6008268-DNA_F06__pv	1314	140	191	812	1251	793	483	207	629	1375	168
LP6008269-DNA_E07_vs_LP6008268-DNA_E07__pv	11214	7285	1305	16964	2512	2357	44887	3771	5389	5010	491
LP6008269-DNA_E08_vs_LP6008268-DNA_E08__pv	1253	2482	3183	1014	970	2043	1133	999	1308	2278	1170
LP6008269-DNA_E09_vs_LP6008268-DNA_E09__pv	766	245	181	1052	749	909	275	144	389	1173	372
LP6008269-DNA_E10_vs_LP6008268-DNA_E10__pv	1774	5689	3544	1669	2419	3266	625	1984	2434	2649	929
LP6008269-DNA_F01_vs_LP6008268-DNA_H01__pv	777	547	307	715	379	356	76	193	429	393	112
LP6008269-DNA_F02_vs_LP6008268-DNA_H02__pv	1303	2622	1429	1169	1910	1965	706	876	1574	2224	696
LP6008269-DNA_F03_vs_LP6008268-DNA_H03__pv	955	3641	0	1485	3987	281	1905	794	3032	1817	998
LP6008269-DNA_F04_vs_LP6008268-DNA_H04__pv	1218	889	746	2089	949	835	158	98	2271	895	852
LP6008269-DNA_F06_vs_LP6008268-DNA_G06__pv	1689	1316	803	1625	772	1705	188	400	1428	1285	539
LP6008269-DNA_F07_vs_LP6008268-DNA_F07__pv	714	59	107	1701	83	817	77	44	66	503	317
LP6008269-DNA_F08_vs_LP6008268-DNA_F08__pv	1324	9105	2391	926	1255	3117	291	3067	1408	1851	1193
LP6008269-DNA_F09_vs_LP6008268-DNA_F09__pv	1095	1119	906	2243	1238	1791	870	492	1340	2351	581
LP6008269-DNA_G01_vs_LP6008268-DNA_A02__pv	1011	2402	7077	580	306	911	0	1696	337	480	205
LP6008269-DNA_G02_vs_LP6008268-DNA_A03__pv	1350	1817	991	1717	2391	1124	441	684	1304	998	548
LP6008269-DNA_G03_vs_LP6008268-DNA_A04__pv	918	11757	16476	1732	846	1438	706	7231	2038	1259	854
LP6008269-DNA_G04_vs_LP6008268-DNA_A05__pv	757	675	671	1989	811	536	458	385	559	1062	247
LP6008269-DNA_G06_vs_LP6008268-DNA_H06__pv	943	10453	15414	3265	1588	2403	0	4320	1511	1902	1402
LP6008269-DNA_G07_vs_LP6008268-DNA_G07__pv	594	6792	7574	850	651	487	528	928	573	886	321
LP6008269-DNA_G08_vs_LP6008268-DNA_G08__pv	1290	2523	2577	1756	1183	2249	782	1531	1193	1779	600
LP6008269-DNA_G09_vs_LP6008268-DNA_G09__pv	47	0	4	21	2	5	15	0	7	0	0
LP6008269-DNA_H01_vs_LP6008268-DNA_B02__pv	508	69	30	366	183	206	0	0	68	48	26
LP6008269-DNA_H02_vs_LP6008268-DNA_B03__pv	523	11319	10891	2342	2449	1195	614	8857	1158	1213	275
LP6008269-DNA_H03_vs_LP6008268-DNA_B04__pv	813	905	2221	2415	552	980	295	204	883	1970	1274
LP6008269-DNA_H05_vs_LP6008268-DNA_A06__pv	2337	2933	1954	3164	3524	2291	944	2514	2939	3330	1745
LP6008269-DNA_H06_vs_LP6008268-DNA_A07__pv	1317	5989	2211	1651	2292	1248	1282	2072	1992	3592	800
LP6008269-DNA_H07_vs_LP6008268-DNA_H07__pv	317	3183	9634	1055	1600	0	537	1788	1113	2442	412
LP6008269-DNA_H08_vs_LP6008268-DNA_H08__pv	299	1160	1301	1212	1344	4919	146	1304	1196	10217	3379
LP6008269-DNA_H09_vs_LP6008268-DNA_H09__pv	539	5327	17993	387	3325	1592	222	23131	75	2525	1494
LP6008280-DNA_A01_vs_LP6008264-DNA_A01__pv	1182	2106	2226	1767	1902	1173	956	821	2639	1631	705
LP6008280-DNA_A02_vs_LP6008264-DNA_A02__pv	931	3446	1973	715	535	1742	443	1869	1322	982	467
LP6008280-DNA_A03_vs_LP6008264-DNA_A03__pv	1320	1105	789	5077	3207	2117	876	423	2243	536	578
LP6008280-DNA_A04_vs_LP6008264-DNA_H03__pv	1394	1289	4639	509	0	1720	148	1323	353	3955	1636
LP6008280-DNA_A05_vs_LP6008264-DNA_H04__pv	746	1845	523	739	439	511	100	238	786	638	116
LP6008280-DNA_A07_vs_LP6008264-DNA_H06__pv	720	2247	1075	834	499	324	397	750	590	603	231
LP6008280-DNA_B01_vs_LP6008264-DNA_B01__pv	928	590	1613	7844	496	3070	29222	1269	3786	0	1033
LP6008280-DNA_B02_vs_LP6008264-DNA_B02__pv	958	117	0	2177	1071	700	641	37	1017	750	178
LP6008280-DNA_B03_vs_LP6008264-DNA_B03__pv	601	474	170	1981	1344	948	539	264	1683	779	2804
LP6008280-DNA_B04_vs_LP6008264-DNA_A04__pv	92	16	0	7	2	1	30	15	5	0	7
LP6008280-DNA_B05_vs_LP6008264-DNA_A05__pv	2662	5789	5121	2481	1487	1479	909	2209	5532	2308	697
LP6008280-DNA_C01_vs_LP6008264-DNA_C01__pv	1465	21020	9636	2466	2325	3302	903	3666	1734	1322	722
LP6008280-DNA_C02_vs_LP6008264-DNA_C02__pv	1592	8672	9152	1729	1790	750	806	3312	875	2561	2756
LP6008280-DNA_C03_vs_LP6008264-DNA_C03__pv	541	2016	1531	2155	1030	2940	1948	521	7053	277	14248
LP6008280-DNA_C04_vs_LP6008264-DNA_B04__pv	115	1	0	14	16	1	51	25	0	0	6
LP6008280-DNA_C05_vs_LP6008264-DNA_B05__pv	1569	1347	1010	2157	772	1087	462	626	1090	1099	383
LP6008280-DNA_C06_vs_LP6008264-DNA_B06__pv	768	3438	4426	920	466	280	162	2185	724	704	179
LP6008280-DNA_D02_vs_LP6008264-DNA_D02__pv	1673	5614	3223	602	2193	1812	977	2900	1141	1427	767
LP6008280-DNA_D03_vs_LP6008264-DNA_H01__pv	149	0	5	94	46	13	20	0	7	47	3
LP6008280-DNA_D05_vs_LP6008264-DNA_E04__pv	1219	2364	2376	1302	621	490	271	877	660	541	474
LP6008280-DNA_E01_vs_LP6008264-DNA_E01__pv	1486	10358	0	1917	2690	2260	696	2397	2491	1441	398
LP6008280-DNA_E02_vs_LP6008264-DNA_E02__pv	2351	7669	10250	2080	2153	2579	766	4916	2011	1312	1993
LP6008280-DNA_E03_vs_LP6008264-DNA_D03__pv	495	3981	3422	672	1018	685	299	1383	766	898	210
LP6008280-DNA_E04_vs_LP6008264-DNA_D04__pv	1873	7510	3617	4506	1218	902	496	1712	4535	1365	651
LP6008280-DNA_E05_vs_LP6008264-DNA_D05__pv	776	2225	5700	691	201	609	0	1157	200	460	222
LP6008280-DNA_F01_vs_LP6008264-DNA_F01__pv	3684	9537	4732	1632	3720	4911	1112	4214	2805	4777	994
LP6008280-DNA_F02_vs_LP6008264-DNA_F02__pv	1835	3523	3452	4029	1846	1693	1296	984	2193	3349	340
LP6008280-DNA_F03_vs_LP6008264-DNA_E03__pv	1181	17204	22609	1355	2227	704	735	6963	1244	1448	742
LP6008280-DNA_F05_vs_LP6008264-DNA_E05__pv	723	1765	2447	1208	1258	862	674	792	1274	930	261
LP6008280-DNA_F06_vs_LP6008264-DNA_E06__pv	1152	3101	2152	2910	790	575	444	1560	1657	991	224
LP6008280-DNA_G01_vs_LP6008264-DNA_G01__pv	419	283	555	54	9	92	150	114	60	1	66
LP6008280-DNA_G02_vs_LP6008264-DNA_G02__pv	797	263	217	1189	832	756	909	347	1438	1699	583
LP6008280-DNA_G03_vs_LP6008264-DNA_F03__pv	891	594	486	1726	1721	1213	850	266	1294	840	81
LP6008280-DNA_G04_vs_LP6008264-DNA_F04__pv	968	1218	805	1332	2125	314	694	397	975	457	668
LP6008280-DNA_G05_vs_LP6008264-DNA_F05__pv	1282	2836	2395	2771	1361	475	586	621	2150	1800	446
LP6008280-DNA_G06_vs_LP6008264-DNA_F06__pv	595	61	27	594	348	315	2	36	361	360	91
LP6008280-DNA_H01_vs_LP6008264-DNA_H01__pv	980	1361	1032	2398	1330	2093	1074	643	2306	1547	425
LP6008280-DNA_H02_vs_LP6008264-DNA_H02__pv	725	9627	9831	889	1665	1566	961	5178	1631	8238	2219
LP6008280-DNA_H04_vs_LP6008264-DNA_G04__pv	1411	5828	2592	3292	1730	1221	895	1700	1907	1089	435
LP6008280-DNA_H05_vs_LP6008264-DNA_G05__pv	1093	3201	742	1203	705	762	493	1183	1147	522	267
LP6008280-DNA_H06_vs_LP6008264-DNA_G06__pv	1499	8926	8270	1367	728	954	446	3284	3519	1205	976
LP6008334-DNA_A01_vs_LP6008335-DNA_A01__pv	407	48354	38210	0	0	0	755	50046	0	1065	0
LP6008334-DNA_A03_vs_LP6008335-DNA_E02__pv	353	3744	4339	2148	4325	850	2214	1137	3372	2758	5612
LP6008334-DNA_A04_vs_LP6008335-DNA_E03__pv	1369	1773	1408	3394	1748	2446	1543	620	3642	3424	704
LP6008334-DNA_B01_vs_LP6008335-DNA_B01__pv	1418	3381	3215	2130	3223	1965	512	1587	1985	907	19
LP6008334-DNA_B02_vs_LP6008335-DNA_F01__pv	1518	2919	2216	811	1237	1859	399	1346	2530	1491	662
LP6008334-DNA_B03_vs_LP6008335-DNA_F02__pv	2465	23033	32727	29011	6331	0	89149	13394	5349	12940	0
LP6008334-DNA_C01_vs_LP6008335-DNA_C01__pv	1593	3029	1812	2503	1714	2749	755	734	2568	1693	829
LP6008334-DNA_C02_vs_LP6008335-DNA_G01__pv	1585	2037	3481	2098	5731	1732	1193	897	5163	451	3009
LP6008334-DNA_C03_vs_LP6008335-DNA_G02__pv	1212	2233	3888	3218	885	3684	1476	591	906	6045	1407
LP6008334-DNA_D01_vs_LP6008335-DNA_D01__pv	1139	3183	1378	1600	1304	1187	562	1402	1858	1174	1087
LP6008334-DNA_D02_vs_LP6008335-DNA_H01__pv	1655	3721	7469	1160	1233	2712	1175	3901	2056	6253	1759
LP6008334-DNA_D03_vs_LP6008335-DNA_H02__pv	2657	10122	6372	1281	478	6414	2250	3984	10706	3496	2151
LP6008334-DNA_E01_vs_LP6008335-DNA_A01__pv	569	2279	2649	606	88	292	141	423	339	896	1226
LP6008334-DNA_E02_vs_LP6008335-DNA_A02__pv	1478	3357	2347	1345	1850	1824	879	1644	2544	1824	545
LP6008334-DNA_E03_vs_LP6008335-DNA_A03__pv	1586	2160	3008	2498	3433	5171	2056	1869	2992	3191	568
LP6008334-DNA_F01_vs_LP6008335-DNA_B01__pv	1328	536	470	4067	1239	910	650	97	4529	1871	321
LP6008334-DNA_F02_vs_LP6008335-DNA_B02__pv	761	5040	2890	1236	1694	1091	466	1767	1939	722	154
LP6008334-DNA_F03_vs_LP6008335-DNA_B03__pv	833	662	271	2908	1179	2047	430	134	2016	1711	359
LP6008334-DNA_G01_vs_LP6008335-DNA_C01__pv	543	1100	693	724	492	588	370	378	885	455	134
LP6008334-DNA_G02_vs_LP6008335-DNA_C02__pv	1256	2576	2712	1196	1470	2343	542	2194	1614	1463	864
LP6008334-DNA_G03_vs_LP6008335-DNA_C03__pv	1339	10	2	1687	1310	656	493	21	1078	1072	1031
LP6008334-DNA_H01_vs_LP6008335-DNA_D01__pv	1414	1597	916	1344	1420	1366	1074	737	1884	1229	371
LP6008334-DNA_H02_vs_LP6008335-DNA_D02__pv	2202	1299	1403	2300	1897	4577	723	466	1886	2514	570
LP6008334-DNA_H03_vs_LP6008335-DNA_D03__pv	182	4932	7204	2549	2950	1023	683	2366	1268	5874	2190
LP6008336-DNA_A01_vs_LP6008333-DNA_A01__pv	1405	126	32	1530	926	1469	634	314	2158	3578	539
LP6008336-DNA_A02_vs_LP6008333-DNA_A02__pv	1105	10	29	1448	830	640	300	41	720	952	381
LP6008336-DNA_A03_vs_LP6008333-DNA_A03__pv	702	41	44	552	561	1098	117	65	799	359	279
LP6008336-DNA_B01_vs_LP6008333-DNA_B01__pv	1040	434	334	1351	1143	1134	207	93	1125	1098	659
LP6008336-DNA_B02_vs_LP6008333-DNA_B02__pv	901	1461	2182	2132	1130	559	381	289	467	1046	764
LP6008336-DNA_B03_vs_LP6008333-DNA_B03__pv	533	60	17	454	194	202	0	18	74	229	39
LP6008336-DNA_C01_vs_LP6008333-DNA_C01__pv	1203	367	311	1147	862	1870	1515	361	4314	2633	1617
LP6008336-DNA_C02_vs_LP6008333-DNA_C02__pv	491	2014	1225	579	321	231	234	953	1042	766	175
LP6008336-DNA_C03_vs_LP6008333-DNA_C03__pv	1090	505	611	1624	1528	1530	1068	155	1720	1750	1199
LP6008336-DNA_D01_vs_LP6008333-DNA_D01__pv	4702	3084	0	11649	4374	3397	33877	2693	844	5688	13
LP6008336-DNA_D02_vs_LP6008333-DNA_D02__pv	135	0	3	21	0	8	0	0	0	0	4
LP6008336-DNA_D03_vs_LP6008333-DNA_D03__pv	1327	9742	7778	1408	2456	3509	653	1427	2880	5821	1055
LP6008336-DNA_E01_vs_LP6008333-DNA_E01__pv	1091	8960	1869	859	2259	3025	730	3377	1880	1456	672
LP6008336-DNA_E02_vs_LP6008333-DNA_E02__pv	1820	15366	18313	2189	1258	1279	664	3255	1400	2096	749
LP6008336-DNA_E03_vs_LP6008333-DNA_E03__pv	689	259	342	796	962	300	158	205	238	1211	65
LP6008336-DNA_F02_vs_LP6008333-DNA_F02__pv	728	1182	643	810	1092	1752	863	427	1477	1763	1703
LP6008336-DNA_F03_vs_LP6008333-DNA_F03__pv	2119	1170	704	3235	6205	3367	1104	365	2567	1118	5785
LP6008336-DNA_G01_vs_LP6008333-DNA_G01__pv	1119	1651	438	1603	1257	1862	220	895	1388	1301	236
LP6008336-DNA_G02_vs_LP6008333-DNA_G02__pv	1557	787	3126	489	453	3064	323	3034	347	2140	918
LP6008336-DNA_G03_vs_LP6008333-DNA_G03__pv	1484	2972	1296	1288	507	5157	991	1078	3989	3036	1522
LP6008336-DNA_H01_vs_LP6008333-DNA_H01__pv	1800	2406	2037	1919	2904	2672	1404	1270	4530	1806	725
LP6008336-DNA_H02_vs_LP6008333-DNA_H02__pv	64	0	0	32	0	0	20	11	1	0	3
LP6008336-DNA_H03_vs_LP6008333-DNA_H03__pv	979	141	741	1388	935	1289	868	233	6707	823	816
LP6008337-DNA_A01_vs_LP6008338-DNA_A01__pv	641	1169	720	519	544	433	170	569	567	585	229
LP6008337-DNA_A02_vs_LP6008338-DNA_A02__pv	166	1221	802	909	1184	2544	689	461	877	0	313
LP6008337-DNA_A03_vs_LP6008338-DNA_A03__pv	830	2464	2901	1224	439	4500	724	1817	1231	262	1534
LP6008337-DNA_A04_vs_LP6008338-DNA_A04__pv	688	1198	930	659	386	343	40	415	627	414	139
LP6008337-DNA_A06_vs_LP6008338-DNA_G05__pv	759	3375	2454	1765	2129	2591	1590	1934	3045	1612	919
LP6008337-DNA_A07_vs_LP6008338-DNA_E06__pv	899	0	17	690	0	698	884	0	848	0	8819
LP6008337-DNA_B02_vs_LP6008338-DNA_B02__pv	902	231	343	839	667	522	133	76	500	448	151
LP6008337-DNA_B03_vs_LP6008338-DNA_B03__pv	697	1293	1089	1051	761	681	237	606	897	863	227
LP6008337-DNA_B04_vs_LP6008338-DNA_B04__pv	665877	580	2622	121325	138845	91136	52746	18858	8127	0	12684
LP6008337-DNA_B05_vs_LP6008338-DNA_A05__pv	946	2719	1896	911	580	587	83	820	866	720	247
LP6008337-DNA_B07_vs_LP6008338-DNA_F06__pv	457	1917	1142	2020	1816	4189	1669	1186	3424	2913	506
LP6008337-DNA_C01_vs_LP6008338-DNA_C01__pv	1869	4366	3335	2587	1381	1050	195	1322	1790	1860	964
LP6008337-DNA_C02_vs_LP6008338-DNA_C02__pv	703	77	104	1617	640	431	430	120	1596	1429	447
LP6008337-DNA_C03_vs_LP6008338-DNA_C03__pv	834	4880	2245	2803	1561	274	902	1412	2474	1287	574
LP6008337-DNA_C04_vs_LP6008338-DNA_C04__pv	732	2110	5072	850	245	599	46	1547	616	1383	512
LP6008337-DNA_C05_vs_LP6008338-DNA_B05__pv	909	3060	2149	1192	854	805	390	773	2296	1533	280
LP6008337-DNA_D01_vs_LP6008338-DNA_D01__pv	577	617	57	1216	638	527	441	282	706	613	105
LP6008337-DNA_D02_vs_LP6008338-DNA_D02__pv	473	362	270	459	262	229	123	123	274	410	75
LP6008337-DNA_D03_vs_LP6008338-DNA_D03__pv	1502	1184	715	2232	1340	1032	256	432	1601	1454	260
LP6008337-DNA_D04_vs_LP6008338-DNA_D04__pv	436	569	335	318	334	482	215	280	541	469	71
LP6008337-DNA_D05_vs_LP6008338-DNA_C05__pv	592	310	0	1257	510	438	206	53	985	489	119
LP6008337-DNA_D06_vs_LP6008338-DNA_A06__pv	2898	20275	17866	1854	3307	1821	1953	9015	7583	4283	973
LP6008337-DNA_E01_vs_LP6008338-DNA_E01__pv	926	4920	3204	1161	628	538	400	1256	1383	472	211
LP6008337-DNA_E03_vs_LP6008338-DNA_E03__pv	1039	2721	1867	1092	1237	565	721	1182	1114	1081	350
LP6008337-DNA_E04_vs_LP6008338-DNA_E04__pv	894	3917	3983	1610	1120	709	691	2033	3621	1518	313
LP6008337-DNA_E05_vs_LP6008338-DNA_D05__pv	657	2010	2159	1211	688	437	281	1079	743	602	109
LP6008337-DNA_F01_vs_LP6008338-DNA_F01__pv	418	247	115	371	378	333	81	38	325	198	72
LP6008337-DNA_F02_vs_LP6008338-DNA_F02__pv	1233	2441	2132	2012	1397	1428	575	1099	1911	2278	631
LP6008337-DNA_F03_vs_LP6008338-DNA_F03__pv	1064	2552	2048	1090	1322	651	107	727	1654	906	37
LP6008337-DNA_F04_vs_LP6008338-DNA_F04__pv	1206	6651	5482	3811	1776	1199	283	3749	2324	2685	0
LP6008337-DNA_F05_vs_LP6008338-DNA_E05__pv	1919	3581	3453	4023	3024	1457	1269	1442	5408	3561	1220
LP6008337-DNA_F06_vs_LP6008338-DNA_C06__pv	1141	12575	9344	1287	580	469	388	4727	1597	1147	746
LP6008337-DNA_G01_vs_LP6008338-DNA_G01__pv	1464	2304	1831	2889	1690	1366	537	675	2637	1536	468
LP6008337-DNA_G02_vs_LP6008338-DNA_G02__pv	1009	4245	1925	945	900	970	351	1284	1384	740	196
LP6008337-DNA_G03_vs_LP6008338-DNA_G03__pv	959	5633	4242	1940	1323	1449	683	1551	2762	1626	435
LP6008337-DNA_G04_vs_LP6008338-DNA_G04__pv	1068	4482	476	2108	638	558	300	464	1027	799	229
LP6008337-DNA_G05_vs_LP6008338-DNA_F05__pv	876	2509	838	721	852	776	450	887	1081	960	377
LP6008337-DNA_G06_vs_LP6008338-DNA_C06__pv	1103	13742	7539	2660	1547	910	649	4372	2232	1661	357
LP6008337-DNA_H01_vs_LP6008338-DNA_H01__pv	743	483	443	1269	471	253	93	154	760	485	103
LP6008337-DNA_H02_vs_LP6008338-DNA_H02__pv	1310	36446	34878	1826	1173	1236	686	13172	2939	3264	1091
LP6008337-DNA_H03_vs_LP6008338-DNA_H03__pv	1700	1665	1027	1156	918	1057	320	302	860	580	50
LP6008337-DNA_H04_vs_LP6008338-DNA_H04__pv	715	2951	4530	1026	573	672	282	1752	917	1038	409
LP6008337-DNA_H06_vs_LP6008338-DNA_D06__pv	1188	9889	14504	1311	1192	3198	1301	4157	2339	3489	1434
LP6008341-DNA_A01_vs_LP6008340-DNA_A01__pv	1115	3241	3174	2610	1006	1000	280	633	2262	847	271
LP6008341-DNA_A03_vs_LP6008340-DNA_F02__pv	663088	3391	6704	121099	140722	91251	52571	18190	9433	0	12335
LP6008341-DNA_B01_vs_LP6008340-DNA_B01__pv	1724	7767	11830	788	1150	1487	567	2443	1208	3453	1897
LP6008341-DNA_B03_vs_LP6008340-DNA_G02__pv	616	760	525	1166	673	354	243	433	545	724	172
LP6008341-DNA_C01_vs_LP6008340-DNA_C01__pv	742	5090	3256	1587	1653	305	455	2773	1342	850	709
LP6008341-DNA_D01_vs_LP6008340-DNA_D01__pv	1475	10554	9398	2812	5467	1653	1359	5485	3077	2766	709
LP6008341-DNA_D02_vs_LP6008340-DNA_A02__pv	103	0	7	42	2	11	19	4	10	12	18
LP6008341-DNA_E01_vs_LP6008340-DNA_E01__pv	646	2481	3956	604	540	397	218	1246	874	947	720
LP6008341-DNA_E02_vs_LP6008340-DNA_B02__pv	620	7450	5217	933	983	393	476	3173	2046	1866	362
LP6008341-DNA_F01_vs_LP6008340-DNA_F01__pv	967	1946	2400	1239	625	699	340	883	1760	969	259
LP6008341-DNA_F02_vs_LP6008340-DNA_C02__pv	1458	1621	2047	1530	2679	2310	344	859	1222	1289	359
LP6008341-DNA_G01_vs_LP6008340-DNA_G01__pv	1252	2713	2921	2458	1754	1060	1062	1428	1941	2257	422
LP6008341-DNA_G02_vs_LP6008340-DNA_D02__pv	1021	707	679	1200	636	550	147	244	723	575	295
LP6008341-DNA_H01_vs_LP6008340-DNA_H01__pv	1104	7989	10076	2802	2439	986	2284	3152	3744	7233	2553
LP6008341-DNA_H02_vs_LP6008340-DNA_E02__pv	749	2553	4103	1168	489	609	293	297	868	1074	330
LP6008460-DNA_A01_vs_LP6008340-DNA_A02__pv	1485	2687	2052	3499	808	1911	0	1003	601	1898	1137
LP6008460-DNA_A02_vs_LP6008340-DNA_C04__pv	786	5170	4666	2541	2277	478	871	2523	1819	1772	732
LP6008460-DNA_A03_vs_LP6008340-DNA_G04__pv	1688	2488	2992	1057	1932	1079	1214	1924	2749	1487	1788
LP6008460-DNA_A04_vs_LP6008340-DNA_D05__pv	1216	1677	1176	3228	1501	2657	1134	504	1743	2852	851
LP6008460-DNA_B01_vs_LP6008340-DNA_A03__pv	838	731	705	4440	1621	1041	404	493	1434	1135	1127
LP6008460-DNA_B02_vs_LP6008340-DNA_D02__pv	2236	4283	2153	2812	2147	5491	1175	1934	2354	4015	1313
LP6008460-DNA_B03_vs_LP6008340-DNA_H03__pv	1271	816	478	2112	2336	1132	190	256	1570	830	746
LP6008460-DNA_B04_vs_LP6008340-DNA_F02__pv	592976	2427	7164	100593	125198	74125	40177	14753	8741	7815	11428
LP6008460-DNA_C01_vs_LP6008340-DNA_B03__pv	1727	1488	1397	1430	4292	3875	1760	865	3031	2606	3901
LP6008460-DNA_C02_vs_LP6008340-DNA_D03__pv	859	155	104	886	1028	399	657	138	1151	1278	826
LP6008460-DNA_C03_vs_LP6008340-DNA_H05__pv	1009	2744	1835	1486	1151	1320	569	657	623	1365	402
LP6008460-DNA_C04_vs_LP6008340-DNA_F03__pv	18132	4082	0	15463	2392	0	62146	3251	1845	3753	0
LP6008460-DNA_D01_vs_LP6008340-DNA_E02__pv	1213	1552	16612	1395	0	2284	654	0	842	4079	2785
LP6008460-DNA_D02_vs_LP6008340-DNA_E03__pv	424	626	55	280	896	4900	929	63	1324	880	546
LP6008460-DNA_D03_vs_LP6008340-DNA_A05__pv	1426	1466	1377	1920	1801	932	489	716	900	1340	897
LP6008460-DNA_E01_vs_LP6008340-DNA_F04__pv	1383	684	1162	1364	802	1675	121	561	1499	1241	727
LP6008460-DNA_E02_vs_LP6008340-DNA_E04__pv	2034	586	25	1648	1437	4145	796	327	3900	2304	1860
LP6008460-DNA_E03_vs_LP6008340-DNA_B06__pv	2161	1772	1199	3226	3579	2332	1461	648	6213	3930	961
LP6008460-DNA_E04_vs_LP6008340-DNA_H02__pv	1374	2916	1818	2235	1662	2398	977	939	2484	1881	1187
LP6008460-DNA_F01_vs_LP6008340-DNA_B02__pv	1289	7760	5615	1876	1614	1346	727	4108	2266	1990	542
LP6008460-DNA_F02_vs_LP6008340-DNA_E05__pv	238	2578	3796	3376	1773	1837	3708	2222	8978	5465	1455
LP6008460-DNA_F03_vs_LP6008340-DNA_C03__pv	751	26857	19761	1282	628	1175	528	10626	1374	1681	661
LP6008460-DNA_F04_vs_LP6008340-DNA_H04__pv	2715	3000	1951	2442	1538	5651	467	1004	2866	3918	1197
LP6008460-DNA_G01_vs_LP6008340-DNA_B04__pv	9935	4453	5026	12945	3338	0	59740	4028	0	1411	0
LP6008460-DNA_G02_vs_LP6008340-DNA_G02__pv	481	2324	2128	1875	2443	2313	1290	1309	2217	2424	541
LP6008460-DNA_G03_vs_LP6008340-DNA_C05__pv	1515	8005	7986	1770	1085	1166	1389	1393	1597	5242	1441
LP6008460-DNA_H01_vs_LP6008340-DNA_C02__pv	1282	1987	2499	1790	2898	1760	309	871	1238	1311	488
LP6008460-DNA_H02_vs_LP6008340-DNA_G03__pv	951	3734	2501	1044	868	743	356	1467	861	589	281
LP6008460-DNA_H03_vs_LP6008340-DNA_D04__pv	1047	5331	6674	1623	2375	1718	361	4170	1884	1016	396
PD44724a_vs_PD44724b__pv	277	6257	6152	3551	2351	1598	946	4062	2207	2735	1931
PD44725a_vs_PD44725b__pv	1175	2227	2645	2028	898	1293	827	1122	1268	1470	509
PD44726a_vs_PD44726b__pv	491	1782	847	958	1125	596	321	570	1248	157	212
PD44727a_vs_PD44727b__pv	1389	8854	4091	2307	934	2785	0	1556	385	4460	1176
PD44728a_vs_PD44728b__pv	1422	1394	522	2002	1593	2808	1239	757	2025	2357	1735
PD44729a_vs_PD44729b__pv	1181	305	260	2957	1859	2075	615	322	2277	975	386
PD44730a_vs_PD44730b__pv	1744	3629	2956	1837	1513	2795	533	1383	1598	980	864
PD44731a_vs_PD44731b__pv	831	587	640	3155	1138	1346	521	205	1113	1153	743
PD44732a_vs_PD44732b__pv	636	102	183	1640	2795	664	499	96	929	328	71
PD44733a_vs_PD44733b__pv	11988	372	1137	12532	341	0	60675	1080	1538	0	1041
PD44734a_vs_PD44734b__pv	918	4633	3183	1804	3889	3161	980	2543	2036	2371	503
PD44735a_vs_PD44735b__pv	983	3061	2093	3857	2637	1771	1172	1182	2974	2083	684
PD44736a_vs_PD44736b__pv	1013	1516	2836	2310	1651	2727	1555	793	2185	3402	749
PD44737a_vs_PD44737b__pv	2246	2405	2033	3011	921	2095	576	859	3449	2247	1490
PD44738a_vs_PD44738b__pv	2168	8710	8019	3076	983	4715	185	2818	2088	6806	1562
PD44739a_vs_PD44739b__pv	1314	3371	2912	1756	1441	1934	554	2766	2346	1576	440
PD44740a_vs_PD44740b__pv	2087	29480	19631	1456	4909	6011	1307	13800	1575	0	426
PD44741a_vs_PD44741b__pv	1828	667	493	1745	2324	1755	565	478	986	1511	942
PD44742a_vs_PD44742b__pv	1807	1268	5456	1253	372	2945	2712	2506	2448	3744	4014
PD44743a_vs_PD44743b__pv	1547	1785	795	2030	1571	2543	643	944	2238	422	597
PD44744a_vs_PD44744b__pv	32	11543	10532	2258	5787	0	1011	6577	1462	23	2708
PD44745a_vs_PD44745b__pv	1353	14103	8588	3362	4102	3639	947	5752	2577	4735	2593
PD44746a_vs_PD44746b__pv	550	278	148	1011	762	770	697	23	1106	1127	423
PD44747a_vs_PD44747b__pv	778	2869	3071	1501	905	1358	464	1181	1470	1511	590
PD44749a_vs_PD44749b__pv	1034	2043	2673	516	848	1050	300	882	487	753	881
PD44751a_vs_PD44751b__pv	189	826	692	717	200	247	264	486	510	317	109
PD44752a_vs_PD44752b__pv	1040	1952	644	2306	1338	1404	557	779	4483	974	753
PD44753a_vs_PD44753b__pv	1780	420	496	1253	2344	1456	706	347	943	1565	379
PD44758a_vs_PD44758b__pv	1112	5348	3309	1100	657	736	718	1296	698	1465	552
PD44759a_vs_PD44759b__pv	1157	2435	1881	1503	1539	1952	911	539	2160	2255	470
PD44760a_vs_PD44760b__pv	1587	1312	2843	1663	697	2293	365	889	1053	1664	775
PD44761a_vs_PD44761b__pv	2183	662	511	3461	842	2664	147	361	1808	2089	689
PD44762a_vs_PD44762b__pv	849	121	157	1327	1470	859	464	44	470	935	358
PD44763a_vs_PD44763b__pv	693	2317	2090	2184	1812	2389	997	1727	2101	1565	719
PD44764a_vs_PD44764b__pv	865	741	802	1575	112	2210	525	246	616	2601	2651
PD44765a_vs_PD44765b__pv	933	12895	25098	2435	4577	2853	1437	4482	1536	3013	1093
PD44766a_vs_PD44766b__pv	1193	2224	155	23840	0	0	55786	3627	448	4242	232
PD44767a_vs_PD44767b__pv	2522	5476	13990	1572	480	2119	1867	2346	1056	3444	1741
PD44769a_vs_PD44769b__pv	899	295	0	1445	1556	2072	360	38	1107	1095	316
PD44770a_vs_PD44770b__pv	0	2259	4054	8217	121	402	24758	463	728	1047	770
PD44772a_vs_PD44772b__pv	2019	3109	1234	2094	1384	3783	962	1376	3543	3633	3032
PD44773a_vs_PD44773b__pv	2700	3620	2469	6042	1932	2529	0	1928	1323	537	436
PD44774a_vs_PD44774b__pv	1271	95	245	2423	997	1093	0	134	241	732	867
PD44775a_vs_PD44775b__pv	0	293	1060	44443	2495	1970	54131	0	2230	0	328
PD44776a_vs_PD44776b__pv	1796	4773	15813	1041	122	4904	251	7899	836	2026	2303
PD44777a_vs_PD44777b__pv	596	811	318	2487	1459	1719	1121	572	2772	2172	273
PD44778a_vs_PD44778b__pv	2378	1208	5318	2584	925	2426	264	1363	548	4237	1482
PD44780a_vs_PD44780b__pv	854	82	64	1113	805	544	95	56	1536	500	232
PD44781a_vs_PD44781b__pv	122	12866	7773	2080	4403	899	1908	6485	1109	3463	1095
PD44782a_vs_PD44782b__pv	392	13655	16540	1722	1919	1888	881	7376	1839	2079	2957
PD44783a_vs_PD44783b__pv	2293	2957	1556	419	371	3189	633	1226	1358	6405	713
PD44784a_vs_PD44784b__pv	1947	649	513	2933	1202	4152	911	440	4063	2087	878
PD44785a_vs_PD44785b__pv	1238	8511	6518	1124	1883	1928	856	5997	1104	1950	606
PD44786a_vs_PD44786b__pv	347	875	322	1010	1005	297	359	391	363	1085	266
PD44787a_vs_PD44787b__pv	1459	775	1187	2407	1338	1639	591	223	3653	1370	706
PD44788a_vs_PD44788b__pv	974	2338	1596	1736	1517	2619	1238	1358	4176	2807	1951
PD44789a_vs_PD44789b__pv	1137	4131	3698	2223	4068	4306	1296	1135	1924	2779	1375
PD44790a_vs_PD44790b__pv	1100	4374	5775	1038	1204	1493	872	1149	1842	2143	849
PD44791a_vs_PD44791b__pv	443	3422	2220	789	377	260	285	624	620	743	23
PD44792a_vs_PD44792b__pv	884	7955	12085	396	3123	562	1130	4698	1905	2191	763
PD44793a_vs_PD44793b__pv	839	385	340	1958	1541	1377	678	112	1338	547	349
PD44794a_vs_PD44794b__pv	1062	467	86	1184	1736	4176	430	90	1595	1431	1333
PD44795a_vs_PD44795b__pv	338	9734	12975	902	552	993	805	5741	1502	1021	625
PD44796a_vs_PD44796b__pv	2805	1812	1919	2733	758	5937	1031	1693	1990	3059	1679
PD44797a_vs_PD44797b__pv	1259	3439	2578	3310	2111	2867	2123	2507	4902	4257	1631
PD44798a_vs_PD44798b__pv	717	1235	649	1665	1209	1282	477	476	1617	1071	323
PD44799a_vs_PD44799b__pv	1291	1563	716	2309	1592	1354	781	402	2048	1397	451
PD44800a_vs_PD44800b__pv	1329	3110	1917	2218	1659	1565	980	1040	2898	1883	1172
PD44801a_vs_PD44801b__pv	757	4330	2812	2679	1721	823	983	834	2737	1070	140
PD44802a_vs_PD44802b__pv	566	109	220	895	710	767	273	87	461	661	126
PD44803a_vs_PD44803b__pv	2567	4615	4394	3337	2329	3121	1249	1553	5066	3224	771
PD44804a_vs_PD44804b__pv	524	843	812	720	707	987	322	574	614	374	64
PD44805a_vs_PD44805b__pv	919	8700	20972	1938	5016	0	1082	6353	1363	608	1747
PD44807a_vs_PD44807b__pv	950	194	177	999	1374	1045	167	282	367	1187	711
PD44808a_vs_PD44808b__pv	1195	735	456	1537	594	3924	738	129	1087	1822	2718
PD44809a_vs_PD44809b__pv	828	1409	1278	2240	1434	3191	214	422	1434	3220	778
PD44810a_vs_PD44810b__pv	932	3881	5396	2564	7491	767	2297	4818	1175	772	1138
PD44811a_vs_PD44811b__pv	399	2859	1635	1132	1058	934	1257	774	1403	2243	744
PD44813a_vs_PD44813b__pv	1045	2215	3487	1765	1011	1617	809	1197	789	2045	775
PD44814a_vs_PD44814b__pv	2203	709	631	2096	709	4268	577	369	2125	2180	956
PD44815a_vs_PD44815b__pv	1085	1915	1540	784	842	1376	767	749	966	2470	1502
PD44816a_vs_PD44816b__pv	1064	1661	904	3432	2021	1597	908	189	2229	1573	377
PD44817a_vs_PD44817b__pv	1258	18	0	655	2305	2892	906	187	3028	720	614
PD44818a_vs_PD44818b__pv	1135	5419	6371	1303	1814	1657	707	1249	1255	1397	367
PD44819a_vs_PD44819b__pv	2401	15813	14201	2222	2829	3551	1185	5003	2848	2352	1042
PD44820a_vs_PD44820b__pv	900	1428	1270	1922	1122	962	857	297	1726	1478	663
PD44821a_vs_PD44821b__pv	993	4442	3790	2098	2681	1322	830	1207	2005	2140	535
PD44823a_vs_PD44823b__pv	1078	882	438	1175	979	1082	555	477	887	1111	742
PD44824a_vs_PD44824b__pv	1327	2602	3810	3642	1336	2159	1005	1326	2427	1857	2130
PD44825a_vs_PD44825b__pv	0	2615	7205	22581	7518	0	59814	1469	464	18641	725
PD44826a_vs_PD44826b__pv	1179	1944	1739	2477	2129	2482	1222	861	2359	1338	736
PD44827a_vs_PD44827b__pv	950	1218	1008	1006	728	1032	1457	412	1568	1791	699
PD44828a_vs_PD44828b__pv	911	8433	7118	2718	1530	1576	1069	3731	2585	1014	628
PD44829a_vs_PD44829b__pv	3248	3792	1426	5050	2448	5489	1667	1308	6404	3951	1658
PD44830a_vs_PD44830b__pv	789	3431	1989	3055	1839	1288	1110	700	5384	1740	635
PD44831a_vs_PD44831b__pv	1465	17172	12290	1498	5036	0	1885	12277	136	2016	743
PD44832a_vs_PD44832b__pv	0	12	4461	14995	6356	3129	45911	0	2839	0	0
PD44833a_vs_PD44833b__pv	1281	12039	11206	1230	1214	2768	783	6763	2035	1484	731
PD44834a_vs_PD44834b__pv	1952	1544	1756	1526	1003	2675	541	1056	686	1725	1374
PD44835a_vs_PD44835b__pv	1153	2243	1070	922	845	1325	859	522	3505	1778	1575
PD44836a_vs_PD44836b__pv	1780	1816	2893	4348	3426	3865	1915	920	1868	4484	801
PD44837a_vs_PD44837b__pv	417	772	457	685	958	627	117	205	699	317	19
PD44838a_vs_PD44838b__pv	1259	673	365	3257	4278	5869	339	406	2539	3280	1056
PD44839a_vs_PD44839b__pv	1250	392	1359	2300	208	1853	713	274	1114	1877	2566
PD44840a_vs_PD44840b__pv	995	3218	3392	1670	1615	1543	718	1557	1277	1864	287
PD44841a_vs_PD44841b__pv	5022	7050	5574	14661	2949	0	48527	3485	822	7268	760
PD44842a_vs_PD44842b__pv	789	98	526	1548	1125	757	590	628	1394	740	642
PD44843a_vs_PD44843b__pv	2097	3475	9489	3403	1825	3989	675	2546	2650	2972	1713
PD44844a_vs_PD44844b__pv	890	261	269	1692	942	1254	492	0	2059	994	538
PD44845a_vs_PD44845b__pv	1600	2746	990	2213	3639	1283	473	904	2655	349	333
PD44846a_vs_PD44846b__pv	644	6761	953	1124	1426	975	986	3339	1800	1009	183
PD44847a_vs_PD44847b__pv	1019	2215	2273	2717	1137	1514	394	446	1231	1684	543
PD44848a_vs_PD44848b__pv	4515	7092	13075	1907	2385	5698	2459	2492	1869	5991	3604
PD44849a_vs_PD44849b__pv	1408	430	409	2327	3576	3206	1750	439	3810	1303	790
PD44850a_vs_PD44850b__pv	1889	2982	7059	3622	1295	1755	542	2593	1316	2234	1124
PD44851a_vs_PD44851b__pv	503	2368	1655	2399	1890	833	968	754	1306	1997	1770
PD44852a_vs_PD44852b__pv	2222	2181	3068	2714	875	4867	616	1029	1687	2873	792
PD44853a_vs_PD44853b__pv	587	1804	1942	2280	1486	564	915	765	3055	814	268
PD44854a_vs_PD44854b__pv	1058	1935	1965	2153	1886	1454	605	1341	1755	2436	1097
PD44855a_vs_PD44855b__pv	1289	4504	1646	1713	1496	1669	817	629	2345	1844	682
PD44856a_vs_PD44856b__pv	1120	11753	6886	2555	3505	2006	682	3884	1409	715	2
PD44857a_vs_PD44857b__pv	1169	11634	12293	1604	649	2088	978	3866	1115	1374	765
PD44859a_vs_PD44859b__pv	2060	4256	6822	5769	0	1613	26806	3882	765	2609	2053
PD44861a_vs_PD44861b__pv	1367	2698	2393	1570	3236	2521	1532	2215	2364	2119	611
PD44862a_vs_PD44862b__pv	1614	261	1906	690	3144	921	699	1519	170	1791	4415
PD44863a_vs_PD44863b__pv	1039	4306	4795	2187	2178	820	705	469	3270	432	1710
PD44864a_vs_PD44864b__pv	1352	6246	5878	1319	2653	1750	702	1576	1356	1203	832
PD44904a_vs_PD44904b__pv	3804	9781	6820	1975	2170	7542	944	6040	1818	4376	702
PD44905a_vs_PD44905b__pv	2261	726	772	1323	2408	3554	734	1009	691	2710	1882
PD44906a_vs_PD44906b__pv	1119	1173	1821	926	1366	2586	406	1973	791	1685	339
PD44908a_vs_PD44908b__pv	940	4718	6971	1970	1985	2301	856	1393	661	2052	415
PD44909a_vs_PD44909b__pv	1157	393	162	2463	779	801	114	79	1826	443	152
PD44910a_vs_PD44910b__pv	604	4395	2545	2673	1989	835	1155	2055	2976	2464	805
PD44912a_vs_PD44912b__pv	2714	24379	11572	1659	2461	1927	1551	1392	2969	3222	2122
PD44913a_vs_PD44913b__pv	2074	612	1220	1448	572	2977	426	913	1438	1832	842
PD44914a_vs_PD44914b__pv	3262	1017	2119	1497	1016	3869	699	166	1157	3870	2063
PD44915a_vs_PD44915b__pv	729	2052	3112	1004	953	1532	603	852	2337	1318	613
PD44916a_vs_PD44916b__pv	809	696	637	1714	1372	1386	148	139	838	2231	889
PD44917a_vs_PD44917b__pv	511	28	55	444	409	981	85	8	303	270	416
PD44918a_vs_PD44918b__pv	686	2951	3171	1740	2033	633	587	1428	1648	658	779
PD44919a_vs_PD44919b__pv	1141	5819	965	1922	1548	876	383	2434	1359	390	435
PD44920a_vs_PD44920b__pv	896	6718	4802	1160	1006	1614	691	3559	895	1214	527
PD44921a_vs_PD44921b__pv	482	862	1162	686	280	1005	170	536	232	709	253
PD44922a_vs_PD44922b__pv	2182	21463	17030	660	4768	3118	279	16877	2069	2231	2223
PD44923a_vs_PD44923b__pv	4389	2342	1560	3009	5475	8041	1413	723	3003	2435	1723
PD44924a_vs_PD44924b__pv	1496	576	714	3693	1068	1770	159	281	1612	1222	814
PD44925a_vs_PD44925b__pv	1321	2660	2244	1361	2937	3666	1556	1432	4485	2549	1100
PD44926a_vs_PD44926b__pv	1286	939	687	2847	1471	828	470	126	2049	1229	373
PD44927a_vs_PD44927b__pv	756	6844	4121	2138	1263	689	889	2768	1661	1354	810
PD44928a_vs_PD44928b__pv	1018	3765	1226	2974	1957	1091	1127	1171	3400	2024	151
PD44929a_vs_PD44929b__pv	1103	5528	3187	2254	1436	1592	689	3016	1219	1608	803
PD44930a_vs_PD44930b__pv	927	2968	9510	1731	146	4934	758	1698	1561	6772	4271
PD44931a_vs_PD44931b__pv	0	5507	12935	12362	1040	210	54356	6908	1228	3136	433
PD44932a_vs_PD44932b__pv	833	8313	1975	1443	1163	2026	733	2302	1811	711	283
PD44933a_vs_PD44933b__pv	1138	86	5	1067	1180	930	407	91	214	270	3830
PD44934a_vs_PD44934b__pv	2551	37929	9437	1165	875	850	1935	10694	2577	0	1900
PD44935a_vs_PD44935b__pv	1401	1206	911	1153	1694	2637	1067	712	2418	2429	524
PD44936a_vs_PD44936b__pv	678	774	946	1303	620	604	417	426	473	1143	331
PD44937a_vs_PD44937b__pv	2367	3058	4041	2466	3061	2444	444	1521	1936	3575	2149
PD44938a_vs_PD44938b__pv	307	3903	3076	1119	2820	4611	1969	2445	1327	952	0
PD44939a_vs_PD44939b__pv	1426	1365	825	2545	1826	1825	763	734	2284	1667	1015
PD44941a_vs_PD44941b__pv	1692	951	623	1868	1146	3480	407	402	2069	1196	653
PD44942a_vs_PD44942b__pv	1046	4091	2478	2531	1527	1400	490	1440	1806	696	314
PD44943a_vs_PD44943b__pv	857	257	244	1263	603	1432	596	273	1373	1278	196
PD44944a_vs_PD44944b__pv	912	3474	1765	1796	1741	2035	1219	1426	2000	1933	231
PD44945a_vs_PD44945b__pv	1677	13466	13404	1060	0	1925	549	5707	2744	1899	1966
PD44946a_vs_PD44946b__pv	1647	2272	2472	2217	538	2144	145	704	1715	1570	934
PD44947a_vs_PD44947b__pv	403	398	249	493	309	551	106	325	585	468	257
PD44948a_vs_PD44948b__pv	586	5532	7147	1556	3069	1760	748	2014	902	1548	3204
PD44949a_vs_PD44949b__pv	393	2550	1600	2081	3457	0	597	1129	1177	575	1576
PD44950a_vs_PD44950b__pv	277	664	328	685	327	552	284	281	1115	603	339
PD46225a_vs_PD46225b__pv	1041	2207	2698	2814	2226	1662	1000	490	3778	1966	1679
PD46226a_vs_PD46226b__pv	862	1958	212	4284	2141	2290	916	318	2020	3137	1415
PD46227a_vs_PD46227b__pv	4145	3557	17941	703	0	5088	225	1483	57	14177	2534
PD46228a_vs_PD46228b__pv	721	8081	4457	2095	1145	490	547	1173	3734	776	619
PD46229a_vs_PD46229b__pv	889	8978	10784	2076	1891	3204	1280	2467	2269	2472	1151
PD46230a_vs_PD46230b__pv	1058	2143	1367	1637	1162	1150	1354	1274	2675	1920	5822
PD46231a_vs_PD46231b__pv	414	189	22	859	1130	841	290	113	762	824	851
PD46232a_vs_PD46232b__pv	1037	2057	1509	1451	2144	1550	233	846	1617	1380	282
PD46233a_vs_PD46233b__pv	3953	1315	5862	2083	0	6129	585	3410	1248	4394	2711
PD46234a_vs_PD46234b__pv	1110	87	42	823	1291	1035	761	196	1076	1483	361
PD46235a_vs_PD46235b__pv	1137	4264	2057	4251	2261	1009	652	703	2342	2000	971
PD46236a_vs_PD46236b__pv	1220	1681	1151	3082	1409	1917	725	742	3301	1778	472
PD46237a_vs_PD46237b__pv	3069	13685	2542	2618	1608	4749	1117	3480	2122	3242	1262
PD46238a_vs_PD46238b__pv	2467	1190	693	0	667	5151	459	718	1039	2858	926
PD46239a_vs_PD46239b__pv	1089	2311	2011	1883	1044	1068	637	1004	1266	1191	568
PD46240a_vs_PD46240b__pv	1185	645	566	1297	1279	1525	647	70	700	1323	95
PD46241a_vs_PD46241b__pv	2403	13981	6737	4211	1024	3935	715	4681	3507	2651	1414
PD46242a_vs_PD46242b__pv	3289	7681	64527	1085	2966	2060	2285	3530	1953	3342	3967
PD46243a_vs_PD46243b__pv	880	697	760	2713	3661	2791	1342	676	1177	1695	1414
PD46244a_vs_PD46244b__pv	1127	172	106	2851	1948	817	465	37	2164	0	79
PD46245a_vs_PD46245b__pv	1742	0	42	1115	0	4038	10	506	2534	4323	2323
PD46246a_vs_PD46246b__pv	2515	1732	4788	2918	1677	5760	1005	2357	1329	5228	2048
PD46247a_vs_PD46247b__pv	2333	1488	3700	5201	2595	2277	697	1428	1817	1285	1011
PD46248a_vs_PD46248b__pv	1268	15590	9360	1807	2272	587	1407	8104	1406	268	493
PD46249a_vs_PD46249b__pv	1161	10384	6810	3162	2326	1358	1366	6000	3623	1381	172
PD46250a_vs_PD46250b__pv	1868	134	53	491	0	2510	456	178	516	1113	3514
PD46251a_vs_PD46251b__pv	1835	442	578	9048	441	1040	27768	557	1381	0	397
PD46252a_vs_PD46252b__pv	0	1119	2519	596	0	1236	3067	0	23828	0	1737
PD46253a_vs_PD46253b__pv	1546	5056	7113	3441	5101	1656	1031	976	1877	2006	698
PD46254a_vs_PD46254b__pv	1425	4796	4095	1995	2790	1164	618	2113	1947	557	316
PD46255a_vs_PD46255b__pv	1265	516	435	2862	1856	1652	318	1351	2068	275	780
PD46256a_vs_PD46256b__pv	1019	1083	3578	2578	1347	971	798	225	976	1800	224
PD46257a_vs_PD46257b__pv	995	158	79	3255	1058	532	640	51	2094	722	483
PD46258a_vs_PD46258b__pv	1387	3628	2652	1298	1798	2501	657	1427	1905	1714	942
PD46259a_vs_PD46259b__pv	1497	1774	2105	1016	2434	2843	593	1290	1020	2025	1125
PD46260a_vs_PD46260b__pv	353	275	224	1179	1917	246	881	171	1217	1922	2807
PD46261a_vs_PD46261b__pv	916	365	325	1179	725	915	472	324	869	982	441
PD46262a_vs_PD46262b__pv	357	639	640	968	632	1143	151	85	454	745	692
PD46263a_vs_PD46263b__pv	824	4789	1756	877	1353	966	515	1800	2928	0	68
PD46264a_vs_PD46264b__pv	1204	2722	2332	651	1513	2772	617	1177	1662	768	998
PD46265a_vs_PD46265b__pv	1022	5579	4864	2294	2257	1408	822	2170	1823	1555	722
PD46267a_vs_PD46267b__pv	96	2	9	60	13	108	17	34	16	190	57
PD46268a_vs_PD46268b__pv	658	1780	21	1748	1111	1442	740	661	1556	1836	710
SLX-16751	501	1715	1283	1085	483	453	182	509	765	620	215
SLX-16752	1124	4580	9092	991	686	644	99	4330	848	723	215
SLX-18929	72703	128655	126437	63685	66019	75332	37121	61359	80966	56016	35487
SLX-18949	1415	14118	13125	2255	1720	1719	881	7642	2176	850	523
SLX-18950	776	557	173	455	253	339	199	123	380	273	96
SM-4AX82_vs_SM-4AWN8__pv	2090	2121	1442	2326	1100	2479	388	732	3314	1628	480
SM-4AX83_vs_SM-4AWN9__pv	880	1283	470	426	415	1031	252	675	711	517	637
SM-4AX84_vs_SM-4AWNA__pv	1089	7637	6061	1885	1201	1116	806	3767	3096	842	550
SM-4AX85_vs_SM-4AWNB__pv	3107	170	364	2145	1804	1760	1224	454	2412	1017	923
SM-4AX86_vs_SM-4AWNC__pv	2003	3953	3825	1168	1824	1665	407	1274	1828	795	1406
SM-4AX87_vs_SM-4AWND__pv	546	37	155	726	637	512	171	117	1486	494	89
SM-4B295_vs_SM-4AWNE__pv	2694	6805	5281	1542	2344	3405	366	1951	1715	2649	1208
SM-4B296_vs_SM-4AWNF__pv	5120	6563	6962	785	2086	8289	1354	3557	1653	4287	6872
SM-4JPP6_vs_SM-4JPUS__pv	1695	1475	941	1474	1729	3531	823	481	4070	3457	718
SM-4JPP7_vs_SM-4JPUT__pv	877	890	969	1449	871	1188	439	742	703	1833	931
SM-4JPP9_vs_SM-4JPUT__pv	827	1031	967	1382	826	1160	376	794	657	1745	874
SM-4JPPA_vs_LP6005333-DNA_B01__pv	1569	2419	1587	4728	6837	2678	1466	1001	5045	2166	226
SM-4JPPB_vs_LP6005333-DNA_B01__pv	1713	1949	1631	4684	6799	2536	1475	875	5083	1868	259
SM-4JPPC_vs_LP6005333-DNA_B01__pv	1650	2584	1536	4758	6803	2542	1494	1047	5090	2014	274
SM-4JPUV_vs_SM-4JPUS__pv	469	89	158	736	570	901	244	177	603	989	177
SM-4JPUW_vs_SM-4JPUS__pv	8	1	0	10	11	1	9	12	0	96	2
SM-4JPUX_vs_SM-4JPUT__pv	1348	521	421	1143	969	993	6	437	573	1695	585
SM-4JPUY_vs_LP6005333-DNA_B01__pv	1448	3535	2250	4729	7048	2840	1573	1791	5145	2100	172
SM-4JPUZ_vs_LP6005333-DNA_B01__pv	1647	3508	2141	4299	6764	2681	1397	1752	5005	2104	210
SM-4JPV1_vs_SM-4JPUS__pv	1623	1238	936	1316	1577	2902	619	320	3438	3031	592
SM-4JPV2_vs_SM-4JPUS__pv	1629	1782	1383	1491	1874	3247	782	514	4123	3500	651
SS6003109_vs_SS6003108__pv	1958	5265	3085	1113	272	2580	397	1788	1790	1477	3689
SS6003111_vs_SS6003110__pv	2016	2547	2440	2910	1832	3130	605	1720	3135	2968	1065
SS6003113_vs_SS6003112__pv	764	3345	6637	1464	372	839	44	789	1821	898	492
SS6003115_vs_SS6003114__pv	1107	8868	7277	1482	1541	1590	363	5063	2110	1052	812
SS6003117_vs_SS6003116__pv	0	48	0	1557	3552	0	93	79	920	0	4587
SS6003119_vs_SS6003118__pv	749	141	173	945	717	1643	274	188	619	917	215
SS6003121_vs_SS6003120__pv	1947	1141	27425	2314	622	2438	396	7034	1510	2056	1965
SS6003125_vs_SS6003124__pv	594	5323	4504	1338	753	1718	230	830	1754	1841	595
SS6003129_vs_SS6003128__pv	1557	6497	5512	3220	3807	2755	791	3114	3035	2213	724
SS6003131_vs_SS6003130__pv	881	326	147	1465	1020	942	243	251	1370	549	294
SS6003133_vs_SS6003132__pv	716	580	43	1132	2621	0	438	169	6708	0	2788
SS6003135_vs_SS6003134__pv	709	16033	7742	1091	881	1073	734	4100	1190	1005	1206
SS6003137_vs_SS6003136__pv	1161	1592	1099	2036	1158	1545	797	424	2841	1564	188
SS6003149_vs_SS6003148__pv	389	22014	16179	1775	4361	2529	1106	15680	661	2968	3117
SS6003302_vs_SS6003301__pv	1043	2999	2875	1536	1504	1566	713	796	1920	2755	793
SS6003303_vs_SS6003301__pv	865	2039	2077	1133	768	1259	308	476	1496	1633	728
SS6003305_vs_SS6003304__pv	1841	156	175	1182	381	4755	133	278	954	1436	1797
SS6003306_vs_SS6003304__pv	1503	238	260	1072	183	2374	120	136	679	1047	1115
SS6003308_vs_SS6003307__pv	928	771	452	1348	1936	817	223	296	939	516	542
SS6003309_vs_SS6003307__pv	1136	913	423	1598	2493	1325	262	311	1273	761	816
SS6003311_vs_SS6003310__pv	1258	193	125	1746	1673	385	2363	239	11326	1543	383
SS6003312_vs_SS6003310__pv	758	28	119	1545	1161	0	2540	170	10961	1628	423
SS6003314_vs_SS6003313__pv	842	5373	3929	969	1456	981	648	2829	1043	895	1284
SS6003315_vs_SS6003313__pv	785	5366	3974	983	1392	1020	679	2892	1019	895	1315
SS6003317_vs_SS6003316__pv	670	15071	7882	1570	2587	1997	661	5394	1857	0	266
SS6003318_vs_SS6003316__pv	739	14987	7968	1592	2712	2149	674	5433	1868	0	262
SS6003320_vs_SS6003319__pv	1306	5881	5606	2847	915	1662	937	1703	1636	2432	1346
SS6003321_vs_SS6003319__pv	1150	5691	5380	2594	777	1746	901	1654	1581	2308	1153
SS6003323_vs_SS6003322__pv	1314	4903	662	2347	2446	1564	783	3074	1641	308	561
SS6003324_vs_SS6003322__pv	1569	3560	597	2083	1952	1532	362	2061	1392	529	606
