MutationType	SBS96A	SBS96B	SBS96C	SBS96D	SBS96E	SBS96F	SBS96G	SBS96H	SBS96I	SBS96J
A[C>A]A	0.00801983321737498	0.002982791064074263	0.0010049163451158112	0.012302219823002815	0.015751094449311494	0.023420401196926833	0.001111202176972166	0.0620648488625884	0.00268537274361006	0.006297868249937892
A[C>A]C	0.003504834990249947	0.002127541043329984	1.967683483962901e-05	0.005147502122446895	0.021444996897131204	0.025494381699711084	0.0013171777655370533	0.01649131952598691	0.0002673443860806609	0.0003055277459847273
A[C>A]G	0.004610475433059037	0.00033333125470380766	6.3323147801303585e-06	0.0005935314418456983	0.002255690546706319	0.001786166236968711	0.0	0.002989894328638911	0.00026842361867296697	0.0005761809350151452
A[C>A]T	0.0025779577747453005	0.0023613264228915794	0.00013502027055346078	0.0026890555477002637	0.013914384396746755	0.023970560785382986	0.003768674263264984	0.025269440356642008	0.002292162492009993	0.002204394212226009
A[C>G]A	0.013028593493625522	0.0005315053649101174	0.0008319556937785819	0.0017802369503770023	0.004813224837649613	0.014256247617304325	0.0015091466151643544	0.0028621908698696643	0.0012821777843783895	0.004221485081128776
A[C>G]C	0.006559004489332438	5.0551632751811194e-08	0.0010120752223301678	0.0011993379030609504	0.0033039309468586	0.009315670866519212	0.0004566443697549403	0.0023082921823952347	0.0007218312104741926	0.001507270357280504
A[C>G]G	0.004829309991560876	7.809725578354772e-05	4.687136635402464e-05	7.914983166422097e-05	0.0009697622311869054	0.0021396137478295716	8.175881460323584e-07	0.00027578091885530585	0.0006695427411941636	0.0010116331392200663
A[C>G]T	0.012404979475773872	1.1393070617486955e-06	0.003582099559251219	0.002061040600063279	0.0024878270774133853	0.01914362516067922	0.0011770771993324161	0.001322113679555826	0.0006270282539189793	0.004518880619201809
A[C>T]A	0.038088289052248	0.0008443008636734049	9.491768126641206e-05	0.016845127999782564	0.04204332198947668	0.007950473752745893	0.044763890229165555	0.003219389791163849	0.007874958799919113	0.0013152002965178165
A[C>T]C	0.018516091311350465	0.000238666255365343	0.0007908950434066355	0.007636683027260006	0.02754459364339709	0.003273112451381613	0.01319027728959918	0.0029783869377570226	0.0026188925059977917	0.0013520718975176763
A[C>T]G	0.033757017526775596	0.0013538687960635927	0.0034622626101151258	0.20354848122596741	0.008908128275420273	0.009584606958553194	0.024625649919733403	0.013395577799682897	0.00474412538399386	0.00802772286471722
A[C>T]T	0.029420458558946847	0.0019010122590698301	0.0003377217362585515	0.007192857426125556	0.04155886559933424	0.007795346410246566	0.011796116983518004	0.005207069438649342	0.0019924600747038192	0.002116969012509868
A[T>A]A	0.007184268246404827	0.001347313053731341	0.0005351389001880307	0.0067384289186447855	0.007279414322227239	0.016178690003231168	0.0035752655216492713	0.0038694010875187815	0.003004030682728626	0.0027613979927264155
A[T>A]C	0.0034889978654682637	0.0017004136731848122	0.0007163002205779776	0.004690410156734288	0.010189149369485676	0.012516445104032756	0.005388212759047746	0.003995712038129568	0.001991606757568661	0.00018490910824019906
A[T>A]G	0.007601122691296041	0.0012573655660962687	4.604365325223103e-38	0.0031907572178170086	0.008501409746706486	0.01076261568814516	0.00022792870887883862	0.0030887985294684767	0.0019589841409134337	0.002055731785017997
A[T>A]T	0.0004269898778839859	0.007846858765929937	0.0022744667079532517	0.022195125713944434	0.015760803382843733	0.022736493527889253	0.027415541645139457	0.013581666877493263	0.010529410916846246	0.004312249410082586
A[T>C]A	0.060988209143280986	0.002445541931199841	0.001883400629816606	0.008210459140129387	0.007219303294550628	0.01334203147678636	0.02780097222700715	0.005319580247160048	0.009706566139124333	0.004541435023769736
A[T>C]C	0.01982686233147979	0.002773888512165286	0.0005577161620167317	0.002147949202451855	0.0037492076996713877	0.006880544346757233	0.01025449756719172	0.0025297381398268043	0.011898865084163844	0.0013809893450234085
A[T>C]G	0.05855350336432457	0.0012793368965916185	1.3358534845951814e-05	2.5639284332535557e-05	0.0028259269131539863	0.00014872010207621258	0.033581638373434544	0.00025494142233756695	0.011032387676648795	0.0011087448909522606
A[T>C]T	0.05053916660696268	0.006489700154401362	0.0013456228472897964	0.006267549016512931	0.01068063101451844	0.013262889115139842	0.007300802163779736	0.0059104905985295775	0.014648404843173922	0.004229782670969144
A[T>G]A	0.008857781243510544	0.000421889838157675	0.003563808815088123	0.0015443471895996482	0.0006303728220260712	0.012504920711204341	6.86574208827366e-05	0.0007937561564144145	0.0027932223721873015	0.0021142809644516094
A[T>G]C	0.004063482720404864	0.0011232982192147785	0.0032828247692668813	0.0002991449621526028	0.0012314096469781361	0.0026307030342286454	0.0009526188566815108	0.0002982412108822496	0.010960378058254719	0.0002544565663626911
A[T>G]G	0.008268746628426015	0.0006999824831338512	0.0008772325087725221	6.932831474603941e-06	0.0027808536638040094	0.007170047509483993	0.0006861932462779805	0.0011788432662724517	0.00614078176394105	0.0007847500249530234
A[T>G]T	0.004468952781753615	0.038566922962665555	0.0426796487942338	0.0021525915290112607	0.006692127164453268	0.004391230373529311	5.58245936536539e-05	0.0020330025324510645	0.09245010717958212	0.0003734964324759985
C[C>A]A	0.003457103692693636	0.0015745233251946047	0.0013166153660276905	0.0018773818326899372	0.00972687869798392	0.018615030910819768	0.014209762735292316	0.05142182217538357	0.0009997711748536387	0.005889439883641899
C[C>A]C	0.0023647389970719813	0.0012207385942165274	8.143171245586592e-05	0.002633183347992599	0.008562494981335477	0.016265698099508882	0.02347084742039442	0.011891031144186855	0.000558193969221962	0.001703600016240671
C[C>A]G	0.0033653070316649976	4.799712173237152e-05	0.00016845838931021717	0.0022969297273084523	0.00104459070990235	0.0009697967023821548	0.003675287078600377	0.005095967587083578	0.00040608910260268773	0.0008050226846680744
C[C>A]T	5.1400044266516345e-05	0.0005002103048527767	0.0008535331182769818	0.0012788452617679366	0.005611930711379836	0.02011766148172319	0.07057592511177063	0.035404750019311905	0.0030749699072915478	0.0022260305401324344
C[C>G]A	0.005472199053969234	0.0003673000816002816	0.00042393897780857516	0.0001265092255710539	0.0038766286843456327	0.011066136723384261	0.0	0.0014936640407249796	0.0012596565512649248	0.004141492074355483
C[C>G]C	0.006286547715775669	0.0004687226591959188	2.110067710345532e-05	0.00022639456325402595	0.0034745041880669303	0.008810015754774213	0.00013936506611435107	0.0012137879692600108	0.0010837425994541263	0.001020458202197915
C[C>G]G	0.0028549957838840782	8.925548552399999e-05	3.7123850158765696e-06	0.00048778945321100765	0.0012597921831184068	0.0018671782589517534	0.0	0.0003447499027079175	0.0003960404559042388	0.0008691322989179752
C[C>G]T	0.008215740450657904	3.959218700449023e-05	0.001223411699058488	0.00012272540512801888	0.004483808940860178	0.01639931751228869	0.0	0.0018674421004834585	0.0017717230673879385	0.005638879294507205
C[C>T]A	0.012224782896228135	0.0007535423238547483	0.001895075282198377	0.00976039807870984	0.054160069614648816	0.010369184615090489	0.0062279966687783595	0.006761526057962328	0.0027202383304247633	0.009862802402116358
C[C>T]C	0.006187462031375617	0.000903268041160473	0.0016160049714380876	0.00487895056033269	0.05370651450008154	0.009266112280078233	0.011768287995830178	0.00410451126501539	9.90881895995699e-06	0.0012340990875934295
C[C>T]G	0.02459429510682821	0.001624199377547484	0.0025631349902620853	0.13273345796763897	0.009290397252654656	0.004723193094562845	0.022683957805857063	0.009279516611960503	0.0032432524671530145	0.00485116260111138
C[C>T]T	0.01625362490862608	0.0019845199048286306	0.001005371290812036	0.009596880860626697	0.053075633510947226	0.013051842170767486	0.00848835545964539	0.006055477051064372	0.0012092289553745426	0.0068310269201174376
C[T>A]A	0.00038890232495318735	0.001697660164325498	1.0936030469013765e-05	0.0	0.007136627729050815	0.015172794695943594	0.0009194420666899532	0.001292306212809753	0.001739345774173673	0.0007519152668735626
C[T>A]C	0.00011775438003168124	0.012839453406631946	0.00680939344316721	3.7385492868529005e-05	0.009161844262620435	0.014725387433543801	0.0033130147070623934	0.0024496334639843554	0.010518922619288787	0.001254487529033213
C[T>A]G	0.0021110786921344697	0.004649487907532603	0.0012392914642114193	1.1210387714598537e-47	0.00854764952370897	0.015007442055270076	0.0008628572657471522	0.001978757991368184	0.0069827146760653705	0.0019899498965241947
C[T>A]T	0.0002144296533355936	0.05357237665355206	0.025331940271891652	0.00021508953263742254	0.015165969375055283	0.02600670985132456	0.0011890908855129965	0.0027395739728817716	0.00335792845710489	0.0024351568263373336
C[T>C]A	0.020135404439643026	0.005753635656554252	0.0023801048634391007	0.0016805439830314965	0.0021252986209583467	0.011373708663973957	0.018495654348284006	0.0013701600846179644	0.018896284855902196	0.002294643655186519
C[T>C]C	0.012027968108654022	0.045799067556858065	0.018710553389042615	0.001433276261994621	0.0056162568511790596	0.008693862814456225	0.009305558448657393	0.0019006885041017085	0.05805578173883259	0.002339800686575472
C[T>C]G	0.032795251969248054	0.025607251055538655	0.008565464500337839	5.662330782508303e-06	0.0016599570493878108	0.00042409896270825624	0.03428480901569128	7.981662855354722e-05	0.05208872035665994	0.0002129020709108007
C[T>C]T	0.019233863800764084	0.21604004812240601	0.08044808703472739	0.0032307904307051567	0.01266990593034264	0.005711563088204404	0.018177117930725215	0.0025067207202280313	0.028888380190507885	0.0009179941038213369
C[T>G]A	0.0029851551034953444	9.665894016389238e-05	0.0027897756120655688	0.0008680439782961263	0.001880066649406217	0.007639859341783449	0.0007089918213896454	0.001612249368801713	0.006432755597867072	0.0009755163114105315
C[T>G]C	0.003537990770302713	0.005866815017419867	0.025290367048233748	0.0	0.0009863968546615655	0.004568159266375005	0.0053488385295495395	0.0010071540063951287	0.021395340448012577	0.001006574405473657
C[T>G]G	0.005355015480425209	0.0028416309498716145	0.010003539078868926	3.1117704499312214e-05	0.0034358158989343792	0.009772395089268684	0.006234042601659894	0.0019371845374407711	0.016750384002923967	0.0015291619119234383
C[T>G]T	0.0003352171626631335	0.28676704356074334	0.4523314254283905	0.005797677769998043	0.009502377392812442	0.00613390314821986	1.822281041603273e-05	0.003874321336422297	0.042290621906577903	0.0017768096873285307
G[C>A]A	0.005502927581313997	0.0007891947981165899	0.003031724106403999	0.007038132269342896	0.0033905596998468424	0.0006851671442494988	0.002303752006009745	0.1261535214930773	0.0005803416122684264	0.00852596594484246
G[C>A]C	0.0020586869408143684	0.0014980200649588368	3.89611933874834e-05	0.001465836378129883	0.010671387482900172	0.013086833497509361	0.0046497142761945725	0.021105720158666373	6.281354540653989e-05	0.00014115474306425644
G[C>A]G	0.0034672251273877917	0.0001805452063199482	0.00016302287555698347	0.001714072490343824	0.0021470360211096706	6.278660461359182e-05	0.00047260359858046285	0.006228707117028534	6.669942981630988e-06	0.0005059079903149347
G[C>A]T	0.002005869124317542	0.00019947488613231482	0.001930986901919823	0.0023169173530924823	0.003134083796643958	0.006996164707932621	0.013055544851347804	0.07006260234117508	0.0017361694010469364	0.0054101121839485134
G[C>G]A	0.005929124316200614	0.0002565460579671909	0.00010566877829551267	0.0005857915000233334	0.0022803106384235434	0.00652386620361358	0.0002178283456232748	0.0015611118442611768	0.001241902428359026	0.001416224024258554
G[C>G]C	0.004464689864311367	2.857785667058102e-05	0.0011507450339850037	9.115362708472833e-05	0.003033712840900061	0.009563237288966775	0.0017656640359200537	0.0011213725172565336	0.0005277479723613694	0.0008435266636938274
G[C>G]G	0.003202566265128553	7.966333770678013e-06	0.00011332684520675684	7.66894812621661e-05	0.000762143476458732	0.0004677863000833895	0.0001252311896387255	0.00016542871768433542	4.5663745944957685e-05	0.0003916467323724646
G[C>G]T	0.0065288918791338805	0.00010784479797236912	0.0011022084242431447	0.0006088687972660409	0.002699088422290515	0.010819798108190297	0.000706267591973301	0.0013910933967563324	0.0010113952414831148	0.0021878774027572945
G[C>T]A	0.011637752303853631	0.0002511466496114761	0.0008875786660355516	0.014564089572057128	0.024879744470119477	0.01152855058806017	0.04483166117221117	0.0026687554754316807	0.0026464193830033765	0.002563516046793666
G[C>T]C	0.011458882357925177	2.697814454210443e-05	0.0025725521771237255	0.01705260873399675	0.01595738145709038	0.008081301107790349	0.0553840644583106	0.0006989623032734431	0.00028899709940747144	0.0012826894336090246
G[C>T]G	0.006151106945524799	0.000474500848804851	0.005977903855033219	0.1627793119251728	0.0040754687802556115	0.015830625315662473	0.061962441593408586	0.010361676169018797	0.0022419662333220906	0.004251060121263262
G[C>T]T	0.017309241507202387	0.0009020386871998198	0.0020494437380693853	0.01546466320566833	0.020190808799117804	0.008546515993773937	0.033022051721811295	0.0035813890756107867	0.0011704979884615957	0.0033163267322815953
G[T>A]A	0.0022277081890497356	0.0008700068384641782	4.495469236941342e-07	0.0006695128576729985	0.0038471961463801565	0.008217877363786102	0.0009830840470967815	0.0010051476659136823	0.0010407950004000669	0.0009131768837535219
G[T>A]C	0.0019349666305352002	0.0031906898114830258	0.0015460703413700686	0.0007088629240151931	0.004873231156496331	0.006812274490483105	0.00316440469911322	0.0014085220643901266	0.0027461515022441747	0.000560239390303515
G[T>A]G	0.003482090266421437	0.0016490346376085653	6.0938403506008796e-05	0.0011418673841981216	0.0035744937490671874	0.006764072984457016	0.0011721154156839476	0.0013277814843459055	0.002756134041817859	0.000967007837476558
G[T>A]T	0.004083187566604465	0.011178224386647343	0.0032027246031817087	0.0012792623300338164	0.006620779903139919	0.011763068148866296	0.00255442551150918	0.002487019987311214	0.0054616910961922255	0.0009977001901244219
G[T>C]A	0.020409781541675328	0.001072912872452889	0.001435471049779153	0.008555611665360629	0.0014951304361901687	0.008653370132941025	0.032785626277327534	0.0021054351361235605	0.007532638466451317	0.001718123820410938
G[T>C]C	0.011759403437376022	0.008890654104761779	0.00415206189127639	0.004838584302458912	0.0024182922397740186	0.006493178689852357	0.013137189639732242	0.002544646175345406	0.014779770320281386	0.0014810606904793531
G[T>C]G	0.02694119517505169	0.005857054601889103	0.0018612508057849482	0.0034483405365608633	0.00021935461591828241	0.00022886378963305523	0.028287301447242497	0.00021683394728669872	0.01632636717474088	0.0014254220122352894
G[T>C]T	0.02296730808913708	0.019495102405548095	0.005555082630879664	0.006092880136333406	0.005240373395383358	0.00831779784336686	0.01613149560242891	0.004009427600540221	0.0107351144796703	0.0030276348842307927
G[T>G]A	0.004262193899601698	0.00023142382863140662	0.0006100372858491028	0.00014143053402596728	0.0012090004725032486	0.0041206816262565555	0.00016433238132594852	0.0005648954957578098	0.0022506095606368037	0.0003979892448238381
G[T>G]C	0.0035548669300042093	0.0017977020919788629	0.006050703909248114	1.4352482139656785e-08	0.0008068158490060126	0.0024311954786535354	0.001007066553691402	0.00015029501181650112	0.005750838681822643	0.0001767117363905527
G[T>G]G	0.005675378468818963	0.0009051595067139715	0.002270602159202099	0.00016863755309747452	0.003141972917597741	0.006816592527553439	0.0013670769080054014	0.001100360215670662	0.006227579379919916	0.0008069073109217868
G[T>G]T	0.004908497523050755	0.06220579558610916	0.09019649715721607	0.0022614057809114455	0.0025457030996045224	0.004547020985512063	0.006664369992911816	0.001986713398830034	0.048632365248166026	0.0004548333515404041
T[C>A]A	0.004410468806629069	0.00020595262869330805	0.0030407296864432285	0.006256021024426446	0.005550327391538303	0.012986994290316942	0.0018032455426027808	0.10069709089398383	0.0021509221939398273	0.027688656747341157
T[C>A]C	0.002210943783225957	0.0014083619000739417	0.0008189513881807216	0.004987356969621033	0.009419116049073636	0.01569293236732483	0.0032539557088166475	0.052396130174398425	0.000840372661164424	0.010786704265512526
T[C>A]G	0.002854675353039056	3.1622194018801625e-05	0.0002550018291503875	0.0013708381253527478	0.00078156389051444	0.00018654485881944597	0.00022909661638959733	0.012345775213092566	0.0002027700126378581	0.0021936857553664594
T[C>A]T	0.003142743188005725	0.00017181077867559492	0.0067112631839700045	0.010853514795001048	0.009372188897337765	0.01635427222819999	0.014772349933162331	0.17217234951257707	0.004298784845595543	0.02467359673976898
T[C>G]A	0.009249493604106686	2.431416942574792e-05	0.002508642274187878	5.311842124251102e-05	7.0183388888835916e-06	0.016231884133070706	4.578656414853053e-05	4.9942020114808674e-05	0.000194873039741389	0.1148355212956667
T[C>G]C	0.007418172653764486	9.863931029030551e-05	0.0012002622603904457	0.0001523470704194968	0.0032059607987175694	0.014465176470577717	1.3607235523102873e-07	0.0016564367999671958	0.001466891642252449	0.026582719080150127
T[C>G]G	0.0034852761230431497	0.00016144489619910018	8.492470836609797e-05	8.75231915089299e-06	6.850751431922988e-05	0.0012503038214053959	1.565084182841499e-05	6.573043577608729e-06	6.692098980893612e-05	0.006597293349914253
T[C>G]T	0.015945779984584078	1.57793646762954e-05	0.006070924817118794	0.002110474563320167	0.001680097438926477	0.036299267468973995	0.000484005950023941	0.0013392827346857844	0.0008350154422805644	0.14164525988698007
T[C>T]A	0.0006055575797908981	0.0006373242467128708	6.523935589939356e-06	0.009358345800112227	0.0820418132841587	5.319171119481325e-06	0.00605901367450133	0.00034813644389123586	0.010252718452364206	0.22808391484618187
T[C>T]C	0.006287961412221194	8.581664814165494e-05	0.002194410466530826	0.0143029574919492	0.06306410911679268	0.007397104168776422	0.007819058667868375	0.003927033137326362	0.008239517635665834	0.05904442212730646
T[C>T]G	0.018961955826729535	0.001115763888170477	0.002338535151560791	0.08267081037163734	0.011061953898519277	0.0016039850200138725	0.008561665178845117	0.00783057680237107	0.000961257402560044	0.02923224291950464
T[C>T]T	0.004518051563994996	0.0008223021039891271	0.0009592029887647547	0.017141443393193186	0.08138027881085873	0.005202237529543184	0.005817723153624684	0.0037614188224542886	0.011726924661546945	0.13532416747510434
T[T>A]A	0.00023347711369187113	0.003465899422764778	0.005828974247910082	0.030086748566478493	0.01841502025537193	0.028407410308303953	0.013775083472952247	0.01877580336108804	0.0025845365569235252	0.006603728865155703
T[T>A]C	0.0014850707091391086	0.0030918436497449873	0.0008048884037891004	0.0006579009033108981	0.0074376804698258634	0.012668898014351726	0.0012620263826102018	0.0018747407430782913	0.005813098322600126	0.0013334424392814981
T[T>A]G	0.0032339501255191864	0.0012817619220586495	0.0003578467068000464	0.0007441033820723532	0.004139980617910623	0.008620599244721234	0.0008950238417601212	0.0013493582118535414	0.0027248340456280857	0.0016348136322339997
T[T>A]T	0.0021816737050830855	0.015869037605822086	0.004790604922920465	0.01553787643648684	0.009949287823401392	0.028485561560839416	0.017848795495927335	0.004475040892604739	0.01762617585901171	0.002676502415386059
T[T>C]A	0.025630892500281333	0.005586101238615811	0.006057181944604963	0.0053686425796477125	0.0005197590491267223	0.022536983382431118	0.020559908229857683	0.0033342594460118564	0.0030273673551683682	0.004126483602740336
T[T>C]C	0.015548840943723916	0.005945049233967438	0.0041829993290593845	0.010030085468664766	0.002162820288227522	0.011584317527478561	0.021985248789191246	0.0025405078802723437	0.028628275115042925	0.002429278706520563
T[T>C]G	0.02501152319461107	0.004484352566767484	0.0010689127618240838	0.00230717673455365	2.53430759862477e-05	0.0031195818914566188	0.019668294697999956	0.0007167550176600344	0.017260104595683515	0.001565345044597052
T[T>C]T	0.026417604587972165	0.021967103783041238	0.005463131018682901	0.011739177796989679	0.002761839304497698	0.011275155624258333	0.0331743796505034	0.0017355616216082127	0.03105927409976721	0.0031904511731117966
T[T>G]A	0.008387719023507089	6.254560901339218e-05	0.006972993603907526	0.0011805691504221518	0.00036803391149805697	0.017787219529505818	0.00017848440009547606	0.001090568394837068	0.0021432077614868595	0.0027159681824268775
T[T>G]C	0.006828060290776193	0.0010631453570845034	0.006250376496464014	0.0004807570461762225	0.0013234041485411581	0.005525910617085174	0.000372962214765721	0.0002593112061066797	0.017317271486856044	0.000812495286757553
T[T>G]G	0.00772638030257076	0.0014273999815486648	0.0031066128208767623	0.004145391649100929	0.0023273315674159677	0.010883065138943493	0.0050881706643849615	0.0017869656255934388	0.010657344645820558	0.001411396601211891
T[T>G]T	0.006149029455395689	0.05909889555722475	0.07872317932546138	0.017527460152283313	0.00502464524754801	0.016664063551850614	0.00929236934799701	0.002601664315947451	0.19683185055851937	0.0009336050895394123
