MutationType	SBS96A	SBS96B	SBS96C	SBS96D	SBS96E	SBS96F	SBS96G	SBS96H	SBS96I	SBS96J
A[C>A]A	4.91E-05	1.81E-05	1.31E-05	7.24E-05	1.06E-04	4.77E-05	2.11E-05	8.20E-05	1.42E-04	5.94E-05
A[C>A]C	3.79E-05	1.63E-05	5.48E-06	3.11E-05	9.38E-05	1.26E-04	1.54E-05	3.39E-05	5.28E-05	3.14E-05
A[C>A]G	7.88E-06	3.30E-06	7.89E-07	4.92E-06	1.59E-05	1.26E-05	0.00E+00	7.70E-06	8.74E-06	7.19E-06
A[C>A]T	2.82E-05	1.74E-05	7.20E-06	3.38E-05	8.04E-05	6.51E-05	1.08E-05	3.99E-05	8.32E-05	3.49E-05
A[C>G]A	3.47E-05	7.45E-06	7.51E-06	1.00E-05	3.70E-05	3.37E-05	4.66E-06	1.37E-05	8.52E-05	3.00E-05
A[C>G]C	1.93E-05	5.06E-08	9.41E-06	7.90E-06	2.40E-05	2.00E-05	3.09E-06	1.06E-05	5.68E-05	1.87E-05
A[C>G]G	1.00E-05	2.94E-06	2.03E-06	1.95E-06	1.24E-05	1.26E-05	2.09E-07	4.36E-06	6.82E-06	8.85E-06
A[C>G]T	5.05E-05	5.55E-07	2.14E-05	1.15E-05	4.13E-05	6.84E-05	5.25E-06	1.55E-05	1.50E-04	4.08E-05
A[C>T]A	1.13E-04	2.66E-05	9.96E-06	6.86E-05	1.04E-04	1.27E-04	2.66E-05	3.97E-05	5.75E-05	6.31E-05
A[C>T]C	7.54E-05	8.80E-06	1.02E-05	4.78E-05	7.73E-05	6.91E-05	1.98E-05	2.15E-05	2.05E-05	4.25E-05
A[C>T]G	2.66E-04	5.70E-05	8.14E-05	3.09E-04	3.68E-04	1.91E-04	1.26E-04	3.37E-04	1.20E-04	2.10E-04
A[C>T]T	1.12E-04	1.25E-05	1.54E-05	7.18E-05	1.16E-04	1.23E-04	3.16E-05	3.05E-05	2.65E-05	5.93E-05
A[T>A]A	2.23E-05	1.36E-05	8.90E-06	1.82E-05	3.33E-05	7.69E-05	6.80E-06	1.49E-05	1.53E-04	2.81E-05
A[T>A]C	1.59E-05	9.44E-06	6.25E-06	1.71E-05	4.35E-05	4.35E-05	7.22E-06	1.67E-05	3.22E-05	1.44E-05
A[T>A]G	1.43E-05	1.15E-05	4.60E-38	1.36E-05	2.82E-05	1.86E-05	6.37E-06	1.35E-05	6.43E-05	1.79E-05
A[T>A]T	2.68E-05	3.50E-05	1.92E-05	4.14E-05	8.50E-05	1.13E-04	1.46E-05	3.02E-05	1.87E-04	4.28E-05
A[T>C]A	1.04E-04	3.94E-05	1.85E-05	3.19E-05	7.66E-05	9.99E-05	2.84E-05	2.60E-05	1.85E-04	4.39E-05
A[T>C]C	3.02E-05	3.77E-05	1.19E-05	1.47E-05	2.50E-05	1.91E-05	1.13E-05	1.26E-05	7.04E-05	1.87E-05
A[T>C]G	9.10E-05	4.51E-05	4.31E-06	1.57E-05	6.74E-05	2.85E-05	3.52E-05	2.04E-05	8.41E-05	3.74E-05
A[T>C]T	7.49E-05	4.78E-05	1.51E-05	2.72E-05	9.41E-05	7.57E-05	1.29E-05	2.69E-05	1.05E-04	3.73E-05
A[T>G]A	3.92E-05	9.12E-06	2.25E-05	1.30E-05	2.51E-05	9.85E-05	3.65E-06	9.74E-06	1.45E-04	2.86E-05
A[T>G]C	1.07E-05	2.96E-05	2.70E-05	7.04E-06	1.36E-05	1.74E-05	3.52E-06	6.30E-06	7.41E-05	8.13E-06
A[T>G]G	1.82E-05	1.87E-05	1.25E-05	1.65E-06	2.01E-05	1.88E-05	2.51E-06	9.53E-06	3.27E-05	1.55E-05
A[T>G]T	8.03E-05	1.70E-04	1.29E-04	2.83E-05	1.09E-04	7.04E-05	1.33E-05	3.49E-05	7.31E-04	1.78E-05
C[C>A]A	3.83E-05	1.27E-05	1.10E-05	6.82E-05	1.04E-04	7.37E-05	1.95E-05	7.79E-05	7.60E-05	4.88E-05
C[C>A]C	1.43E-05	1.15E-05	5.89E-06	2.23E-05	8.80E-05	7.22E-05	1.75E-05	2.99E-05	3.99E-05	3.33E-05
C[C>A]G	5.71E-06	2.33E-06	2.71E-06	9.06E-06	1.36E-05	1.45E-05	4.26E-06	8.71E-06	7.00E-06	9.39E-06
C[C>A]T	1.97E-05	1.82E-05	1.78E-05	5.58E-05	2.06E-04	1.20E-04	5.85E-05	8.74E-05	6.93E-05	7.20E-05
C[C>G]A	2.09E-05	6.41E-06	6.13E-06	3.85E-06	3.11E-05	2.21E-05	0.00E+00	1.13E-05	4.69E-05	2.58E-05
C[C>G]C	1.76E-05	6.47E-06	2.13E-06	6.27E-06	2.81E-05	2.21E-05	2.81E-06	9.85E-06	3.11E-05	2.03E-05
C[C>G]G	6.39E-06	2.37E-06	6.51E-07	3.76E-06	1.18E-05	1.19E-05	0.00E+00	4.40E-06	5.44E-06	7.57E-06
C[C>G]T	3.36E-05	3.94E-06	1.17E-05	4.52E-06	4.31E-05	3.35E-05	0.00E+00	1.53E-05	8.03E-05	3.57E-05
C[C>T]A	1.49E-04	1.38E-05	1.76E-05	8.86E-05	1.30E-04	1.25E-04	4.73E-05	3.67E-05	3.77E-05	7.41E-05
C[C>T]C	1.66E-04	1.85E-05	1.87E-05	9.07E-05	1.21E-04	1.79E-04	4.58E-05	4.08E-05	3.58E-06	6.91E-05
C[C>T]G	1.69E-04	3.69E-05	5.11E-05	2.02E-04	2.37E-04	1.21E-04	7.92E-05	2.20E-04	6.18E-05	1.40E-04
C[C>T]T	1.44E-04	1.62E-05	1.65E-05	8.55E-05	1.26E-04	1.58E-04	4.40E-05	3.76E-05	2.32E-05	6.78E-05
C[T>A]A	1.45E-05	1.23E-05	2.65E-06	0.00E+00	5.41E-05	3.23E-05	3.60E-06	1.56E-05	5.17E-05	2.57E-05
C[T>A]C	1.06E-05	2.07E-05	2.97E-05	6.15E-06	6.51E-05	7.59E-05	6.49E-06	1.80E-05	7.67E-05	2.71E-05
C[T>A]G	1.48E-05	2.06E-05	1.36E-05	1.12E-47	5.69E-05	5.38E-05	5.11E-06	1.69E-05	3.80E-05	2.81E-05
C[T>A]T	1.98E-05	1.37E-04	1.95E-04	2.07E-05	1.16E-04	9.32E-05	1.37E-05	3.03E-05	2.62E-04	4.49E-05
C[T>C]A	4.26E-05	5.84E-05	1.98E-05	2.24E-05	3.26E-05	6.05E-05	1.88E-05	1.65E-05	8.41E-05	2.91E-05
C[T>C]C	4.71E-05	1.14E-04	1.15E-04	2.99E-05	8.15E-05	8.12E-05	1.45E-05	2.35E-05	4.90E-04	2.51E-05
C[T>C]G	6.01E-05	1.33E-04	6.75E-05	2.96E-06	4.89E-05	5.24E-05	3.23E-05	1.51E-05	4.63E-04	2.34E-05
C[T>C]T	9.40E-05	4.51E-04	8.81E-04	1.19E-04	2.78E-04	2.13E-04	3.67E-05	7.55E-05	1.12E-03	3.94E-05
C[T>G]A	1.49E-05	1.62E-05	2.34E-05	1.03E-05	1.83E-05	4.64E-05	3.41E-06	9.86E-06	5.59E-05	1.70E-05
C[T>G]C	2.09E-05	5.53E-05	9.87E-05	0.00E+00	4.17E-05	2.39E-05	7.69E-06	1.73E-05	2.02E-04	1.61E-05
C[T>G]G	2.00E-05	3.63E-05	5.26E-05	3.90E-06	3.28E-05	2.69E-05	7.07E-06	1.56E-05	9.42E-05	2.06E-05
C[T>G]T	5.64E-05	1.34E-03	4.30E-04	2.17E-04	6.11E-04	3.39E-04	1.82E-05	2.06E-04	2.06E-03	5.54E-05
G[C>A]A	1.03E-04	1.42E-05	2.63E-05	1.74E-04	2.37E-04	1.13E-04	4.47E-05	1.90E-04	4.80E-05	1.43E-04
G[C>A]C	2.44E-05	1.17E-05	6.45E-06	3.11E-05	6.28E-05	9.32E-05	8.94E-06	3.43E-05	1.24E-05	1.77E-05
G[C>A]G	8.39E-06	2.59E-06	2.46E-06	9.89E-06	1.78E-05	1.19E-05	3.35E-06	1.03E-05	1.06E-06	1.01E-05
G[C>A]T	5.27E-05	8.16E-06	1.98E-05	9.62E-05	1.29E-04	6.08E-05	2.66E-05	1.08E-04	5.69E-05	7.63E-05
G[C>G]A	1.58E-05	5.61E-06	3.82E-06	6.22E-06	2.07E-05	1.59E-05	2.56E-06	8.96E-06	2.64E-05	1.51E-05
G[C>G]C	1.68E-05	2.18E-06	8.92E-06	5.24E-06	3.13E-05	1.98E-05	3.16E-06	1.07E-05	3.76E-05	1.99E-05
G[C>G]G	5.85E-06	6.97E-07	1.38E-06	3.53E-06	8.46E-06	6.98E-06	1.63E-06	3.12E-06	2.23E-06	4.74E-06
G[C>G]T	2.34E-05	4.24E-06	9.12E-06	7.26E-06	2.98E-05	2.25E-05	3.10E-06	1.11E-05	5.05E-05	2.41E-05
G[C>T]A	6.64E-05	9.43E-06	1.24E-05	4.31E-05	8.25E-05	1.15E-04	2.31E-05	3.68E-05	2.46E-05	4.42E-05
G[C>T]C	5.10E-05	5.00E-06	1.67E-05	4.09E-05	9.37E-05	8.92E-05	3.30E-05	4.17E-05	4.18E-05	4.85E-05
G[C>T]G	2.30E-04	3.82E-05	7.39E-05	2.53E-04	2.21E-04	1.49E-04	8.96E-05	2.59E-04	1.61E-04	1.67E-04
G[C>T]T	4.83E-05	8.58E-06	1.15E-05	3.51E-05	4.91E-05	5.94E-05	1.64E-05	2.80E-05	5.31E-05	3.54E-05
G[T>A]A	1.01E-05	7.64E-06	2.12E-07	8.69E-06	2.19E-05	2.77E-05	3.40E-06	8.50E-06	6.33E-05	1.54E-05
G[T>A]C	7.67E-06	7.76E-06	8.27E-06	1.02E-05	2.79E-05	2.65E-05	4.34E-06	1.07E-05	1.54E-05	1.33E-05
G[T>A]G	9.11E-06	1.05E-05	3.26E-06	8.08E-06	1.91E-05	1.14E-05	3.39E-06	8.85E-06	2.98E-05	1.32E-05
G[T>A]T	1.15E-05	2.33E-05	4.01E-05	1.18E-05	3.92E-05	2.09E-05	5.32E-06	1.36E-05	5.45E-05	2.03E-05
G[T>C]A	4.16E-05	2.89E-05	1.64E-05	2.83E-05	4.63E-05	6.30E-05	2.80E-05	2.42E-05	9.16E-05	3.29E-05
G[T>C]C	1.98E-05	3.35E-05	1.80E-05	1.79E-05	2.30E-05	1.36E-05	1.23E-05	1.38E-05	7.80E-05	1.81E-05
G[T>C]G	4.33E-05	4.97E-05	1.48E-05	1.84E-05	1.54E-05	1.24E-05	2.78E-05	1.52E-05	1.21E-04	2.55E-05
G[T>C]T	3.61E-05	3.51E-05	7.27E-05	2.11E-05	2.76E-05	3.63E-05	1.45E-05	1.62E-05	1.03E-04	2.44E-05
G[T>G]A	1.10E-05	7.25E-06	6.55E-06	4.24E-06	1.13E-05	1.70E-05	2.04E-06	5.62E-06	2.53E-05	9.68E-06
G[T>G]C	8.83E-06	1.27E-05	2.31E-05	1.44E-08	1.15E-05	8.81E-06	2.65E-06	5.55E-06	4.56E-05	7.19E-06
G[T>G]G	1.33E-05	1.57E-05	1.68E-05	6.74E-06	1.94E-05	1.35E-05	3.49E-06	9.33E-06	3.14E-05	1.50E-05
G[T>G]T	3.84E-05	1.56E-04	7.81E-05	4.97E-05	1.35E-04	7.31E-05	1.38E-05	4.56E-05	4.35E-04	1.90E-05
T[C>A]A	8.31E-05	1.10E-05	3.15E-05	1.38E-04	1.87E-04	8.79E-05	3.52E-05	1.50E-04	1.64E-04	1.08E-04
T[C>A]C	4.23E-05	1.18E-05	1.02E-05	6.88E-05	9.50E-05	7.09E-05	1.76E-05	7.59E-05	5.71E-05	4.64E-05
T[C>A]G	1.09E-05	1.97E-06	3.71E-06	1.75E-05	2.64E-05	1.13E-05	4.74E-06	1.97E-05	1.03E-05	1.69E-05
T[C>A]T	1.33E-04	1.72E-05	5.87E-05	2.33E-04	3.15E-04	1.33E-04	5.95E-05	2.53E-04	2.27E-04	1.92E-04
T[C>G]A	1.33E-04	3.88E-06	1.70E-05	8.79E-06	7.02E-06	1.21E-04	4.35E-06	1.95E-05	4.92E-05	1.87E-04
T[C>G]C	4.64E-05	5.42E-06	1.04E-05	5.43E-06	3.03E-05	4.39E-05	9.66E-08	1.24E-05	6.06E-05	5.67E-05
T[C>G]G	1.21E-05	1.91E-06	2.15E-06	9.29E-07	4.58E-06	1.03E-05	7.94E-07	1.27E-06	3.40E-06	1.42E-05
T[C>G]T	1.91E-04	4.38E-06	3.53E-05	2.14E-05	3.99E-05	1.98E-04	8.60E-06	3.50E-05	2.02E-04	2.24E-04
T[C>T]A	1.41E-04	3.96E-05	6.52E-06	1.71E-04	3.69E-04	5.32E-06	8.58E-05	5.73E-05	1.05E-04	3.35E-04
T[C>T]C	1.52E-04	2.03E-05	2.44E-05	1.11E-04	1.99E-04	8.13E-05	5.84E-05	3.68E-05	5.62E-05	1.19E-04
T[C>T]G	1.04E-04	2.29E-05	3.23E-05	1.16E-04	1.75E-04	8.19E-05	5.14E-05	1.36E-04	5.11E-05	7.77E-05
T[C>T]T	1.71E-04	3.71E-05	1.85E-05	1.50E-04	3.04E-04	6.49E-05	7.92E-05	5.02E-05	6.59E-05	2.18E-04
T[T>A]A	3.26E-05	1.54E-05	3.73E-05	6.13E-05	9.52E-05	2.12E-04	1.63E-05	3.54E-05	3.92E-04	6.38E-05
T[T>A]C	1.19E-05	1.75E-05	7.96E-06	1.11E-05	3.74E-05	1.79E-05	5.79E-06	1.40E-05	3.76E-05	2.11E-05
T[T>A]G	1.17E-05	9.97E-06	4.61E-06	9.06E-06	2.02E-05	2.70E-05	3.38E-06	9.40E-06	5.58E-05	1.62E-05
T[T>A]T	3.31E-05	5.04E-05	3.67E-05	3.95E-05	9.19E-05	1.06E-04	1.27E-05	2.78E-05	1.54E-04	4.95E-05
T[T>C]A	8.45E-05	1.25E-05	2.75E-05	3.95E-05	4.59E-05	1.78E-04	2.49E-05	2.17E-05	3.22E-04	5.35E-05
T[T>C]C	3.73E-05	8.63E-05	4.15E-05	3.61E-05	4.48E-05	7.70E-05	2.08E-05	1.98E-05	1.39E-04	3.06E-05
T[T>C]G	4.44E-05	5.55E-05	1.61E-05	1.99E-05	7.32E-06	3.18E-05	2.14E-05	1.52E-05	1.01E-04	2.26E-05
T[T>C]T	4.93E-05	8.56E-05	6.03E-05	3.69E-05	4.87E-05	7.17E-05	2.88E-05	2.59E-05	1.56E-04	3.69E-05
T[T>G]A	5.09E-05	8.89E-06	4.30E-05	1.44E-05	3.13E-05	1.36E-04	5.67E-06	1.26E-05	2.11E-04	3.77E-05
T[T>G]C	1.98E-05	4.63E-05	4.96E-05	7.62E-06	2.06E-05	3.29E-05	4.76E-06	7.79E-06	1.14E-04	1.43E-05
T[T>G]G	2.40E-05	3.05E-05	2.67E-05	1.64E-05	2.54E-05	4.75E-05	7.19E-06	1.23E-05	5.63E-05	2.34E-05
T[T>G]T	1.76E-04	4.27E-04	3.42E-04	8.69E-05	2.21E-04	1.89E-04	4.75E-05	7.14E-05	1.47E-03	4.04E-05
