Samples	SBS96A	SBS96B	SBS96C	SBS96D	SBS96E	SBS96F	SBS96G	SBS96H	SBS96I	SBS96J
LP2000104-DNA_A01_vs_LP2000101-DNA_A01__pv	2017	18753	10060	1279	495	2900	445	1117	5016	2367
LP2000105-DNA_A01_vs_LP2000102-DNA_A01__pv	2334	4218	5172	1189	835	4846	504	4868	2084	2462
LP2000106-DNA_A01_vs_LP2000102-DNA_A01__pv	1303	3456	2939	1076	684	1343	177	3775	1613	3121
LP2000107-DNA_A01_vs_LP2000102-DNA_A01__pv	1769	3928	4175	977	730	2980	293	3939	1897	1479
LP2000108-DNA_A01_vs_LP2000103-DNA_A01__pv	931	188	302	790	1165	1934	419	901	240	1261
LP2000109-DNA_A01_vs_LP2000103-DNA_A01__pv	926	188	281	703	993	1487	368	861	228	1164
LP2000110-DNA_A01_vs_LP2000101-DNA_A01__pv	1096	14640	8583	1188	1006	610	364	1151	3324	509
LP2000111-DNA_A01_vs_LP2000102-DNA_A01__pv	460	846	732	185	10	504	0	841	341	683
LP2000112-DNA_A01_vs_LP2000102-DNA_A01__pv	808	1584	1604	420	212	948	137	1812	741	1308
LP2000113-DNA_A01_vs_LP2000103-DNA_A01__pv	937	213	281	698	1101	1623	361	915	232	1271
LP2000114-DNA_A01_vs_LP2000103-DNA_A01__pv	579	290	249	890	929	1339	504	896	167	2317
LP2000325-DNA_A01_vs_LP2000317-DNA_A01__pv	2046	4222	5628	2405	1640	3693	1008	2324	1968	731
LP2000327-DNA_A01_vs_LP2000319-DNA_A01__pv	938	3904	5528	847	1095	1574	425	838	2776	665
LP2000328-DNA_A01_vs_LP2000320-DNA_A01__pv	1129	1678	1763	2241	3666	1787	1333	603	1210	824
LP2000329-DNA_A01_vs_LP2000321-DNA_A01__pv	1619	5429	3479	3403	1995	1742	686	1914	1108	2497
LP2000330-DNA_A01_vs_LP2000316-DNA_A01__pv	1968	2186	1007	1194	1405	3632	715	2103	1100	749
LP2000331-DNA_A01_vs_LP2000322-DNA_A01__pv	1224	909	1448	2722	2159	1145	437	1458	431	566
LP2000332-DNA_A01_vs_LP2000323-DNA_A01__pv	1425	7294	6746	3876	2424	2477	1038	3248	2184	606
LP2000333-DNA_A01_vs_LP2000324-DNA_A01__pv	587	1980	2777	1266	1506	1660	535	1411	529	588
LP2000334-DNA_A01_vs_LP2000324-DNA_A01__pv	819	2773	649	1354	878	911	118	1433	876	263
LP2000335-DNA_A01_vs_LP2000317-DNA_A01__pv	1826	3124	3606	1416	1258	2029	401	1265	1147	260
LP2000336-DNA_A01_vs_LP2000316-DNA_A01__pv	755	596	330	1412	872	716	255	750	186	131
LP2000346-DNA_A01_vs_SM-4JPUU__pv	556	762	903	2132	5061	2738	1232	3730	140	812
LP2000350-DNA_A01_vs_SM-4JPUU__pv	1431	620	730	2739	3593	978	798	2895	199	1014
LP2000352-DNA_A01_vs_LP2000359-DNA_A01__pv	1554	4273	3023	1409	804	2617	54	1655	3862	480
LP2000353-DNA_A01_vs_LP2000359-DNA_A01__pv	977	8557	13085	1235	837	3253	64	1819	12106	483
LP2000355-DNA_A01_vs_LP2000359-DNA_A01__pv	1688	4246	3345	1406	790	2907	144	1698	4090	614
LP2000356-DNA_A01_vs_LP2000359-DNA_A01__pv	1979	5471	3159	1418	728	3630	157	1830	4248	655
LP2000357-DNA_A01_vs_LP2000359-DNA_A01__pv	1461	4098	3430	1545	720	2626	190	1643	4407	548
LP2000366-DNA_A01_vs_SM-4JPUU__pv	532	1386	964	2169	4623	2574	1187	3481	33	845
LP2000367-DNA_A01_vs_SM-4JPUU__pv	437	720	958	2230	4944	2832	1273	3631	63	868
LP2000368-DNA_A01_vs_SM-4JPUU__pv	521	698	942	1885	4319	2555	1052	3310	94	810
LP2000369-DNA_A01_vs_SM-4JPUU__pv	532	643	798	1850	4132	2211	901	3161	79	757
LP2000370-DNA_A01_vs_SM-4JPUU__pv	475	744	1005	2353	5322	3055	1329	3880	82	867
LP2000371-DNA_A01_vs_SM-4JPUU__pv	1485	570	815	2727	3675	936	734	2905	191	996
LP2000372-DNA_A01_vs_LP2000359-DNA_A01__pv	2046	5137	3115	1371	788	4036	34	2075	4494	802
LP2000373-DNA_A01_vs_LP2000359-DNA_A01__pv	1043	3205	2825	1498	597	1714	264	1197	3404	362
LP2101132-DNA_A01_vs_LP2101131-DNA_A01__pv	1825	8735	3194	2317	1884	2890	515	3338	2977	630
LP2101136-DNA_A01_vs_LP2101133-DNA_A01__pv	3471	737	444	2619	1555	7727	329	2014	414	2395
LP2101137-DNA_A01_vs_LP2101134-DNA_A01__pv	802	412	644	1068	669	842	140	365	79	190
LP2101140-DNA_A01_vs_LP2101155-DNA_A01__pv	4031	3181	2172	4095	3000	9417	1093	8674	859	1588
LP2101141-DNA_A01_vs_LP2101139-DNA_A01__pv	2064	112	862	1302	2551	3089	792	745	574	1747
LP2101142-DNA_A01_vs_LP2101143-DNA_A01__pv	2336	1113	0	19101	470	612	19899	1410	2882	0
LP2101144-DNA_A01_vs_LP2101145-DNA_A01__pv	1226	509	345	1249	1512	2847	962	1120	232	509
LP2101146-DNA_A01_vs_LP2101147-DNA_A01__pv	2233	467	786	1802	3515	1741	2185	3078	427	464
LP2101148-DNA_A01_vs_LP2101149-DNA_A01__pv	3721	623	156	753	889	7300	198	1024	510	1849
LP2101151-DNA_A01_vs_LP2101152-DNA_A01__pv	1905	2151	2131	1279	2046	5840	1558	3674	742	2233
LP2101153-DNA_A01_vs_LP2101154-DNA_A01__pv	5650	15539	11456	4026	2888	8583	2389	2163	6203	1983
LP2101156-DNA_A01_vs_LP2101157-DNA_A01__pv	91	497	945	17379	2452	2211	48915	1462	2739	0
LP2101158-DNA_A01_vs_LP2101159-DNA_A01__pv	2213	7974	6403	7148	2352	3657	1565	5774	3084	1371
LP2101160-DNA_A01_vs_LP2101161-DNA_A01__pv	1788	3453	849	2308	2825	1951	852	1382	1310	1042
LP2101162-DNA_B01_vs_LP2101163-DNA_B01__pv	515	183	276	314	286	142	74	518	67	169
LP2101164-DNA_A01_vs_LP2101165-DNA_A01__pv	2133	251	264	1572	509	1804	364	2550	293	885
LP2101166-DNA_A01_vs_LP2101167-DNA_A01__pv	847	1367	721	1718	1847	1967	1105	3028	803	810
LP2101168-DNA_A01_vs_LP2101169-DNA_A01__pv	1602	143	278	1873	1093	3541	259	660	135	990
LP2101170-DNA_A01_vs_LP2101511-DNA_A01__pv	1338	137	351	346	606	2032	367	780	175	374
LP2101512-DNA_A01_vs_LP2101513-DNA_A01__pv	2102	6560	7276	1771	1136	3090	864	1988	1840	918
LP6005334-DNA_A02_vs_LP6005333-DNA_A02__pv	1168	1120	2202	2954	1368	2734	830	2811	690	946
LP6005334-DNA_A03_vs_LP6005333-DNA_A03__pv	1535	5345	1786	3123	1597	2620	794	3259	1239	1172
LP6005334-DNA_A04_vs_LP6005333-DNA_A04__pv	1303	2161	2074	1940	900	2485	307	1388	516	1845
LP6005334-DNA_B01_vs_SM-4JPUU__pv	776	458	703	2196	3027	455	642	2566	236	842
LP6005334-DNA_B02_vs_LP6005333-DNA_B02__pv	1796	2605	3627	4686	1868	2112	516	4266	1772	904
LP6005334-DNA_C01_vs_LP6005333-DNA_C01__pv	2307	361	601	544	1834	6520	340	1345	207	1801
LP6005334-DNA_C02_vs_LP6005333-DNA_C02__pv	1168	526	252	819	630	2745	273	879	455	860
LP6005334-DNA_C03_vs_LP6005333-DNA_C03__pv	1804	1065	1306	4712	1305	2501	1116	1455	693	1236
LP6005334-DNA_D01_vs_LP6005333-DNA_D01__pv	171	0	3	85	55	144	0	9	0	211
LP6005334-DNA_D02_vs_LP6005333-DNA_D02__pv	1512	4108	12484	822	1026	3272	307	1317	1974	3006
LP6005334-DNA_D03_vs_LP6005333-DNA_D03__pv	938	215	175	889	269	2166	127	2371	88	2844
LP6005334-DNA_E01_vs_LP6005333-DNA_E01__pv	2305	941	1073	2888	1441	4508	1133	2484	167	1631
LP6005334-DNA_E02_vs_LP6005333-DNA_E02__pv	446	866	1588	556	365	670	0	280	469	393
LP6005334-DNA_E03_vs_LP6005333-DNA_E03__pv	3277	1595	1242	851	996	8882	267	1254	948	2298
LP6005334-DNA_F01_vs_LP6005333-DNA_F01__pv	2233	2148	1983	3188	2572	4152	1236	6584	635	1745
LP6005334-DNA_F02_vs_LP6005333-DNA_F02__pv	1415	6154	10421	592	3032	3585	2707	3323	7408	466
LP6005334-DNA_F03_vs_LP6005333-DNA_F03__pv	598	209	225	349	267	578	96	360	150	63
LP6005334-DNA_G01_vs_LP6005333-DNA_G01__pv	0	4118	3774	3542	5465	0	1692	4055	2415	7668
LP6005334-DNA_G02_vs_LP6005333-DNA_G02__pv	2132	7880	6398	2596	2263	4316	654	3459	3014	1765
LP6005334-DNA_G03_vs_LP6005333-DNA_G03__pv	1004	2864	1023	1242	1361	1382	241	1625	1019	894
LP6005334-DNA_H01_vs_LP6005333-DNA_H01__pv	1254	6219	2601	2315	5495	1768	1478	3612	3422	2173
LP6005334-DNA_H02_vs_LP6005333-DNA_H02__pv	1827	16673	11085	1285	4797	2288	896	4123	7091	566
LP6005334-DNA_H03_vs_LP6005333-DNA_H03__pv	913	6220	20458	2778	1863	3407	1327	3223	3900	943
LP6005335-DNA_A01_vs_LP6005333-DNA_A03__pv	1180	6301	2794	2082	1190	1346	607	2675	1313	651
LP6005409-DNA_A01_vs_LP6005408-DNA_A01__pv	394	140	19	1094	2159	358	808	1076	238	1592
LP6005409-DNA_A02_vs_LP6005408-DNA_A02__pv	1178	1127	610	686	1478	3139	316	1585	119	590
LP6005409-DNA_A03_vs_LP6005408-DNA_A03__pv	3009	12871	9721	12770	3305	0	0	1888	6470	108
LP6005409-DNA_A04_vs_LP6005408-DNA_A04__pv	1080	3596	4390	1020	2883	1246	691	1605	1466	1454
LP6005409-DNA_B01_vs_LP6005408-DNA_B01__pv	720	23072	22569	944	1822	665	778	5606	13554	890
LP6005409-DNA_B02_vs_LP6005408-DNA_B02__pv	1669	614	1019	3487	2128	2247	329	2554	404	805
LP6005409-DNA_B04_vs_LP6005408-DNA_B04__pv	1367	0	893	1111	0	4236	0	0	145	3646
LP6005409-DNA_C01_vs_LP6005408-DNA_C01__pv	717	919	658	2499	1343	943	345	797	436	970
LP6005409-DNA_C02_vs_LP6005408-DNA_C02__pv	577	977	488	943	525	592	32	1447	265	181
LP6005409-DNA_C04_vs_LP6005408-DNA_C04__pv	1490	347	255	833	1465	4576	270	873	344	592
LP6005409-DNA_D01_vs_LP6005408-DNA_D01__pv	2521	8283	12980	2891	3100	4314	0	1760	3468	1052
LP6005409-DNA_D02_vs_LP6005408-DNA_D02__pv	3958	6416	9017	4092	3128	5501	242	2169	1761	2314
LP6005409-DNA_D03_vs_LP6005408-DNA_D03__pv	1502	10335	20858	2067	3014	2590	391	1571	5022	1208
LP6005409-DNA_E01_vs_LP6005408-DNA_E01__pv	1594	113	529	1860	1700	1987	201	1238	194	965
LP6005409-DNA_E02_vs_LP6005408-DNA_E02__pv	851	1042	821	1759	1183	1318	637	1277	577	793
LP6005409-DNA_E03_vs_LP6005408-DNA_E03__pv	3149	3690	10022	2795	1106	6784	345	2167	2799	1221
LP6005409-DNA_F01_vs_LP6005408-DNA_F01__pv	972	9905	3798	1909	707	1125	697	2403	2604	152
LP6005409-DNA_F02_vs_LP6005408-DNA_F02__pv	571	3321	1493	1961	1859	883	654	2580	1064	1321
LP6005409-DNA_F03_vs_LP6005408-DNA_F03__pv	1155	133	172	1165	1040	965	38	686	0	544
LP6005409-DNA_G02_vs_LP6005408-DNA_G02__pv	1044	6184	4022	867	1721	2162	241	942	3091	508
LP6005409-DNA_G03_vs_LP6005408-DNA_G03__pv	1028	7128	9177	2149	2346	1998	571	1538	1009	321
LP6005409-DNA_H01_vs_LP6005408-DNA_H01__pv	1086	0	252	3532	828	2565	1472	838	447	565
LP6005409-DNA_H02_vs_LP6005408-DNA_H02__pv	1004	4493	3028	1822	1749	2873	805	2267	1672	410
LP6005409-DNA_H03_vs_LP6005408-DNA_H03__pv	846	2520	3188	604	985	926	306	501	1975	173
LP6005496-DNA_A01_vs_LP6005408-DNA_B03__pv	5334	4350	3948	0	0	4470	19675	1926	4488	1669
LP6005496-DNA_B01_vs_LP6005408-DNA_C03__pv	67	6036	1661	2036	3716	0	1151	1749	2079	1478
LP6005500-DNA_A01_vs_LP6005499-DNA_A01__pv	1470	1201	1019	1687	1947	2744	771	1810	491	1261
LP6005500-DNA_A02_vs_LP6005499-DNA_A02__pv	3564	2082	4205	4280	3184	5294	117	2053	2038	512
LP6005500-DNA_A03_vs_LP6005499-DNA_A03__pv	1660	1805	2223	839	1643	3090	791	1946	1022	1111
LP6005500-DNA_B01_vs_LP6005499-DNA_B01__pv	1814	2795	2963	1762	1797	2581	548	1322	920	894
LP6005500-DNA_B02_vs_LP6005499-DNA_B02__pv	2071	8922	4100	2457	2773	4880	1198	2613	4724	1361
LP6005500-DNA_B03_vs_LP6005499-DNA_B03__pv	3413	3746	3480	453	901	5055	229	1050	1283	587
LP6005500-DNA_C01_vs_LP6005499-DNA_C01__pv	1347	1716	1177	1081	1020	1631	509	2599	545	591
LP6005500-DNA_C02_vs_LP6005499-DNA_C02__pv	1260	1903	1642	5110	2641	2429	5351	2255	978	651
LP6005500-DNA_C03_vs_LP6005499-DNA_C03__pv	1030	8389	4196	2547	3739	946	531	1344	2567	113
LP6005500-DNA_D01_vs_LP6005499-DNA_D01__pv	1290	2716	1683	1434	1520	1820	633	1964	1849	576
LP6005500-DNA_D02_vs_LP6005499-DNA_D02__pv	803	5683	3423	2920	1658	1508	1300	6355	2227	625
LP6005500-DNA_D03_vs_LP6005499-DNA_D03__pv	1220	2830	3023	1655	3309	1484	1041	1496	1979	331
LP6005500-DNA_E02_vs_LP6005499-DNA_E02__pv	1245	12541	14346	990	1656	1712	347	1527	5536	673
LP6005500-DNA_E03_vs_LP6005499-DNA_E03__pv	577	12721	38034	46	4130	4028	1559	1977	17304	517
LP6005500-DNA_F01_vs_LP6005499-DNA_F01__pv	1519	4549	2625	916	2304	3098	623	2099	2411	1712
LP6005500-DNA_F02_vs_LP6005499-DNA_F02__pv	2643	3936	751	4628	5197	3018	769	3169	644	6166
LP6005500-DNA_F03_vs_LP6005499-DNA_F03__pv	968	227	2837	6583	2341	4839	4169	3784	678	877
LP6005500-DNA_G01_vs_LP6005499-DNA_G01__pv	1203	14264	20727	2117	3342	158	395	1186	3683	15
LP6005500-DNA_G02_vs_LP6005499-DNA_G02__pv	726	7	10	1914	392	287	0	134	0	519
LP6005500-DNA_G03_vs_LP6005499-DNA_G03__pv	1297	14138	813	2442	1155	732	523	1584	2246	361
LP6005500-DNA_H01_vs_LP6005499-DNA_H01__pv	1590	1888	4496	3194	3462	2596	659	1811	697	1253
LP6005500-DNA_H02_vs_LP6005499-DNA_H02__pv	1730	1215	4430	3237	61	3045	223	562	623	3104
LP6005500-DNA_H03_vs_LP6005499-DNA_H03__pv	1380	1906	5539	1562	1545	4446	2226	1532	1816	1151
LP6005501-DNA_A01_vs_LP6005499-DNA_A01__pv	697	331	105	610	483	508	15	723	107	140
LP6005501-DNA_B01_vs_LP6005499-DNA_B01__pv	1920	2596	2663	1671	1892	2876	573	1335	934	872
LP6005501-DNA_C01_vs_LP6005499-DNA_C01__pv	1922	1711	1422	3995	2325	1887	1224	4263	984	584
LP6005501-DNA_D01_vs_LP6005499-DNA_D01__pv	1374	1953	1401	2905	1576	2188	910	2643	1365	1308
LP6005501-DNA_E01_vs_LP6005499-DNA_E01__pv	455	564	303	542	507	327	0	325	358	165
LP6005501-DNA_F01_vs_LP6005499-DNA_F01__pv	1112	8835	3452	827	2863	1243	595	2112	4655	1412
LP6005690-DNA_A02_vs_LP6005689-DNA_A02__pv	1560	456	453	1896	1297	1558	986	3709	492	658
LP6005690-DNA_B01_vs_LP6005689-DNA_B01__pv	1376	3455	3829	1406	1435	1847	359	2108	958	551
LP6005690-DNA_B03_vs_LP6005777-DNA_A01__pv	892	9126	5936	1599	1494	1565	1142	1614	5764	851
LP6005690-DNA_C02_vs_LP6005689-DNA_C02__pv	1757	475	123	3732	2184	2638	705	3315	33	866
LP6005690-DNA_C03_vs_LP6005689-DNA_C03__pv	1288	10446	5120	1772	3918	1370	1753	4274	3505	774
LP6005690-DNA_D02_vs_LP6005689-DNA_D02__pv	782	10399	11561	1956	3601	1864	1232	1349	5335	1465
LP6005690-DNA_D03_vs_LP6005689-DNA_D03__pv	1366	9065	10228	992	1310	2468	823	1352	2503	1590
LP6005690-DNA_E01_vs_LP6005689-DNA_E01__pv	1613	6654	5444	2259	2720	3301	1790	6185	2495	1647
LP6005690-DNA_E02_vs_LP6005689-DNA_E02__pv	8	2	0	19	6	1	0	0	3	5
LP6005690-DNA_E03_vs_LP6005689-DNA_E03__pv	1300	1727	878	2212	2682	1121	602	2473	619	0
LP6005690-DNA_F01_vs_LP6005689-DNA_F01__pv	2091	7483	6104	2436	3333	3018	463	2192	2117	648
LP6005690-DNA_F02_vs_LP6005689-DNA_F02__pv	326	16942	7082	1121	3155	0	0	1439	9802	929
LP6005690-DNA_F03_vs_LP6005689-DNA_F03__pv	1359	2120	1163	2364	3548	1464	571	2270	1069	1011
LP6005690-DNA_G02_vs_LP6005689-DNA_G02__pv	1310	8329	3877	1918	3543	1049	719	2725	2264	444
LP6005690-DNA_H02_vs_LP6005689-DNA_H02__pv	820	26069	14631	2426	2216	125	827	2101	4908	915
LP6005691-DNA_A01_vs_LP6005689-DNA_C01__pv	846	1238	771	2431	1378	695	424	2541	528	104
LP6005691-DNA_A02_vs_LP6005689-DNA_F03__pv	663	710	363	1120	790	555	158	776	247	310
LP6005691-DNA_B01_vs_LP6005689-DNA_E01__pv	2277	7578	5602	2488	2546	2960	994	6371	2994	1442
LP6005691-DNA_C01_vs_LP6005689-DNA_A02__pv	1338	318	351	2325	2354	26	96	3002	140	280
LP6005691-DNA_D01_vs_LP6005689-DNA_B02__pv	874	27066	24838	1129	83	0	156	1470	13346	1149
LP6005691-DNA_E01_vs_LP6005689-DNA_D01__pv	1439	1464	760	762	373	1043	0	409	759	135
LP6005691-DNA_F01_vs_LP6005689-DNA_F01__pv	1540	7717	5742	1694	1025	1491	43	1477	1673	449
LP6005691-DNA_G01_vs_LP6005689-DNA_G01__pv	78	3	0	94	39	24	0	18	10	7
LP6005691-DNA_H01_vs_LP6005689-DNA_H01__pv	504	1615	1373	512	517	217	23	732	681	201
LP6005935-DNA_A01_vs_LP6005979-DNA_A01__pv	1956	11690	7473	4110	6859	2142	1966	5165	5073	501
LP6005935-DNA_A02_vs_LP6005934-DNA_A02__pv	753	2642	12959	1787	1458	2669	1481	929	2718	1541
LP6005935-DNA_A03_vs_LP6005934-DNA_A03__pv	937	233	238	2728	1327	1621	1418	2237	50	358
LP6005935-DNA_B01_vs_LP6005934-DNA_B01__pv	1966	526	765	560	1538	4637	664	1611	639	538
LP6005935-DNA_B02_vs_LP6005934-DNA_B02__pv	3439	6709	6621	1014	0	7265	0	2320	2907	2475
LP6005935-DNA_B03_vs_LP6005934-DNA_B03__pv	2339	10521	19662	1569	0	5506	0	3481	3162	2837
LP6005935-DNA_B04_vs_LP6005934-DNA_B04__pv	1542	854	871	4462	2181	1981	641	3832	494	577
LP6005935-DNA_C01_vs_LP6005934-DNA_C01__pv	0	99	12197	7096	23245	0	135114	3972	1621	0
LP6005935-DNA_C02_vs_LP6005979-DNA_B01__pv	2518	7785	5461	3197	4921	3171	580	2594	1818	889
LP6005935-DNA_C03_vs_LP6005934-DNA_C03__pv	831	374	340	1132	1059	697	128	806	114	126
LP6005935-DNA_C04_vs_LP6005934-DNA_C04__pv	1490	14658	11893	3104	4437	2193	1795	4118	10812	2428
LP6005935-DNA_D01_vs_LP6005934-DNA_D01__pv	2404	12408	6122	2686	3492	1000	761	4836	3266	657
LP6005935-DNA_D02_vs_LP6005934-DNA_D02__pv	2106	9176	3906	693	1968	2546	536	1473	3629	818
LP6005935-DNA_D04_vs_LP6005934-DNA_C03__pv	569	1054	872	958	1055	487	514	1639	572	198
LP6005935-DNA_E01_vs_LP6005934-DNA_E01__pv	1448	10083	12514	3176	2131	2431	874	2295	8233	583
LP6005935-DNA_E02_vs_LP6005934-DNA_E02__pv	2225	4839	3114	1665	2968	3848	0	1386	2251	86
LP6005935-DNA_E03_vs_LP6005934-DNA_E03__pv	1319	3531	2836	2331	4262	1753	147	2204	945	906
LP6005935-DNA_E04_vs_LP6005934-DNA_E02__pv	882	2457	1559	1121	735	707	176	1247	933	49
LP6005935-DNA_F01_vs_LP6005934-DNA_F01__pv	1737	148	85	447	599	3312	173	406	88	1782
LP6005935-DNA_F02_vs_LP6005934-DNA_F02__pv	3803	27610	25938	90	4394	932	2172	573	36114	1562
LP6005935-DNA_F03_vs_LP6005934-DNA_F03__pv	932	86	1258	20769	6899	0	30680	408	555	0
LP6005935-DNA_F04_vs_LP6007426-DNA_A01__pv	750	23864	16910	95	0	1785	1011	1372	7981	7308
LP6005935-DNA_G01_vs_LP6005934-DNA_G01__pv	896	3651	11605	3315	4087	293	1044	689	6320	772
LP6005935-DNA_G02_vs_LP6005979-DNA_C01__pv	1519	796	492	2410	1789	4075	1519	6364	499	1518
LP6005935-DNA_G03_vs_LP6005934-DNA_G03__pv	761	1011	317	897	1364	2592	568	1730	67	825
LP6005935-DNA_H01_vs_LP6005934-DNA_H01__pv	2393	6708	4058	2481	1797	5305	613	4444	2984	1470
LP6005935-DNA_H02_vs_LP6005934-DNA_H02__pv	3017	2595	2968	2736	967	6421	445	2342	837	2192
LP6005935-DNA_H03_vs_LP6005934-DNA_H03__pv	4918	1181	0	16621	1044	991	35373	2312	2908	319
LP6007358-DNA_A01_vs_LP6007553-DNA_A01__pv	1394	2272	1473	1444	2307	1908	752	3141	816	523
LP6007394-DNA_A01_vs_LP6007393-DNA_A01__pv	1039	2881	2087	2019	974	1818	0	780	1574	173
LP6007396-DNA_A01_vs_LP6007395-DNA_A01__pv	2409	3324	2678	2810	2885	2222	300	2034	1028	916
LP6007398-DNA_A01_vs_LP6007397-DNA_A01__pv	1436	1791	964	1930	4746	978	885	1236	379	319
LP6007399-DNA_A01_vs_LP6007397-DNA_A01__pv	1399	1826	971	1902	4452	978	885	1223	322	332
LP6007401-DNA_A01_vs_LP6007400-DNA_A01__pv	4199	8603	9399	1747	1065	7817	626	2039	2343	1499
LP6007402-DNA_A01_vs_LP6007400-DNA_A01__pv	605	5022	4874	1079	828	884	364	1131	2206	314
LP6007404-DNA_A01_vs_LP6007403-DNA_A01__pv	1423	402	886	2260	1632	2205	711	2466	272	271
LP6007405-DNA_A01_vs_LP6007403-DNA_A01__pv	527	1256	975	645	376	613	97	861	482	47
LP6007407-DNA_A01_vs_LP6007406-DNA_A01__pv	645	6403	5836	3222	4383	2336	1358	3012	5806	1210
LP6007409-DNA_A01_vs_LP6007408-DNA_A01__pv	1783	1336	739	3439	1084	2861	367	1626	334	518
LP6007410-DNA_A01_vs_LP6007408-DNA_A01__pv	1541	4324	3111	2627	1489	2034	320	2531	1858	307
LP6007414-DNA_A02_vs_LP6007413-DNA_A02__pv	1039	244	330	2019	1169	2005	890	2374	243	685
LP6007416-DNA_A01_vs_LP6007415-DNA_A01__pv	2016	1463	1087	2895	4017	2106	875	2840	514	917
LP6007418-DNA_A02_vs_LP6007417-DNA_A02__pv	4328	4988	2868	1126	1569	5882	1650	1324	1308	863
LP6007420-DNA_A01_vs_LP6007419-DNA_A01__pv	1850	17039	10264	539	4083	1763	252	924	5401	4103
LP6007422-DNA_A01_vs_LP6007421-DNA_A01__pv	1557	1061	1158	1780	1691	2413	719	1614	1060	224
LP6007424-DNA_A01_vs_LP6007423-DNA_A01__pv	2640	5387	1482	1206	2620	6569	425	1521	2509	1185
LP6007425-DNA_A01_vs_LP6007423-DNA_A01__pv	2595	5601	1499	1197	2319	6727	428	1496	2298	1182
LP6007427-DNA_A01_vs_LP6007426-DNA_A01__pv	1015	30637	21260	89	0	3804	927	1315	10076	9520
LP6007428-DNA_A01_vs_LP6007426-DNA_A01__pv	1131	219	183	466	518	471	0	264	78	25
LP6007430-DNA_A01_vs_LP6007429-DNA_A01__pv	1475	3606	1324	3726	2589	1879	1259	4002	736	686
LP6007432-DNA_A01_vs_LP6007431-DNA_A01__pv	364	17121	14219	513	542	5081	82	225	6058	1919
LP6007434-DNA_A01_vs_LP6007433-DNA_A01__pv	133	4585	4487	1555	3602	5048	1017	2306	2274	72
LP6007436-DNA_A01_vs_LP6007435-DNA_A01__pv	638	10875	9313	2362	1825	1818	876	2017	6069	1522
LP6007438-DNA_A01_vs_LP6007437-DNA_A01__pv	1581	43	307	804	941	3136	389	391	205	1137
LP6007440-DNA_A01_vs_LP6007439-DNA_A01__pv	1585	14516	20179	2875	2840	4027	2040	3179	9327	2627
LP6007442-DNA_A01_vs_LP6007441-DNA_A01__pv	6534	7224	66624	2209	0	14239	1284	8685	11219	2209
LP6007504-DNA_A01_vs_LP6007566-DNA_A01__pv	704	2237	1415	780	1098	1171	164	814	935	401
LP6007506-DNA_A01_vs_LP6007505-DNA_A01__pv	1026	1822	1406	2500	2496	1773	529	2356	894	1527
LP6007508-DNA_A01_vs_LP6007507-DNA_A01__pv	974	1515	895	1473	2205	2236	325	856	942	796
LP6007512-DNA_A01_vs_LP6007511-DNA_A01__pv	1452	5093	4121	4084	2027	2745	764	1683	2299	1503
LP6007514-DNA_A01_vs_LP6007513-DNA_A01__pv	1664	1170	455	2222	1625	2561	258	1910	336	254
LP6007516-DNA_A01_vs_LP6007515-DNA_A01__pv	2480	1038	1051	1955	1974	5776	372	1528	284	1085
LP6007518-DNA_A01_vs_LP6007517-DNA_A01__pv	2765	10354	10220	372	4314	5429	519	2459	5894	1162
LP6007520-DNA_A01_vs_LP6007519-DNA_A01__pv	1206	905	417	1804	1218	2241	631	2344	270	411
LP6007521-DNA_A01_vs_LP6007519-DNA_A01__pv	712	120	173	982	585	754	147	817	125	156
LP6007523-DNA_A01_vs_LP6007522-DNA_A01__pv	1432	373	654	2456	1819	2541	572	3527	405	472
LP6007529-DNA_A01_vs_LP6007528-DNA_A01__pv	1058	4558	4754	2193	3978	598	762	3397	2597	2022
LP6007531-DNA_A01_vs_LP6007530-DNA_A01__pv	3087	5936	11502	2137	1319	4987	226	1165	2922	1580
LP6007533-DNA_A01_vs_LP6007532-DNA_A01__pv	893	787	319	1424	1143	1576	519	1420	400	1175
LP6007535-DNA_A01_vs_LP6007534-DNA_A01__pv	717	1212	126	930	1226	1022	438	853	475	1073
LP6007536-DNA_A01_vs_LP6007534-DNA_A01__pv	827	803	132	709	579	1750	412	691	236	2753
LP6007538-DNA_A01_vs_LP6007537-DNA_A01__pv	1016	9393	4384	1546	1516	1631	977	2409	3059	1182
LP6007540-DNA_A01_vs_LP6007539-DNA_A01__pv	1227	3119	3726	2968	1415	1504	535	2856	786	409
LP6007542-DNA_A01_vs_LP6007541-DNA_A01__pv	3270	3697	2257	2847	368	9268	831	2921	1741	3539
LP6007544-DNA_A01_vs_LP6007569-DNA_A01__pv	1971	1575	2471	2687	2469	2210	660	3744	681	644
LP6007546-DNA_A01_vs_LP6007568-DNA_A01__pv	660	588	1790	2583	2256	285	404	1564	381	1157
LP6007548-DNA_A01_vs_LP6007547-DNA_A01__pv	396	931	666	645	805	314	436	871	613	792
LP6007550-DNA_A01_vs_LP6007549-DNA_A01__pv	921	8430	9477	2358	1943	1576	887	2464	1620	1871
LP6007552-DNA_A01_vs_LP6007551-DNA_A01__pv	1725	2663	3370	1220	1915	3546	417	1648	1168	2584
LP6007567-DNA_A01_vs_LP6007524-DNA_A01__pv	1977	3352	3150	2392	1705	2855	327	1734	0	634
LP6007591_vs_LP6007590__pv	165	6341	24017	5355	6375	2347	1285	2475	6540	3411
LP6007592_vs_LP6007590__pv	1247	1526	1066	2576	953	1231	184	1638	419	513
LP6007594_vs_LP6007593__pv	2028	428	604	3861	1887	3067	1537	3180	484	239
LP6007595_vs_LP6007593__pv	892	2303	1618	1628	1032	1337	638	1976	894	0
LP6007597_vs_LP6007596__pv	331	14845	0	2359	3173	3424	993	3071	9741	0
LP6007598_vs_LP6007596__pv	427	5117	0	940	791	798	448	1408	2192	166
LP6007600_vs_LP6007599__pv	1410	156	57	1155	1433	881	146	729	0	0
LP6007602_vs_LP6007601__pv	2426	14560	36848	382	238	4986	298	0	4024	1201
LP6008017-DNA_A01_vs_LP6008018-DNA_B01__pv	595	15735	12352	1494	1814	2527	1075	2150	4403	0
LP6008017-DNA_A02_vs_LP6008018-DNA_B01__pv	0	31662	13180	1352	1686	1856	1190	2364	6784	44
LP6008017-DNA_A03_vs_LP6008018-DNA_C01__pv	1193	16126	14359	2176	2655	571	842	4209	7613	536
LP6008017-DNA_A04_vs_LP6008018-DNA_A01__pv	482	5628	3332	3026	4584	330	1913	2505	2710	5232
LP6008017-DNA_B01_vs_LP6008018-DNA_B01__pv	0	22221	15633	1457	1796	2077	986	2095	6226	0
LP6008017-DNA_B02_vs_LP6008018-DNA_B01__pv	465	15795	11842	1244	1616	2276	936	1993	4250	63
LP6008017-DNA_B03_vs_LP6008018-DNA_C01__pv	1168	16441	14515	2300	2861	988	1033	4296	7481	499
LP6008017-DNA_B04_vs_LP6008018-DNA_A01__pv	667	2809	1658	1161	1233	689	561	1337	1230	882
LP6008017-DNA_C01_vs_LP6008018-DNA_B01__pv	514	30891	20439	1251	2157	2662	1162	2298	4868	39
LP6008017-DNA_C02_vs_LP6008018-DNA_C01__pv	1244	15896	13979	1996	2616	708	715	4145	7259	423
LP6008017-DNA_C03_vs_LP6008018-DNA_C01__pv	1086	16080	14557	2146	2737	715	872	4154	7663	467
LP6008017-DNA_C04_vs_LP6008018-DNA_C01__pv	37	0	6	21	37	0	19	7	0	8
LP6008017-DNA_D01_vs_LP6008018-DNA_B01__pv	139	22542	17352	1439	1815	2410	957	2268	6378	0
LP6008017-DNA_D02_vs_LP6008018-DNA_C01__pv	1200	16280	14290	2114	3031	1819	816	4338	7831	405
LP6008017-DNA_D03_vs_LP6008018-DNA_A01__pv	1422	5337	3359	3053	2677	1745	1165	2520	2211	2775
LP6008017-DNA_E01_vs_LP6008018-DNA_B01__pv	593	29079	19246	1191	2160	2646	1299	2343	5274	28
LP6008017-DNA_E02_vs_LP6008018-DNA_C01__pv	616	16255	14221	1946	4030	2849	908	4473	7994	143
LP6008017-DNA_E03_vs_LP6008018-DNA_A01__pv	1025	5159	3232	2517	2585	1558	1173	2462	2243	1984
LP6008017-DNA_F01_vs_LP6008018-DNA_B01__pv	38	16755	13966	1336	1980	3224	1332	2498	5041	0
LP6008017-DNA_F02_vs_LP6008018-DNA_C01__pv	924	16552	15126	2121	3097	1544	867	4324	8412	390
LP6008017-DNA_F03_vs_LP6008018-DNA_A01__pv	632	3839	2354	1473	2103	560	693	1572	1665	2090
LP6008017-DNA_G01_vs_LP6008018-DNA_B01__pv	521	19033	13329	1513	1873	2622	1131	2188	4637	25
LP6008017-DNA_G02_vs_LP6008018-DNA_C01__pv	797	17886	16147	1999	3648	2742	1215	4600	8652	497
LP6008017-DNA_G03_vs_LP6008018-DNA_A01__pv	1022	5448	3128	2708	3065	1893	1229	2787	2243	3138
LP6008017-DNA_H01_vs_LP6008018-DNA_B01__pv	449	22796	18462	1288	2011	2530	1062	2352	5841	0
LP6008017-DNA_H02_vs_LP6008018-DNA_C01__pv	979	16368	14132	1989	3240	2382	853	4407	7204	351
LP6008017-DNA_H03_vs_LP6008018-DNA_A01__pv	502	7270	3249	3032	4636	21	2019	2495	2856	5259
LP6008031-DNA_A01_vs_LP6008032-DNA_A01__pv	3442	2822	1685	820	355	6798	1392	2408	1294	4708
LP6008031-DNA_A02_vs_LP6008032-DNA_C02__pv	2294	2737	2340	3466	4550	3308	1943	6040	1111	3637
LP6008031-DNA_A03_vs_LP6008032-DNA_E03__pv	993	1025	580	2148	1978	818	571	2593	398	865
LP6008031-DNA_A04_vs_LP6008032-DNA_D03__pv	790	11501	6541	2068	1595	1993	424	1544	3651	1188
LP6008031-DNA_B01_vs_LP6008032-DNA_B01__pv	1081	2138	2591	1866	1387	1164	246	911	427	718
LP6008031-DNA_B02_vs_LP6008032-DNA_D02__pv	956	864	786	2709	2004	2590	908	5521	365	594
LP6008031-DNA_B03_vs_LP6008032-DNA_F03__pv	1531	149	334	2580	1242	1262	366	2034	203	1149
LP6008031-DNA_B04_vs_LP6008032-DNA_C02__pv	864	147	224	795	845	582	138	1036	180	97
LP6008031-DNA_C01_vs_LP6008032-DNA_C01__pv	1824	3985	7280	4741	3249	3224	1223	3682	1682	1640
LP6008031-DNA_C02_vs_LP6008032-DNA_E02__pv	2118	4282	2240	3487	1683	3438	265	3307	1035	369
LP6008031-DNA_C03_vs_LP6008032-DNA_G03__pv	15	0	0	105	0	31	0	25	0	5
LP6008031-DNA_D01_vs_LP6008032-DNA_D01__pv	1049	3206	1201	832	2196	2665	558	1846	1061	622
LP6008031-DNA_D02_vs_LP6008032-DNA_F02__pv	1193	4811	3644	2067	907	2133	992	2094	2765	572
LP6008031-DNA_D03_vs_LP6008032-DNA_H03__pv	1814	494	520	1425	3712	2868	555	2802	331	1286
LP6008031-DNA_E01_vs_LP6008032-DNA_E01__pv	7642	6888	714	8546	0	5225	29628	4172	3041	384
LP6008031-DNA_E02_vs_LP6008032-DNA_G02__pv	1500	9036	2987	2192	3592	1894	821	6000	2641	621
LP6008031-DNA_E03_vs_LP6008032-DNA_A04__pv	4716	6345	5649	12399	2013	978	55555	2437	4486	387
LP6008031-DNA_F01_vs_LP6008032-DNA_F01__pv	1487	2790	2313	1999	1638	1949	580	2877	1343	453
LP6008031-DNA_F02_vs_LP6008032-DNA_H02__pv	522	1775	1717	1036	1121	554	0	426	2013	264
LP6008031-DNA_F03_vs_LP6008032-DNA_H01__pv	3292	9225	8353	4381	3350	5266	708	2572	2526	1226
LP6008031-DNA_G01_vs_LP6008032-DNA_G01__pv	1172	3940	4136	1499	1088	3356	420	1504	2382	824
LP6008031-DNA_G02_vs_LP6008032-DNA_A03__pv	2084	1475	854	1620	2096	3836	860	2081	384	1169
LP6008031-DNA_G03_vs_LP6008032-DNA_A02__pv	4984	6811	1364	314	692	14376	413	3931	2945	2610
LP6008031-DNA_H01_vs_LP6008032-DNA_B02__pv	1585	3896	3578	3702	2205	2859	1317	1897	1332	623
LP6008031-DNA_H02_vs_LP6008032-DNA_B03__pv	3257	642	1419	9360	2167	1787	28260	3070	550	321
LP6008031-DNA_H03_vs_LP6008032-DNA_C03__pv	2915	9503	20045	11956	3251	0	24944	675	4203	0
LP6008051-DNA_A01_vs_LP6008050-DNA_C02__pv	1027	134	0	1477	1821	935	59	1490	56	1550
LP6008051-DNA_A02_vs_LP6008050-DNA_E01__pv	1178	2111	1564	1620	1986	1875	725	1438	1000	323
LP6008051-DNA_A03_vs_LP6008050-DNA_G02__pv	3358	4712	28712	953	418	6693	1346	1669	3240	2081
LP6008051-DNA_B01_vs_LP6008138-DNA_B03__pv	775	3727	6065	893	2943	1573	782	884	4977	283
LP6008051-DNA_B02_vs_LP6008050-DNA_F01__pv	1106	3846	2843	4382	2184	1145	818	4200	1642	1701
LP6008051-DNA_B03_vs_LP6008050-DNA_G02__pv	3257	4370	27707	1046	254	6705	898	1349	2940	1972
LP6008051-DNA_C01_vs_LP6008050-DNA_E02__pv	1270	4324	4039	2985	2135	2311	900	2220	2590	957
LP6008051-DNA_C02_vs_LP6008050-DNA_G01__pv	3183	1940	4933	1231	1050	5031	326	973	495	1074
LP6008051-DNA_C03_vs_LP6008050-DNA_G02__pv	3905	4602	28666	1109	251	7809	1498	1671	3417	2176
LP6008051-DNA_D01_vs_LP6008050-DNA_F02__pv	2447	4501	3133	3888	1939	4245	967	4410	1519	812
LP6008051-DNA_D03_vs_LP6008050-DNA_G02__pv	2098	3967	27931	1218	1084	5642	1086	2117	3053	1905
LP6008051-DNA_E01_vs_LP6008050-DNA_A01__pv	3195	2753	2191	1990	2081	4465	505	1671	1293	264
LP6008051-DNA_E02_vs_LP6008050-DNA_A02__pv	0	3281	589	1802	3066	9965	790	4166	0	0
LP6008051-DNA_E03_vs_LP6008050-DNA_G02__pv	2795	4564	27802	1133	829	5663	1136	1556	3064	1726
LP6008051-DNA_F01_vs_LP6008050-DNA_B01__pv	1965	4411	2140	3168	2624	2271	432	2370	914	479
LP6008051-DNA_F02_vs_LP6008050-DNA_B02__pv	4241	1706	756	2003	1510	10976	735	2931	878	2819
LP6008051-DNA_F03_vs_LP6008050-DNA_G02__pv	2693	4515	27636	1298	689	5463	1080	1353	3102	1776
LP6008051-DNA_G01_vs_LP6008050-DNA_C01__pv	1553	830	2957	767	1110	2794	1045	763	1115	3854
LP6008051-DNA_G02_vs_LP6008050-DNA_B02__pv	546	340	67	1267	579	624	221	1101	148	279
LP6008051-DNA_G03_vs_LP6008050-DNA_G02__pv	3100	4665	27937	997	698	6662	1645	1650	3245	1883
LP6008051-DNA_H03_vs_LP6008050-DNA_G02__pv	2843	4557	27660	1103	592	5927	1074	1392	3026	1843
LP6008139-DNA_A01_vs_LP6008140-DNA_A01__pv	1733	5294	7581	1453	1983	4887	842	2358	2294	381
LP6008139-DNA_A02_vs_LP6008140-DNA_A01__pv	1532	5144	6588	1115	1875	4029	776	2122	1996	332
LP6008139-DNA_A03_vs_LP2000102-DNA_A01__pv	1290	3888	3795	857	718	3697	925	4843	1800	4299
LP6008139-DNA_B01_vs_LP6008140-DNA_A01__pv	1888	5665	7520	1469	2232	5034	830	2540	1834	282
LP6008139-DNA_B02_vs_LP6008140-DNA_A01__pv	1189	4358	5099	822	1152	2962	727	1394	1657	359
LP6008139-DNA_B03_vs_LP6005408-DNA_H03__pv	1742	6070	8226	1606	2124	3571	1313	1238	5409	418
LP6008139-DNA_C01_vs_LP6008140-DNA_A01__pv	1758	4950	6104	1441	1592	3841	661	2089	2031	395
LP6008139-DNA_C02_vs_LP6008140-DNA_A01__pv	2043	3821	12097	1202	1739	4669	1324	1914	2081	391
LP6008139-DNA_C03_vs_LP6005408-DNA_H03__pv	1804	5993	8227	1643	2050	3286	1287	1091	5359	443
LP6008139-DNA_D01_vs_LP6008140-DNA_A01__pv	2000	4991	5259	1601	1765	3662	731	2152	1732	378
LP6008139-DNA_D02_vs_LP6008140-DNA_A01__pv	1653	4760	7506	1245	1651	4339	1143	2000	2094	370
LP6008139-DNA_D03_vs_LP6008140-DNA_A01__pv	636	6413	4482	1173	879	854	393	1285	2797	344
LP6008139-DNA_E01_vs_LP6008140-DNA_A01__pv	2093	3864	11781	1136	1519	4683	1695	1991	2277	548
LP6008139-DNA_E02_vs_LP6008140-DNA_A01__pv	1508	5595	7235	1449	2226	4753	1099	2331	2069	329
LP6008139-DNA_F01_vs_LP6008140-DNA_A01__pv	1800	5376	7806	1394	2056	4872	1234	2180	2301	385
LP6008139-DNA_F02_vs_LP6008140-DNA_A01__pv	1950	5460	5245	1676	1725	3323	684	2471	2058	436
LP6008139-DNA_G01_vs_LP6008140-DNA_A01__pv	1736	5589	7158	1452	2313	5199	1136	2542	2357	386
LP6008139-DNA_G02_vs_LP6008140-DNA_A01__pv	228	3570	2756	251	232	144	162	305	1630	64
LP6008139-DNA_H01_vs_LP6008140-DNA_A01__pv	1555	5524	6315	1283	1968	4352	1112	2270	2200	389
LP6008139-DNA_H02_vs_LP2000102-DNA_A01__pv	1358	3916	3750	948	696	3847	934	4977	1765	4328
LP6008141-DNA_A01_vs_LP6008138-DNA_A01__pv	1700	8022	1503	5826	2258	2094	596	4047	1589	1090
LP6008141-DNA_A02_vs_LP6008138-DNA_A02__pv	4219	56134	9788	1509	1162	5584	540	5423	31	744
LP6008141-DNA_A03_vs_LP6008138-DNA_F01__pv	622	3827	3395	833	547	606	269	503	1315	249
LP6008141-DNA_B01_vs_LP6008138-DNA_B01__pv	1372	3175	5510	2581	3949	284	518	1814	2274	1476
LP6008141-DNA_B02_vs_LP6008138-DNA_B02__pv	1039	3258	944	2398	4429	856	820	3425	1281	144
LP6008141-DNA_B03_vs_LP6008138-DNA_H01__pv	1248	3011	2645	2540	892	1195	193	1957	1036	85
LP6008141-DNA_C01_vs_LP6008138-DNA_C01__pv	1157	3170	2529	2369	1741	979	1004	3466	1246	1195
LP6008141-DNA_C02_vs_LP6008138-DNA_C02__pv	2411	15102	21729	3189	2964	3294	1306	3427	4898	144
LP6008141-DNA_C03_vs_LP6008032-DNA_A03__pv	1968	1424	829	1640	1989	3680	872	2045	388	1174
LP6008141-DNA_D01_vs_LP6008138-DNA_D01__pv	2942	1138	3399	1106	0	11042	753	2245	525	10407
LP6008141-DNA_D02_vs_LP6008138-DNA_D02__pv	2543	8423	34820	419	0	9307	1014	0	5127	7220
LP6008141-DNA_E01_vs_LP6008138-DNA_E01__pv	2847	2936	3647	2519	510	5799	627	2102	1421	1735
LP6008141-DNA_E02_vs_LP6008138-DNA_E02__pv	1919	5269	5923	2016	2249	3050	703	1462	3198	1634
LP6008141-DNA_F01_vs_LP6008138-DNA_F01__pv	1762	2931	2117	699	1906	3364	562	893	1618	807
LP6008141-DNA_F02_vs_LP6008138-DNA_F02__pv	1549	13803	22373	888	2872	3129	780	2238	6963	936
LP6008141-DNA_G01_vs_LP6008138-DNA_G01__pv	1116	724	524	2477	3276	817	827	1415	234	755
LP6008141-DNA_G02_vs_LP6008138-DNA_G02__pv	594	7541	7853	2057	1911	1979	901	2730	4030	1061
LP6008141-DNA_H01_vs_LP6008138-DNA_H01__pv	2366	725	516	887	1326	4931	446	1326	679	701
LP6008141-DNA_H02_vs_LP6008138-DNA_H02__pv	667	1878	737	1785	3056	1337	947	5729	531	880
LP6008143-DNA_A01_vs_LP6008144-DNA_A01__pv	1540	4114	5988	4212	2417	3034	581	3644	4547	143
LP6008143-DNA_A02_vs_LP6008144-DNA_A01__pv	1391	2548	3374	3915	1865	2277	472	3332	2116	193
LP6008143-DNA_B01_vs_LP6008144-DNA_A01__pv	1488	3850	5531	3957	2258	2908	606	3581	4149	139
LP6008143-DNA_B02_vs_LP6008144-DNA_A01__pv	541	1664	1911	1033	594	756	48	1207	1727	15
LP6008143-DNA_C01_vs_LP6008144-DNA_A01__pv	1682	7870	6656	4229	2495	3558	688	3818	6966	112
LP6008143-DNA_C02_vs_LP6008144-DNA_A01__pv	2011	14872	7624	3860	1959	3381	919	3785	11249	135
LP6008143-DNA_D01_vs_LP6008144-DNA_A01__pv	1319	6492	7488	4009	2526	3509	615	3718	6783	10
LP6008143-DNA_D02_vs_LP6008144-DNA_A01__pv	1522	6473	6239	4030	2484	3455	703	3752	6252	67
LP6008143-DNA_E01_vs_LP6008144-DNA_A01__pv	1498	6229	5945	3998	2301	3235	589	3635	6082	101
LP6008143-DNA_E02_vs_LP6008144-DNA_A01__pv	1417	6286	6011	3824	2318	3382	650	3613	6079	88
LP6008143-DNA_F01_vs_LP6008144-DNA_A01__pv	72	154	262	140	69	124	0	192	154	9
LP6008143-DNA_F02_vs_LP6008144-DNA_A01__pv	1673	7417	6890	4099	2696	3786	659	3795	6847	43
LP6008143-DNA_G01_vs_LP6008144-DNA_A01__pv	1429	4871	5265	4076	2134	2931	593	3574	4943	199
LP6008143-DNA_G02_vs_LP6008144-DNA_A01__pv	1552	6427	6159	4010	2413	3329	654	3721	6177	56
LP6008143-DNA_H01_vs_LP6008144-DNA_A01__pv	1492	5574	5243	3314	2113	2901	399	3242	5414	72
LP6008143-DNA_H02_vs_LP6008144-DNA_A01__pv	1561	8511	7199	3921	2374	3553	609	3664	7451	45
LP6008202-DNA_A01_vs_LP6008201-DNA_A01__pv	115254	3131	1836	20780	34572	9538	7165	4694	3419	2758
LP6008202-DNA_A02_vs_LP6008201-DNA_A02__pv	2203	12579	19052	1716	1904	0	424	215	6367	2385
LP6008202-DNA_A03_vs_LP6008201-DNA_A03__pv	826	81	118	178	0	2033	0	794	68	1642
LP6008202-DNA_B01_vs_LP6008201-DNA_B01__pv	1738	7083	11523	1275	2046	5183	1080	3047	4552	2534
LP6008202-DNA_B02_vs_LP6008201-DNA_B02__pv	935	3115	2373	3864	3082	4310	1426	4270	2077	217
LP6008202-DNA_B03_vs_LP6008201-DNA_B03__pv	105	0	3814	109	172	210	0	8	220	111
LP6008202-DNA_C01_vs_LP6008201-DNA_C01__pv	22595	5286	5265	5346	8076	5550	1801	3703	1176	2134
LP6008202-DNA_C02_vs_LP6008201-DNA_C02__pv	863	1174	715	1343	1209	1088	1087	1529	728	771
LP6008202-DNA_C03_vs_LP6008201-DNA_C03__pv	751	3653	3013	2282	2188	3637	858	1875	1488	75
LP6008202-DNA_D01_vs_LP6008201-DNA_D01__pv	49848	122	411	8688	13659	3365	2524	2017	1175	1321
LP6008202-DNA_D02_vs_LP6008201-DNA_D02__pv	1737	1091	1142	3023	1529	3727	530	2773	281	1334
LP6008202-DNA_D03_vs_LP6008201-DNA_D03__pv	323	4774	3096	550	1515	1234	824	1360	2618	3178
LP6008202-DNA_E01_vs_LP6008201-DNA_E01__pv	0	7692	5552	1502	6067	17384	3144	4909	604	0
LP6008202-DNA_E02_vs_LP6008201-DNA_E02__pv	2880	2168	1413	2038	2441	685	500	1583	869	273
LP6008202-DNA_E03_vs_LP6008201-DNA_D01__pv	39604	120	405	6418	11721	4050	2038	2540	1282	1498
LP6008202-DNA_F02_vs_LP6008201-DNA_F02__pv	1665	1855	1043	2446	3069	1148	676	1885	1045	426
LP6008202-DNA_G01_vs_LP6008201-DNA_G01__pv	5986	390	549	2210	2518	1107	2099	4226	559	482
LP6008202-DNA_G02_vs_LP6008201-DNA_G02__pv	2151	8251	5190	786	1701	3375	541	1384	3638	1215
LP6008202-DNA_H01_vs_LP6008201-DNA_H01__pv	14718	4139	7151	4164	6126	1908	1107	1800	4946	862
LP6008202-DNA_H02_vs_LP6008201-DNA_H02__pv	1505	4326	2025	1491	2198	2206	893	1253	2075	1645
LP6008208-DNA_A01_vs_LP6008203-DNA_A01__pv	993	0	42	1345	713	1179	278	982	24	417
LP6008208-DNA_A02_vs_LP6005979-DNA_A01__pv	1047	20529	15040	2309	2366	2807	1160	2222	9021	1316
LP6008208-DNA_B01_vs_LP6008203-DNA_A01__pv	144	11	4	96	49	101	1	60	0	92
LP6008208-DNA_B02_vs_LP6005979-DNA_A01__pv	59	0	2	4	1	20	6	2	0	1
LP6008208-DNA_C01_vs_LP6008203-DNA_A01__pv	935	15	28	1508	773	1247	567	1560	33	483
LP6008208-DNA_C02_vs_LP6005979-DNA_A01__pv	26	5032	5170	3480	5717	2349	2233	2694	1655	731
LP6008208-DNA_D01_vs_LP6008203-DNA_A01__pv	1004	0	45	1514	699	1159	393	891	55	382
LP6008208-DNA_E01_vs_LP6008203-DNA_A01__pv	960	0	36	1544	715	1072	418	888	31	380
LP6008208-DNA_F01_vs_LP6008203-DNA_A01__pv	1002	0	38	1506	683	1238	403	825	60	429
LP6008208-DNA_G01_vs_LP6008203-DNA_A01__pv	904	0	55	1324	632	1049	344	669	47	423
LP6008208-DNA_H01_vs_LP6005979-DNA_A01__pv	60	4879	5095	3401	5570	2151	2239	2681	1578	609
LP6008221-DNA_A01_vs_LP6008220-DNA_A01__pv	646	15738	9606	1766	1618	167	592	1451	4091	854
LP6008221-DNA_A02_vs_LP6008220-DNA_A02__pv	2846	313	627	2528	978	4363	1097	5982	944	537
LP6008221-DNA_A03_vs_LP6008220-DNA_A03__pv	1674	1405	645	3689	1876	2030	393	3798	255	660
LP6008221-DNA_A04_vs_LP6008050-DNA_H01__pv	3055	3235	3259	1333	1939	9090	571	1772	1448	531
LP6008221-DNA_B01_vs_LP6008220-DNA_B01__pv	516	0	109	321	163	405	61	373	69	244
LP6008221-DNA_B02_vs_LP6008220-DNA_B02__pv	1802	997	3092	825	1466	2571	261	1053	1099	1368
LP6008221-DNA_B03_vs_LP6008220-DNA_B03__pv	1470	5733	2950	2366	3767	1830	634	1875	1196	276
LP6008221-DNA_C01_vs_LP6008220-DNA_C01__pv	2082	8943	9753	2763	720	4515	1485	1711	3662	3136
LP6008221-DNA_C02_vs_LP6008220-DNA_C02__pv	896	275	102	1711	853	1373	158	899	2	299
LP6008221-DNA_C03_vs_LP6008220-DNA_C03__pv	1198	1451	1250	1516	1685	3160	365	1893	765	925
LP6008221-DNA_D01_vs_LP6008220-DNA_D01__pv	3335	5498	5399	4025	5799	3676	725	3121	3273	1741
LP6008221-DNA_D02_vs_LP6008220-DNA_D02__pv	1512	5833	3849	1455	325	2375	621	1958	1436	3381
LP6008221-DNA_D03_vs_LP6008220-DNA_D03__pv	3224	6694	15860	1690	2779	3757	903	494	3276	949
LP6008221-DNA_E01_vs_LP6008220-DNA_E01__pv	724	14964	6749	753	2073	1618	895	1262	10558	0
LP6008221-DNA_E02_vs_LP6008220-DNA_E02__pv	1544	14275	9511	1397	1158	1683	527	1355	5538	768
LP6008221-DNA_E03_vs_LP6008220-DNA_E03__pv	2834	11901	11587	2490	4497	2491	1151	2083	3948	485
LP6008221-DNA_F01_vs_LP6008220-DNA_F01__pv	1935	2329	1016	845	2133	3428	621	1519	1473	379
LP6008221-DNA_F02_vs_LP6008220-DNA_F02__pv	8659	3494	0	0	2454	3618	36080	894	1053	2551
LP6008221-DNA_F03_vs_LP6008220-DNA_F03__pv	2748	7140	7982	2230	2885	4921	2697	3024	4474	280
LP6008221-DNA_G01_vs_LP6008220-DNA_G01__pv	1743	61	58	947	1719	2579	281	704	117	720
LP6008221-DNA_G02_vs_LP6008220-DNA_G02__pv	1285	3177	2028	2007	2018	2650	913	4567	1004	661
LP6008221-DNA_G03_vs_LP6008220-DNA_H02__pv	597	472	622	746	434	590	65	529	240	305
LP6008221-DNA_H01_vs_LP6008220-DNA_H01__pv	577	1057	1778	3434	3865	20	954	1128	1043	3416
LP6008221-DNA_H02_vs_LP6008220-DNA_H02__pv	3355	1454	1459	1555	1571	7894	291	2677	361	1473
LP6008221-DNA_H03_vs_LP6008220-DNA_D03__pv	539	1177	1087	676	296	480	58	631	272	174
LP6008267-DNA_A01_vs_LP6008266-DNA_A01__pv	1033	18870	12888	3179	2104	1215	435	2741	8950	712
LP6008267-DNA_A02_vs_LP6008266-DNA_G01__pv	1698	966	820	2119	1161	1822	324	2586	207	449
LP6008267-DNA_B01_vs_LP6008266-DNA_B01__pv	3233	24679	30931	2239	1465	2911	540	1040	7187	1456
LP6008267-DNA_B02_vs_LP6008266-DNA_H01__pv	2504	7443	5209	2467	1225	6206	1266	2648	3082	1297
LP6008267-DNA_C01_vs_LP6008266-DNA_C01__pv	1452	9769	2709	2691	4696	1617	1334	2926	2786	434
LP6008267-DNA_C02_vs_LP6008266-DNA_H01__pv	1301	1193	374	2366	830	1256	119	1389	116	351
LP6008267-DNA_D01_vs_LP6008201-DNA_F01__pv	1761	1476	857	933	1360	2904	761	1198	653	928
LP6008267-DNA_D02_vs_LP6008266-DNA_A02__pv	1350	498	1338	810	17252	1460	4674	2598	525	1055
LP6008267-DNA_E01_vs_LP6008266-DNA_D01__pv	1241	3886	2775	2350	1318	2650	1282	2753	1636	984
LP6008267-DNA_E02_vs_LP6008266-DNA_A02__pv	1701	2379	1132	1389	1889	5388	1657	3032	407	804
LP6008267-DNA_F01_vs_LP6008266-DNA_E01__pv	2248	10199	9009	1867	1530	3485	504	1562	3404	1043
LP6008267-DNA_G01_vs_LP6008266-DNA_F01__pv	0	1054	623	461	957	5906	2459	1600	0	6679
LP6008267-DNA_H01_vs_LP6008266-DNA_G01__pv	1276	619	933	3213	2231	2986	1462	2566	588	1132
LP6008269-DNA_A02_vs_LP6008268-DNA_C02__pv	1007	154	168	1143	724	627	138	875	55	199
LP6008269-DNA_A03_vs_LP6008268-DNA_C03__pv	0	62890	58942	0	233	0	0	0	19749	1072
LP6008269-DNA_A04_vs_LP6008268-DNA_C04__pv	1019	1217	917	1297	737	668	172	981	218	227
LP6008269-DNA_A05_vs_LP6008268-DNA_C05__pv	1294	2109	1708	4033	2442	340	345	3428	297	688
LP6008269-DNA_A06_vs_LP6008268-DNA_B06__pv	1015	79	340	1853	859	1763	550	1277	418	636
LP6008269-DNA_A08_vs_LP6008268-DNA_A08__pv	1487	6166	3468	2184	3189	780	905	2877	1768	651
LP6008269-DNA_A09_vs_LP6008268-DNA_A09__pv	1556	1708	1337	2649	1693	1540	446	2911	626	667
LP6008269-DNA_A10_vs_LP6008268-DNA_A10__pv	1806	1059	984	2766	1923	3925	375	2830	257	587
LP6008269-DNA_B02_vs_LP6008268-DNA_D02__pv	1052	1255	791	2349	1230	1226	519	1553	416	304
LP6008269-DNA_B03_vs_LP6008268-DNA_D03__pv	1162	334	817	1229	415	983	0	618	488	189
LP6008269-DNA_B05_vs_LP6008268-DNA_D05__pv	1723	7928	3747	1626	2254	1573	902	2855	3451	722
LP6008269-DNA_B06_vs_LP6008268-DNA_C06__pv	923	14560	8661	3178	4368	1024	2420	3112	8112	723
LP6008269-DNA_B07_vs_LP6008268-DNA_B07__pv	2252	81	76	1204	1517	1979	94	1018	0	306
LP6008269-DNA_B08_vs_LP6008268-DNA_B08__pv	965	4782	1664	935	749	1264	301	1012	1053	360
LP6008269-DNA_B09_vs_LP6008268-DNA_B09__pv	1877	948	414	3652	1849	1503	255	3076	656	655
LP6008269-DNA_B10_vs_LP6008268-DNA_B10__pv	1102	1825	3083	1618	3156	4615	3971	5128	1888	1130
LP6008269-DNA_C04_vs_LP6008268-DNA_E04__pv	627745	4727	735	148400	193539	11806	52714	15055	17038	5435
LP6008269-DNA_C05_vs_LP6008268-DNA_E05__pv	683	9744	7553	2493	881	3009	1347	2307	1874	657
LP6008269-DNA_C06_vs_LP6008268-DNA_D06__pv	3046	1210	699	1201	2615	7574	95	2297	564	0
LP6008269-DNA_C07_vs_LP6008268-DNA_C07__pv	1677	2026	993	3716	4259	1507	452	2752	1022	1037
LP6008269-DNA_C08_vs_LP6008268-DNA_C08__pv	1949	5346	9190	1960	2611	4038	1559	4452	3614	742
LP6008269-DNA_C09_vs_LP6008268-DNA_C09__pv	879	7487	9629	725	860	2164	240	795	3807	1056
LP6008269-DNA_C10_vs_LP6008268-DNA_C10__pv	1221	2295	2257	2956	1108	968	130	1024	402	176
LP6008269-DNA_D02_vs_LP6008268-DNA_F02__pv	2201	2023	1975	2519	2636	2571	1194	2119	694	1254
LP6008269-DNA_D03_vs_LP6008268-DNA_F03__pv	2247	3743	1730	5280	1790	978	0	2698	885	494
LP6008269-DNA_D04_vs_LP6008268-DNA_F04__pv	762	546	243	1427	531	403	65	1007	196	198
LP6008269-DNA_D05_vs_LP6008268-DNA_F05__pv	0	0	3229	11498	2872	1367	38871	1646	1958	206
LP6008269-DNA_D06_vs_LP6008268-DNA_E06__pv	1503	1873	1736	1954	1178	2163	570	1925	295	463
LP6008269-DNA_D07_vs_LP6008268-DNA_D07__pv	1266	4708	5493	2779	1800	2308	898	3654	2035	670
LP6008269-DNA_D08_vs_LP6008268-DNA_D08__pv	1594	48727	46378	1225	1337	1602	609	1627	7178	1058
LP6008269-DNA_D09_vs_LP6008268-DNA_D09__pv	626518	2744	1904	149153	192068	14564	56534	16458	17499	6495
LP6008269-DNA_D10_vs_LP6008268-DNA_D10__pv	2198	2594	3755	2457	2068	5849	2125	3421	1022	1246
LP6008269-DNA_E01_vs_LP6008268-DNA_E01__pv	1256	1828	951	1813	1502	2183	1414	2966	716	443
LP6008269-DNA_E02_vs_LP6008268-DNA_G02__pv	646	5073	5750	2108	1803	2162	859	1217	996	1696
LP6008269-DNA_E03_vs_LP6008268-DNA_G03__pv	1412	510	1464	2726	1097	2153	260	1837	121	458
LP6008269-DNA_E04_vs_LP6008268-DNA_G04__pv	1632	17316	12420	2178	1295	650	774	3870	6494	961
LP6008269-DNA_E06_vs_LP6008268-DNA_F06__pv	1528	109	245	947	1375	1379	519	786	252	223
LP6008269-DNA_E07_vs_LP6008268-DNA_E07__pv	11739	7658	1213	19001	2981	4006	44830	5842	3601	314
LP6008269-DNA_E08_vs_LP6008268-DNA_E08__pv	1607	2581	3239	1148	1242	3236	1168	1499	955	1158
LP6008269-DNA_E09_vs_LP6008268-DNA_E09__pv	948	244	200	1189	859	1493	288	496	158	380
LP6008269-DNA_E10_vs_LP6008268-DNA_E10__pv	2151	5944	3511	1908	3067	4138	669	2799	1876	919
LP6008269-DNA_F01_vs_LP6008268-DNA_H01__pv	826	570	302	823	447	461	75	483	187	110
LP6008269-DNA_F02_vs_LP6008268-DNA_H02__pv	1652	2709	1427	1345	2220	2895	760	1843	870	753
LP6008269-DNA_F03_vs_LP6008268-DNA_H03__pv	1298	3601	0	1750	3912	699	1981	3341	920	1393
LP6008269-DNA_F04_vs_LP6008268-DNA_H04__pv	1359	923	721	2388	1012	1065	128	2416	97	891
LP6008269-DNA_F06_vs_LP6008268-DNA_G06__pv	1853	1404	769	1858	1079	2151	187	1602	366	481
LP6008269-DNA_F07_vs_LP6008268-DNA_F07__pv	789	83	93	1917	192	1005	41	94	17	257
LP6008269-DNA_F08_vs_LP6008268-DNA_F08__pv	1613	9605	2182	1048	1841	3717	326	1663	2810	1123
LP6008269-DNA_F09_vs_LP6008268-DNA_F09__pv	1474	1149	934	2529	1414	2976	891	1573	498	588
LP6008269-DNA_G01_vs_LP6008268-DNA_A02__pv	1003	2483	7348	658	555	870	0	348	1594	146
LP6008269-DNA_G02_vs_LP6008268-DNA_A03__pv	1459	1849	1013	1976	2673	1107	451	1485	695	657
LP6008269-DNA_G03_vs_LP6008268-DNA_A04__pv	1039	12196	17076	1960	1119	1471	650	2118	6793	833
LP6008269-DNA_G04_vs_LP6008268-DNA_A05__pv	924	674	708	2248	821	1010	446	654	389	276
LP6008269-DNA_G06_vs_LP6008268-DNA_H06__pv	1158	10871	15722	3652	1966	2785	0	1617	4032	1398
LP6008269-DNA_G07_vs_LP6008268-DNA_G07__pv	775	7081	7465	966	723	811	523	631	854	355
LP6008269-DNA_G08_vs_LP6008268-DNA_G08__pv	1542	2640	2664	1982	1582	2867	791	1399	1443	553
LP6008269-DNA_G09_vs_LP6008268-DNA_G09__pv	47	0	4	24	4	0	15	7	0	0
LP6008269-DNA_H01_vs_LP6008268-DNA_B02__pv	501	76	22	422	249	136	0	82	0	16
LP6008269-DNA_H02_vs_LP6008268-DNA_B03__pv	578	11671	11566	2664	2768	934	594	1308	8389	364
LP6008269-DNA_H03_vs_LP6008268-DNA_B04__pv	1150	911	2270	2712	485	2213	281	978	213	1299
LP6008269-DNA_H05_vs_LP6008268-DNA_A06__pv	2844	2947	2188	3626	3745	3578	997	3317	2478	1955
LP6008269-DNA_H06_vs_LP6008268-DNA_A07__pv	1981	6137	2197	1907	2247	3219	1379	2348	2042	989
LP6008269-DNA_H07_vs_LP6008268-DNA_H07__pv	761	3145	10011	1226	1392	1210	617	1276	1822	621
LP6008269-DNA_H08_vs_LP6008268-DNA_H08__pv	2118	1082	1564	1288	1302	12134	397	1806	1399	3387
LP6008269-DNA_H09_vs_LP6008268-DNA_H09__pv	477	4980	21111	469	3660	1725	271	130	22087	1700
LP6008280-DNA_A01_vs_LP6008264-DNA_A01__pv	1423	2146	2279	2035	2051	1688	972	2878	827	809
LP6008280-DNA_A02_vs_LP6008264-DNA_A02__pv	1040	3636	2001	814	888	2003	448	1473	1730	392
LP6008280-DNA_A03_vs_LP6008264-DNA_A03__pv	1316	1132	788	5746	3765	1259	774	2465	403	623
LP6008280-DNA_A04_vs_LP6008264-DNA_H03__pv	2048	1270	4871	575	0	4567	221	521	1302	1591
LP6008280-DNA_A05_vs_LP6008264-DNA_H04__pv	862	1933	443	851	514	751	105	882	222	118
LP6008280-DNA_A07_vs_LP6008264-DNA_H06__pv	827	2340	1051	956	522	547	400	661	709	257
LP6008280-DNA_B01_vs_LP6008264-DNA_B01__pv	929	814	1603	8624	1515	689	29686	4033	1145	813
LP6008280-DNA_B02_vs_LP6008264-DNA_B02__pv	1063	108	0	2469	1175	810	620	1136	60	205
LP6008280-DNA_B03_vs_LP6008264-DNA_B03__pv	725	479	188	2234	1294	1243	509	1703	244	2968
LP6008280-DNA_B04_vs_LP6008264-DNA_A04__pv	90	17	0	10	5	0	30	4	13	6
LP6008280-DNA_B05_vs_LP6008264-DNA_A05__pv	3026	6010	5155	2897	1639	2252	913	5929	2109	744
LP6008280-DNA_C01_vs_LP6008264-DNA_C01__pv	1727	22142	8893	2780	3109	3043	893	2020	3271	683
LP6008280-DNA_C02_vs_LP6008264-DNA_C02__pv	2028	8942	9292	1979	1629	2206	843	941	3153	2982
LP6008280-DNA_C03_vs_LP6008264-DNA_C03__pv	605	2229	1443	2367	489	3455	1823	6714	267	14868
LP6008280-DNA_C04_vs_LP6008264-DNA_B04__pv	106	3	0	18	23	0	49	0	26	4
LP6008280-DNA_C05_vs_LP6008264-DNA_B05__pv	1729	1410	1020	2454	933	1436	444	1223	591	362
LP6008280-DNA_C06_vs_LP6008264-DNA_B06__pv	863	3544	4602	1059	494	485	154	782	2072	197
LP6008280-DNA_D02_vs_LP6008264-DNA_D02__pv	1832	5829	3308	723	2644	2033	1026	1350	2754	830
LP6008280-DNA_D03_vs_LP6008264-DNA_H01__pv	155	0	5	110	50	29	20	12	0	3
LP6008280-DNA_D05_vs_LP6008264-DNA_E04__pv	1281	2465	2393	1492	706	579	256	712	823	488
LP6008280-DNA_E01_vs_LP6008264-DNA_E01__pv	1813	10393	0	2175	3206	2267	785	2834	2207	454
LP6008280-DNA_E02_vs_LP6008264-DNA_E02__pv	2396	7976	10645	2381	2754	2443	731	2137	4616	2001
LP6008280-DNA_E03_vs_LP6008264-DNA_D03__pv	634	4123	3438	773	1155	946	313	878	1317	252
LP6008280-DNA_E04_vs_LP6008264-DNA_D04__pv	2149	7860	3412	5136	1200	1122	417	4821	1573	695
LP6008280-DNA_E05_vs_LP6008264-DNA_D05__pv	801	2304	5874	781	342	666	0	202	1084	187
LP6008280-DNA_F01_vs_LP6008264-DNA_F01__pv	4370	9929	4762	1915	4719	6777	1245	3410	4015	976
LP6008280-DNA_F02_vs_LP6008264-DNA_F02__pv	2393	3605	3475	4563	1945	3357	1301	2527	994	380
LP6008280-DNA_F03_vs_LP6008264-DNA_E03__pv	1379	17819	23025	1565	2449	690	715	1309	6569	892
LP6008280-DNA_F05_vs_LP6008264-DNA_E05__pv	842	1808	2512	1381	1439	1053	675	1410	774	300
LP6008280-DNA_F06_vs_LP6008264-DNA_E06__pv	1306	3212	2200	3306	813	826	397	1793	1474	229
LP6008280-DNA_G01_vs_LP6008264-DNA_G01__pv	406	301	565	68	47	48	150	59	103	56
LP6008280-DNA_G02_vs_LP6008264-DNA_G02__pv	1082	239	277	1356	813	1712	936	1601	376	638
LP6008280-DNA_G03_vs_LP6008264-DNA_F03__pv	974	597	505	1964	2035	1186	844	1468	283	106
LP6008280-DNA_G04_vs_LP6008264-DNA_F04__pv	1023	1212	833	1537	2209	104	698	1072	429	836
LP6008280-DNA_G05_vs_LP6008264-DNA_F05__pv	1605	2897	2383	3157	1279	1299	578	2351	632	542
LP6008280-DNA_G06_vs_LP6008264-DNA_F06__pv	642	61	30	684	402	425	1	410	42	93
LP6008280-DNA_H01_vs_LP6008264-DNA_H01__pv	1200	1432	1039	2711	1692	2506	1058	2556	608	387
LP6008280-DNA_H02_vs_LP6008264-DNA_H02__pv	2254	9732	10223	1045	1138	7286	1191	2117	5065	2479
LP6008280-DNA_H04_vs_LP6008264-DNA_G04__pv	1581	6090	2482	3736	1940	1249	857	2103	1586	476
LP6008280-DNA_H05_vs_LP6008264-DNA_G05__pv	1157	3365	680	1382	861	766	487	1259	1097	264
LP6008280-DNA_H06_vs_LP6008264-DNA_G06__pv	1704	9312	8308	1596	820	1223	427	3709	3063	1012
LP6008334-DNA_A01_vs_LP6008335-DNA_A01__pv	0	49660	41962	4	0	0	396	0	46815	0
LP6008334-DNA_A03_vs_LP6008335-DNA_E02__pv	877	3732	4474	2447	3890	2267	2270	3483	1195	6217
LP6008334-DNA_A04_vs_LP6008335-DNA_E03__pv	1919	1815	1432	3841	1974	4134	1559	4047	642	708
LP6008334-DNA_B01_vs_LP6008335-DNA_B01__pv	1458	3480	3299	2448	3850	1420	504	2255	1543	85
LP6008334-DNA_B02_vs_LP6008335-DNA_F01__pv	1711	3055	2243	959	1608	2297	420	2775	1274	646
LP6008334-DNA_B03_vs_LP6008335-DNA_F02__pv	4784	23494	34147	32234	6193	4479	89586	6188	13294	0
LP6008334-DNA_C01_vs_LP6008335-DNA_C01__pv	1822	3203	1731	2839	2243	3101	740	2851	669	780
LP6008334-DNA_C02_vs_LP6008335-DNA_G01__pv	1576	2001	3632	2458	6167	491	1187	5445	950	3470
LP6008334-DNA_C03_vs_LP6008335-DNA_G02__pv	2257	2285	3961	3565	1086	7598	1550	1303	622	1318
LP6008334-DNA_D01_vs_LP6008335-DNA_D01__pv	1316	3316	1379	1829	1442	1539	563	2014	1324	1152
LP6008334-DNA_D02_vs_LP6008335-DNA_H01__pv	2652	3711	7977	1348	1245	6747	1323	2472	3815	1804
LP6008334-DNA_D03_vs_LP6008335-DNA_H02__pv	3162	10788	6232	1498	1569	7477	2263	11469	3600	1853
LP6008334-DNA_E01_vs_LP6008335-DNA_A01__pv	729	2367	2636	686	0	958	142	335	392	1263
LP6008334-DNA_E02_vs_LP6008335-DNA_A02__pv	1731	3476	2405	1561	2204	2362	908	2828	1583	579
LP6008334-DNA_E03_vs_LP6008335-DNA_A03__pv	1952	2256	3175	2806	4570	5907	2100	3497	1796	473
LP6008334-DNA_F01_vs_LP6008335-DNA_B01__pv	1652	520	475	4628	1195	1607	598	4849	133	361
LP6008334-DNA_F02_vs_LP6008335-DNA_B02__pv	857	5248	2858	1425	1984	916	465	2134	1669	204
LP6008334-DNA_F03_vs_LP6008335-DNA_B03__pv	1098	704	242	3279	1472	2650	404	2261	127	313
LP6008334-DNA_G01_vs_LP6008335-DNA_C01__pv	611	1152	683	827	606	655	367	972	356	133
LP6008334-DNA_G02_vs_LP6008335-DNA_C02__pv	1413	2684	2878	1361	1957	2665	551	1818	2072	831
LP6008334-DNA_G03_vs_LP6008335-DNA_C03__pv	1503	0	16	1930	1332	1060	493	1182	56	1127
LP6008334-DNA_H01_vs_LP6008335-DNA_D01__pv	1579	1656	932	1549	1699	1645	1087	2094	720	391
LP6008334-DNA_H02_vs_LP6008335-DNA_D02__pv	2472	1432	1372	2593	2909	5295	735	2254	410	365
LP6008334-DNA_H03_vs_LP6008335-DNA_D03__pv	1233	4887	7488	2884	2469	4853	823	1605	2430	2549
LP6008336-DNA_A01_vs_LP6008333-DNA_A01__pv	2003	81	119	1751	890	3709	716	2478	388	576
LP6008336-DNA_A02_vs_LP6008333-DNA_A02__pv	1252	0	43	1651	894	1022	298	822	64	410
LP6008336-DNA_A03_vs_LP6008333-DNA_A03__pv	731	65	34	632	819	1037	113	891	49	246
LP6008336-DNA_B01_vs_LP6008333-DNA_B01__pv	1195	444	337	1541	1313	1514	214	1262	108	690
LP6008336-DNA_B02_vs_LP6008333-DNA_B02__pv	1087	1487	2207	2409	1128	969	360	531	294	840
LP6008336-DNA_B03_vs_LP6008333-DNA_B03__pv	561	62	15	522	234	272	0	99	21	34
LP6008336-DNA_C01_vs_LP6008333-DNA_C01__pv	1615	371	355	1333	967	3364	1551	4624	381	1639
LP6008336-DNA_C02_vs_LP6008333-DNA_C02__pv	630	2080	1249	673	291	617	244	1135	909	203
LP6008336-DNA_C03_vs_LP6008333-DNA_C03__pv	1359	503	637	1842	1709	2300	1083	1904	183	1260
LP6008336-DNA_D01_vs_LP6008333-DNA_D01__pv	5365	3287	0	12938	5034	5703	33877	1302	2782	33
LP6008336-DNA_D02_vs_LP6008333-DNA_D02__pv	135	0	3	27	1	2	0	0	0	3
LP6008336-DNA_D03_vs_LP6008333-DNA_D03__pv	2408	10094	7571	1621	2757	6801	798	3439	1419	1148
LP6008336-DNA_E01_vs_LP6008333-DNA_E01__pv	1293	9424	1706	984	2944	3061	773	2192	3133	668
LP6008336-DNA_E02_vs_LP6008333-DNA_E02__pv	2212	16012	18241	2490	1476	2002	635	1525	3019	777
LP6008336-DNA_E03_vs_LP6008333-DNA_E03__pv	883	220	396	914	951	943	189	348	250	131
LP6008336-DNA_F02_vs_LP6008333-DNA_F02__pv	1011	1235	646	912	1261	2682	897	1628	413	1755
LP6008336-DNA_F03_vs_LP6008333-DNA_F03__pv	2157	1153	751	3679	6824	2732	1099	2692	396	6256
LP6008336-DNA_G01_vs_LP6008333-DNA_G01__pv	1292	1735	442	1822	1640	2179	221	1599	846	194
LP6008336-DNA_G02_vs_LP6008333-DNA_G02__pv	1780	820	3520	540	1045	4052	356	512	2861	752
LP6008336-DNA_G03_vs_LP6008333-DNA_G03__pv	1948	3250	1188	1430	1378	6479	1015	4430	927	1275
LP6008336-DNA_H01_vs_LP6008333-DNA_H01__pv	2007	2487	2100	2229	3515	2760	1418	4940	1241	776
LP6008336-DNA_H02_vs_LP6008333-DNA_H02__pv	60	0	0	37	0	0	20	0	12	2
LP6008336-DNA_H03_vs_LP6008333-DNA_H03__pv	1096	153	760	1634	1087	1212	841	7062	226	849
LP6008337-DNA_A01_vs_LP6008338-DNA_A01__pv	722	1209	737	602	614	648	180	639	548	247
LP6008337-DNA_A02_vs_LP6008338-DNA_A02__pv	90	1358	758	998	1938	1761	671	1017	382	193
LP6008337-DNA_A03_vs_LP6008338-DNA_A03__pv	732	2743	2956	1315	1482	3859	663	1342	1568	1266
LP6008337-DNA_A04_vs_LP6008338-DNA_A04__pv	746	1246	929	761	444	449	38	689	394	143
LP6008337-DNA_A06_vs_LP6008338-DNA_G05__pv	958	3519	2532	1998	2647	2814	1596	3342	1832	935
LP6008337-DNA_A07_vs_LP6008338-DNA_E06__pv	786	0	0	715	0	1357	684	389	0	8924
LP6008337-DNA_B02_vs_LP6008338-DNA_B02__pv	953	235	350	965	787	576	131	571	84	160
LP6008337-DNA_B03_vs_LP6008338-DNA_B03__pv	828	1333	1116	1200	856	987	241	1008	587	246
LP6008337-DNA_B04_vs_LP6008338-DNA_B04__pv	647101	4588	1098	153286	196406	13289	56080	16142	19219	5591
LP6008337-DNA_B05_vs_LP6008338-DNA_A05__pv	1062	2838	1869	1050	673	813	83	961	770	256
LP6008337-DNA_B07_vs_LP6008338-DNA_F06__pv	899	2043	1170	2253	2558	5229	1697	3877	1117	396
LP6008337-DNA_C01_vs_LP6008338-DNA_C01__pv	2185	4526	3318	2957	1417	1842	194	1976	1264	1040
LP6008337-DNA_C02_vs_LP6008338-DNA_C02__pv	956	45	144	1834	549	1239	435	1738	156	498
LP6008337-DNA_C03_vs_LP6008338-DNA_C03__pv	1091	5042	2181	3191	1444	678	885	2663	1355	716
LP6008337-DNA_C04_vs_LP6008338-DNA_C04__pv	948	2145	5283	967	259	1387	48	682	1483	510
LP6008337-DNA_C05_vs_LP6008338-DNA_B05__pv	1179	3168	2113	1381	905	1510	409	2508	752	316
LP6008337-DNA_D01_vs_LP6008338-DNA_D01__pv	669	636	56	1379	714	704	434	796	277	114
LP6008337-DNA_D02_vs_LP6008338-DNA_D02__pv	534	370	273	527	289	418	127	318	125	79
LP6008337-DNA_D03_vs_LP6008338-DNA_D03__pv	1730	1208	727	2553	1476	1530	251	1799	443	291
LP6008337-DNA_D04_vs_LP6008338-DNA_D04__pv	502	595	341	368	429	649	223	610	269	64
LP6008337-DNA_D05_vs_LP6008338-DNA_C05__pv	672	303	0	1429	559	544	193	1072	61	126
LP6008337-DNA_D06_vs_LP6008338-DNA_A06__pv	3598	20977	18174	2255	3500	3327	2036	8197	8563	1201
LP6008337-DNA_E01_vs_LP6008338-DNA_E01__pv	1015	5153	3114	1336	732	497	383	1487	1159	223
LP6008337-DNA_E03_vs_LP6008338-DNA_E03__pv	1205	2800	1904	1264	1313	924	739	1251	1146	423
LP6008337-DNA_E04_vs_LP6008338-DNA_E04__pv	1148	4028	4101	1866	1144	1225	689	3876	1952	380
LP6008337-DNA_E05_vs_LP6008338-DNA_D05__pv	734	2074	2226	1381	764	552	270	821	1029	125
LP6008337-DNA_F01_vs_LP6008338-DNA_F01__pv	440	259	106	429	462	318	81	368	39	74
LP6008337-DNA_F02_vs_LP6008338-DNA_F02__pv	1597	2505	2188	2294	1515	2525	600	2155	1080	678
LP6008337-DNA_F03_vs_LP6008338-DNA_F03__pv	1191	2628	2041	1272	1477	804	116	1825	717	87
LP6008337-DNA_F04_vs_LP6008338-DNA_F04__pv	1631	6834	5689	4332	1902	2300	256	2633	3589	0
LP6008337-DNA_F05_vs_LP6008338-DNA_E05__pv	2522	3606	3560	4612	3003	2998	1285	5864	1478	1429
LP6008337-DNA_F06_vs_LP6008338-DNA_C06__pv	1344	13114	9345	1484	585	853	384	1697	4404	791
LP6008337-DNA_G01_vs_LP6008338-DNA_G01__pv	1699	2381	1824	3294	1885	1749	513	2884	660	508
LP6008337-DNA_G02_vs_LP6008338-DNA_G02__pv	1120	4449	1845	1094	1103	1051	356	1533	1195	203
LP6008337-DNA_G03_vs_LP6008338-DNA_G03__pv	1236	5872	4180	2214	1525	1958	681	3015	1459	463
LP6008337-DNA_G04_vs_LP6008338-DNA_G04__pv	1252	4714	236	2393	658	819	279	1148	405	245
LP6008337-DNA_G05_vs_LP6008338-DNA_F05__pv	1041	2611	810	839	963	1123	468	1215	845	412
LP6008337-DNA_G06_vs_LP6008338-DNA_C06__pv	1412	14330	7371	3037	1630	1371	644	2466	4078	433
LP6008337-DNA_H01_vs_LP6008338-DNA_H01__pv	817	492	447	1446	485	392	78	828	157	115
LP6008337-DNA_H02_vs_LP6008338-DNA_H02__pv	1915	37956	35079	2107	1235	2428	685	3135	12293	1188
LP6008337-DNA_H03_vs_LP6008338-DNA_H03__pv	1756	1759	972	1339	1214	994	316	986	280	19
LP6008337-DNA_H04_vs_LP6008338-DNA_H04__pv	867	3040	4692	1171	648	1082	277	1001	1665	422
LP6008337-DNA_H06_vs_LP6008338-DNA_D06__pv	1710	10279	14787	1471	1651	4858	1340	2607	3911	1388
LP6008341-DNA_A01_vs_LP6008340-DNA_A01__pv	1250	3388	3124	2970	1169	1032	228	2430	583	265
LP6008341-DNA_A03_vs_LP6008340-DNA_F02__pv	643592	7325	5192	152914	197646	15659	55336	17262	18476	5382
LP6008341-DNA_B01_vs_LP6008340-DNA_B01__pv	2344	8005	11993	918	1164	3538	629	1375	2345	2003
LP6008341-DNA_B03_vs_LP6008340-DNA_G02__pv	727	769	556	1325	691	645	242	623	429	204
LP6008341-DNA_C01_vs_LP6008340-DNA_C01__pv	880	5244	3375	1821	1643	388	456	1457	2642	856
LP6008341-DNA_D01_vs_LP6008340-DNA_D01__pv	1829	10785	9733	3258	5894	1992	1415	3494	5314	1041
LP6008341-DNA_D02_vs_LP6008340-DNA_A02__pv	101	0	7	50	5	14	20	10	4	17
LP6008341-DNA_E01_vs_LP6008340-DNA_E01__pv	794	2546	4073	699	535	869	222	930	1192	769
LP6008341-DNA_E02_vs_LP6008340-DNA_B02__pv	952	7694	5280	1096	909	1352	514	2248	3018	456
LP6008341-DNA_F01_vs_LP6008340-DNA_F01__pv	1114	2011	2451	1427	717	1026	332	1901	846	262
LP6008341-DNA_F02_vs_LP6008340-DNA_C02__pv	1563	1664	2121	1756	3307	2251	360	1462	851	383
LP6008341-DNA_G01_vs_LP6008340-DNA_G01__pv	1615	2750	3041	2802	1819	2054	1077	2187	1414	509
LP6008341-DNA_G02_vs_LP6008340-DNA_D02__pv	1103	733	683	1373	723	680	138	800	237	307
LP6008341-DNA_H01_vs_LP6008340-DNA_H01__pv	2430	8045	10345	3214	1813	5794	2433	4210	3177	2901
LP6008341-DNA_H02_vs_LP6008340-DNA_E02__pv	929	2647	4098	1327	540	1127	288	953	286	338
LP6008460-DNA_A01_vs_LP6008340-DNA_A02__pv	1783	2821	2046	3922	978	2794	0	725	917	1095
LP6008460-DNA_A02_vs_LP6008340-DNA_C04__pv	1092	5280	4815	2898	2220	1072	876	2010	2446	926
LP6008460-DNA_A03_vs_LP6008340-DNA_G04__pv	1887	2530	3178	1252	2021	1536	1246	2927	1867	1954
LP6008460-DNA_A04_vs_LP6008340-DNA_D05__pv	1675	1750	1168	3624	1821	4016	1139	2036	492	818
LP6008460-DNA_B01_vs_LP6008340-DNA_A03__pv	1033	727	749	5003	1619	1273	328	1547	475	1215
LP6008460-DNA_B02_vs_LP6008340-DNA_D02__pv	2818	4548	2132	3156	3127	7145	1222	2832	1794	1139
LP6008460-DNA_B03_vs_LP6008340-DNA_H03__pv	1372	813	494	2417	2573	1005	178	1737	282	866
LP6008460-DNA_B04_vs_LP6008340-DNA_F02__pv	576844	5395	6203	128232	172891	15156	42919	15996	15612	6149
LP6008460-DNA_C01_vs_LP6008340-DNA_B03__pv	2055	1522	1485	1639	4897	4565	1838	3332	873	4166
LP6008460-DNA_C02_vs_LP6008340-DNA_D03__pv	1069	120	150	1025	963	1097	684	1262	183	928
LP6008460-DNA_C03_vs_LP6008340-DNA_H05__pv	1210	2861	1791	1681	1370	1857	584	769	627	411
LP6008460-DNA_C04_vs_LP6008340-DNA_F03__pv	18402	4350	0	17523	2559	0	62776	2124	3330	0
LP6008460-DNA_D01_vs_LP6008340-DNA_E02__pv	1863	1500	17064	1531	0	5150	678	872	0	2758
LP6008460-DNA_D02_vs_LP6008340-DNA_E03__pv	473	714	0	241	2098	4613	935	1588	0	261
LP6008460-DNA_D03_vs_LP6008340-DNA_A05__pv	1634	1480	1438	2194	1905	1351	498	1037	719	1008
LP6008460-DNA_E01_vs_LP6008340-DNA_F04__pv	1543	725	1210	1559	1087	2101	118	1660	527	689
LP6008460-DNA_E02_vs_LP6008340-DNA_E04__pv	2342	671	0	1872	2180	4903	811	4269	266	1748
LP6008460-DNA_E03_vs_LP6008340-DNA_B06__pv	2804	1737	1274	3724	3849	3912	1505	6794	752	1131
LP6008460-DNA_E04_vs_LP6008340-DNA_H02__pv	1666	3061	1786	2534	2031	2996	976	2744	879	1198
LP6008460-DNA_F01_vs_LP6008340-DNA_B02__pv	1593	8036	5774	2156	1793	2028	744	2516	3892	601
LP6008460-DNA_F02_vs_LP6008340-DNA_E05__pv	1235	2532	4081	3856	1469	4995	3754	9624	2246	1634
LP6008460-DNA_F03_vs_LP6008340-DNA_C03__pv	1082	28051	19810	1457	777	1569	526	1498	9872	682
LP6008460-DNA_F04_vs_LP6008340-DNA_H04__pv	3306	3243	1879	2753	2539	7295	506	3360	899	969
LP6008460-DNA_G01_vs_LP6008340-DNA_B04__pv	9538	4599	5262	14278	3935	0	59400	0	3864	0
LP6008460-DNA_G02_vs_LP6008340-DNA_G02__pv	830	2368	2228	2119	2829	3205	1328	2538	1296	604
LP6008460-DNA_G03_vs_LP6008340-DNA_C05__pv	2521	8214	7912	2021	799	4712	1499	1923	1406	1582
LP6008460-DNA_H01_vs_LP6008340-DNA_C02__pv	1414	2014	2581	2053	3365	1762	322	1458	882	582
LP6008460-DNA_H02_vs_LP6008340-DNA_G03__pv	1017	3900	2501	1199	1040	763	353	956	1375	291
LP6008460-DNA_H03_vs_LP6008340-DNA_D04__pv	1101	5489	7044	1866	2831	1402	353	2084	3969	456
PD44724a_vs_PD44724b__pv	734	6408	6457	3991	2338	2801	935	2419	3875	2109
PD44725a_vs_PD44725b__pv	1388	2309	2713	2296	1075	1881	819	1419	1066	496
PD44726a_vs_PD44726b__pv	497	1858	823	1101	1299	279	307	1348	540	255
PD44727a_vs_PD44727b__pv	2291	9237	3821	2583	1124	5577	0	713	1453	1138
PD44728a_vs_PD44728b__pv	1755	1472	534	2258	2005	3858	1259	2271	717	1725
PD44729a_vs_PD44729b__pv	1284	321	274	3349	2315	1926	567	2510	304	362
PD44730a_vs_PD44730b__pv	1828	3855	2936	2080	2164	2633	509	1790	1253	784
PD44731a_vs_PD44731b__pv	1001	608	643	3549	1295	1692	474	1235	191	744
PD44732a_vs_PD44732b__pv	637	36	238	1878	3067	123	498	1077	163	226
PD44733a_vs_PD44733b__pv	11446	508	1088	13836	580	0	60313	1168	900	865
PD44734a_vs_PD44734b__pv	1212	4767	3313	2053	4637	3525	1030	2424	2464	596
PD44735a_vs_PD44735b__pv	1309	3137	2124	4366	2850	2315	1151	3286	1164	795
PD44736a_vs_PD44736b__pv	1545	1540	2941	2594	2005	4462	1592	2526	805	727
PD44737a_vs_PD44737b__pv	2601	2526	2023	3434	1123	3104	547	3717	799	1458
PD44738a_vs_PD44738b__pv	3357	9062	8026	3445	1405	8855	281	2613	2668	1418
PD44739a_vs_PD44739b__pv	1498	3495	3106	2008	1816	2295	556	2595	2623	418
PD44740a_vs_PD44740b__pv	1865	31086	19881	1635	7000	2626	1404	1976	12892	317
PD44741a_vs_PD44741b__pv	2009	664	548	2000	2685	2105	587	1177	499	1020
PD44742a_vs_PD44742b__pv	2350	1287	5848	1400	513	5408	2749	2588	2372	4010
PD44743a_vs_PD44743b__pv	1553	1928	769	2313	2207	1925	597	2450	846	527
PD44744a_vs_PD44744b__pv	0	11642	10865	2558	5373	0	747	1323	6122	3303
PD44745a_vs_PD44745b__pv	2112	14608	8648	3806	4523	5772	1020	3017	5455	2790
PD44746a_vs_PD44746b__pv	735	275	153	1148	821	1316	710	1233	49	455
PD44747a_vs_PD44747b__pv	1012	2980	3116	1700	1086	1999	465	1632	1119	589
PD44749a_vs_PD44749b__pv	1115	2131	2724	596	1051	1265	310	544	830	901
PD44751a_vs_PD44751b__pv	238	858	716	809	215	348	255	550	458	110
PD44752a_vs_PD44752b__pv	1195	2046	613	2647	1523	1392	521	4771	731	791
PD44753a_vs_PD44753b__pv	1961	390	563	1458	2684	1865	748	1158	401	461
PD44758a_vs_PD44758b__pv	1378	5572	3212	1260	698	1514	740	819	1216	582
PD44759a_vs_PD44759b__pv	1525	2527	1855	1717	1830	2923	945	2449	543	488
PD44760a_vs_PD44760b__pv	1792	1390	2933	1878	1126	2962	356	1213	824	667
PD44761a_vs_PD44761b__pv	2488	733	495	3914	1256	3494	109	2055	315	558
PD44762a_vs_PD44762b__pv	972	95	183	1507	1639	1103	473	585	81	416
PD44763a_vs_PD44763b__pv	900	2411	2203	2458	2253	2687	987	2345	1634	716
PD44764a_vs_PD44764b__pv	1297	801	804	1739	175	4052	542	699	210	2625
PD44765a_vs_PD44765b__pv	1314	13256	25622	2753	5292	3312	1441	1763	4311	1288
PD44766a_vs_PD44766b__pv	2269	2254	409	26516	0	26	56115	576	3568	14
PD44767a_vs_PD44767b__pv	3034	5640	14343	1786	694	4126	1886	1176	2235	1693
PD44769a_vs_PD44769b__pv	1036	301	0	1634	2008	2196	369	1304	41	294
PD44770a_vs_PD44770b__pv	0	2376	4007	9002	0	1324	24496	558	356	700
PD44772a_vs_PD44772b__pv	2620	3286	1220	2368	1749	5722	1004	3888	1280	3032
PD44773a_vs_PD44773b__pv	2604	3828	2491	6825	2520	1714	0	1468	1747	319
PD44774a_vs_PD44774b__pv	1347	99	259	2734	1146	1222	0	290	119	882
PD44775a_vs_PD44775b__pv	0	414	617	48891	2576	0	52726	1726	0	0
PD44776a_vs_PD44776b__pv	1821	4961	16921	1113	1151	5348	193	870	7397	1989
PD44777a_vs_PD44777b__pv	945	816	362	2808	1644	2649	1127	3075	584	290
PD44778a_vs_PD44778b__pv	3058	1184	5592	2915	1072	5017	309	785	1353	1448
PD44780a_vs_PD44780b__pv	929	76	70	1285	895	557	84	1654	69	262
PD44781a_vs_PD44781b__pv	737	13188	8029	2382	4326	2334	2022	1439	6230	1516
PD44782a_vs_PD44782b__pv	664	14155	17047	1929	2081	2561	869	1892	6932	3118
PD44783a_vs_PD44783b__pv	3433	3033	1610	505	526	7463	810	1859	1246	635
PD44784a_vs_PD44784b__pv	2201	767	472	3316	2009	4643	874	4461	358	674
PD44785a_vs_PD44785b__pv	1482	8815	6881	1294	2260	2444	897	1323	5672	647
PD44786a_vs_PD44786b__pv	536	863	354	1143	974	854	378	460	413	345
PD44787a_vs_PD44787b__pv	1665	808	1192	2755	1581	1924	563	3924	221	715
PD44788a_vs_PD44788b__pv	1419	2429	1660	1971	1760	3989	1271	4514	1300	1997
PD44789a_vs_PD44789b__pv	1513	4300	3694	2500	4961	4873	1350	2318	1106	1457
PD44790a_vs_PD44790b__pv	1462	4524	5810	1192	1393	2518	898	2047	1109	886
PD44791a_vs_PD44791b__pv	589	3564	2136	902	376	621	290	701	585	42
PD44792a_vs_PD44792b__pv	1170	8084	12556	521	3250	1223	1198	2114	4554	1022
PD44793a_vs_PD44793b__pv	885	400	334	2221	1881	1141	649	1485	111	357
PD44794a_vs_PD44794b__pv	1216	582	15	1311	2629	4302	434	1852	27	1222
PD44795a_vs_PD44795b__pv	457	10100	13421	1017	723	1117	776	1561	5392	624
PD44796a_vs_PD44796b__pv	3167	2041	1966	3051	1877	7118	1024	2336	1494	1342
PD44797a_vs_PD44797b__pv	1949	3517	2764	3756	2280	5045	2163	5376	2432	1702
PD44798a_vs_PD44798b__pv	869	1282	647	1891	1438	1540	468	1794	462	330
PD44799a_vs_PD44799b__pv	1499	1617	692	2631	1813	1724	773	2267	403	485
PD44800a_vs_PD44800b__pv	1634	3226	1905	2534	1817	2276	983	3147	1002	1247
PD44801a_vs_PD44801b__pv	950	4494	2719	3049	1840	898	953	2965	800	218
PD44802a_vs_PD44802b__pv	655	106	236	1016	866	957	273	549	95	122
PD44803a_vs_PD44803b__pv	3065	4804	4406	3827	2822	4228	1255	5559	1496	764
PD44804a_vs_PD44804b__pv	547	889	843	816	962	891	316	703	539	35
PD44805a_vs_PD44805b__pv	692	8676	21755	2229	5050	0	888	1222	6038	2148
PD44807a_vs_PD44807b__pv	1118	174	229	1140	1526	1512	193	481	304	776
PD44808a_vs_PD44808b__pv	1417	881	375	1688	1235	4787	727	1212	29	2584
PD44809a_vs_PD44809b__pv	1361	1478	1282	2502	1853	4824	250	1760	418	720
PD44810a_vs_PD44810b__pv	812	3710	5991	2939	7829	0	2239	1334	4703	1674
PD44811a_vs_PD44811b__pv	797	2933	1620	1284	1021	2280	1303	1598	775	827
PD44813a_vs_PD44813b__pv	1347	2279	3600	1988	1215	2643	822	944	1151	766
PD44814a_vs_PD44814b__pv	2476	852	577	2357	1544	5028	567	2432	277	713
PD44815a_vs_PD44815b__pv	1491	1965	1576	898	878	2947	823	1125	742	1551
PD44816a_vs_PD44816b__pv	1307	1710	857	3883	2275	1949	875	2478	204	417
PD44817a_vs_PD44817b__pv	1285	45	0	770	3065	2373	920	3336	186	603
PD44818a_vs_PD44818b__pv	1330	5637	6362	1489	2216	1909	715	1438	1186	392
PD44819a_vs_PD44819b__pv	2729	16538	14161	2539	3690	3754	1182	3185	4651	1018
PD44820a_vs_PD44820b__pv	1149	1464	1266	2177	1188	1612	855	1894	307	713
PD44821a_vs_PD44821b__pv	1345	4548	3800	2399	2893	2034	856	2281	1209	678
PD44823a_vs_PD44823b__pv	1234	912	458	1340	1139	1523	566	1004	465	765
PD44824a_vs_PD44824b__pv	1604	2711	3907	4102	1541	2851	946	2580	1229	2150
PD44825a_vs_PD44825b__pv	234	2282	7763	25185	5790	12842	61554	1315	2415	1652
PD44826a_vs_PD44826b__pv	1334	2034	1760	2805	2671	2506	1199	2616	815	726
PD44827a_vs_PD44827b__pv	1249	1250	1024	1148	788	2032	1487	1741	422	728
PD44828a_vs_PD44828b__pv	1035	8806	7209	3078	1824	1434	1025	2774	3483	645
PD44829a_vs_PD44829b__pv	3848	4043	1324	5732	3389	6754	1629	7040	1192	1490
PD44830a_vs_PD44830b__pv	1110	3551	1915	3492	1930	1726	1073	5750	687	726
PD44831a_vs_PD44831b__pv	1719	17611	13107	1795	4976	0	2009	340	11707	1254
PD44832a_vs_PD44832b__pv	0	0	4513	16498	7665	480	45578	2969	0	0
PD44833a_vs_PD44833b__pv	1410	12586	11529	1397	1833	2814	774	2238	6315	638
PD44834a_vs_PD44834b__pv	2146	1650	1813	1725	1507	3356	548	833	973	1287
PD44835a_vs_PD44835b__pv	1455	2342	1019	1079	895	2261	881	3728	502	1635
PD44836a_vs_PD44836b__pv	2458	1817	3024	4885	4045	5823	1951	2332	966	815
PD44837a_vs_PD44837b__pv	440	798	449	786	1145	507	115	790	206	37
PD44838a_vs_PD44838b__pv	1670	729	380	3655	5498	6527	374	3066	408	1014
PD44839a_vs_PD44839b__pv	1545	429	1396	2572	277	3070	684	1161	227	2545
PD44840a_vs_PD44840b__pv	1270	3312	3484	1899	1877	2244	737	1493	1503	317
PD44841a_vs_PD44841b__pv	6575	7195	5838	16316	2370	2858	48971	1254	3613	1128
PD44842a_vs_PD44842b__pv	889	70	624	1764	1223	872	575	1505	618	697
PD44843a_vs_PD44843b__pv	2473	3601	9850	3830	2524	4990	634	2928	2396	1608
PD44844a_vs_PD44844b__pv	1040	276	257	1926	1139	1509	476	2232	0	536
PD44845a_vs_PD44845b__pv	1579	2816	975	2568	4115	342	462	2916	909	503
PD44846a_vs_PD44846b__pv	805	7044	934	1297	1602	1108	1010	2015	3140	245
PD44847a_vs_PD44847b__pv	1290	2303	2253	3065	1330	2202	371	1404	424	531
PD44848a_vs_PD44848b__pv	5368	7381	13305	2176	3285	8860	2563	2255	2374	3520
PD44849a_vs_PD44849b__pv	1501	438	447	2659	4379	2770	1754	4197	453	850
PD44850a_vs_PD44850b__pv	2176	3038	7405	4095	1499	2663	498	1457	2471	1109
PD44851a_vs_PD44851b__pv	876	2397	1689	2700	1766	1865	980	1443	765	1962
PD44852a_vs_PD44852b__pv	2598	2385	3079	3037	1798	5975	611	2024	901	516
PD44853a_vs_PD44853b__pv	707	1837	1988	2606	1546	552	884	3254	755	351
PD44854a_vs_PD44854b__pv	1457	1945	2099	2444	1969	2613	635	1988	1328	1207
PD44855a_vs_PD44855b__pv	1627	4712	1475	1960	1724	2368	837	2611	596	724
PD44856a_vs_PD44856b__pv	1170	12266	6782	2912	4173	1165	663	1657	3642	87
PD44857a_vs_PD44857b__pv	1356	12194	12329	1797	1065	2392	949	1215	3558	680
PD44859a_vs_PD44859b__pv	2428	4438	7169	6278	0	3127	26812	720	3645	2018
PD44861a_vs_PD44861b__pv	1600	2745	2587	1809	3814	2920	1581	2704	2164	702
PD44862a_vs_PD44862b__pv	1870	147	2215	808	2992	1836	772	146	1527	4817
PD44863a_vs_PD44863b__pv	1118	4477	4721	2508	2268	413	661	3403	440	1902
PD44864a_vs_PD44864b__pv	1495	6492	5847	1518	3117	1704	717	1544	1503	930
PD44904a_vs_PD44904b__pv	4318	10346	7021	2225	3830	8910	1013	2383	5612	314
PD44905a_vs_PD44905b__pv	2595	760	880	1506	3071	4658	795	943	982	1880
PD44906a_vs_PD44906b__pv	1308	1219	2031	1047	1919	3078	433	1006	1878	266
PD44908a_vs_PD44908b__pv	1233	4893	7050	2213	2452	2947	865	861	1331	417
PD44909a_vs_PD44909b__pv	1214	418	134	2811	925	649	61	1962	64	131
PD44910a_vs_PD44910b__pv	1050	4486	2625	3042	1885	1991	1176	3262	2004	975
PD44912a_vs_PD44912b__pv	3445	25539	10440	1946	2649	3488	1631	3324	1194	2312
PD44913a_vs_PD44913b__pv	2287	694	1288	1641	1148	3706	430	1653	829	678
PD44914a_vs_PD44914b__pv	3826	1103	2127	1707	1592	6072	764	1446	163	1935
PD44915a_vs_PD44915b__pv	922	2134	3172	1151	1214	1963	602	2533	810	604
PD44916a_vs_PD44916b__pv	1190	685	665	1928	1461	2599	179	1023	182	947
PD44917a_vs_PD44917b__pv	525	51	40	501	633	949	78	349	0	384
PD44918a_vs_PD44918b__pv	756	3016	3270	1991	2167	473	573	1770	1384	914
PD44919a_vs_PD44919b__pv	1176	6091	888	2201	1757	528	367	1498	2273	493
PD44920a_vs_PD44920b__pv	1048	7019	4915	1313	1313	1895	702	1035	3330	512
PD44921a_vs_PD44921b__pv	576	912	1197	767	465	1295	168	296	496	205
PD44922a_vs_PD44922b__pv	2310	22194	18194	833	5572	2688	346	2354	15952	2457
PD44923a_vs_PD44923b__pv	4493	2579	1466	3427	7608	7355	1436	3576	632	1541
PD44924a_vs_PD44924b__pv	1663	617	713	4177	1327	2045	89	1767	243	764
PD44925a_vs_PD44925b__pv	1666	2770	2312	1570	3670	4257	1601	4948	1387	1130
PD44926a_vs_PD44926b__pv	1480	948	678	3237	1546	1150	445	2238	151	432
PD44927a_vs_PD44927b__pv	990	7106	4132	2427	1260	1181	884	1806	2606	901
PD44928a_vs_PD44928b__pv	1359	3879	1182	3393	2030	1803	1130	3729	1153	246
PD44929a_vs_PD44929b__pv	1335	5749	3281	2552	1668	2103	686	1395	2840	826
PD44930a_vs_PD44930b__pv	2033	3056	9814	1871	417	9628	843	1845	1618	4151
PD44931a_vs_PD44931b__pv	0	5593	13713	13469	674	2637	54056	994	6518	461
PD44932a_vs_PD44932b__pv	948	8783	1710	1634	1612	1825	727	2028	2089	237
PD44933a_vs_PD44933b__pv	1145	94	13	1200	1163	1057	387	81	56	4022
PD44934a_vs_PD44934b__pv	2736	39921	8345	1384	1010	0	1986	2756	9752	2023
PD44935a_vs_PD44935b__pv	1752	1256	953	1328	2157	3621	1117	2753	710	505
PD44936a_vs_PD44936b__pv	858	781	988	1475	653	1205	419	564	426	346
PD44937a_vs_PD44937b__pv	2955	3096	4202	2823	3281	4093	506	2245	1525	2336
PD44938a_vs_PD44938b__pv	281	4177	3166	1216	4014	3661	2071	1662	2281	0
PD44939a_vs_PD44939b__pv	1664	1407	858	2894	2098	2309	755	2516	715	1059
PD44941a_vs_PD44941b__pv	1792	1085	566	2110	1941	3498	378	2324	318	475
PD44942a_vs_PD44942b__pv	1130	4284	2444	2873	1839	1165	448	1979	1339	318
PD44943a_vs_PD44943b__pv	1053	278	262	1431	827	1954	602	1550	263	152
PD44944a_vs_PD44944b__pv	1192	3613	1766	2038	2113	2676	1245	2287	1366	236
PD44945a_vs_PD44945b__pv	1973	14090	13572	1213	0	2896	565	2857	5281	1950
PD44946a_vs_PD44946b__pv	1869	2416	2454	2510	877	2767	116	1889	626	834
PD44947a_vs_PD44947b__pv	470	417	268	562	390	725	107	645	308	252
PD44948a_vs_PD44948b__pv	821	5700	7286	1750	3234	2142	764	953	1927	3489
PD44949a_vs_PD44949b__pv	487	2513	1683	2360	3238	0	563	1222	1125	1944
PD44950a_vs_PD44950b__pv	376	693	327	779	377	814	281	1200	267	341
PD46225a_vs_PD46225b__pv	1361	2257	2717	3200	2357	2324	985	4045	500	1815
PD46226a_vs_PD46226b__pv	1403	2009	163	4795	2266	3875	906	2312	338	1486
PD46227a_vs_PD46227b__pv	6602	3395	18421	784	0	15517	474	738	1658	2321
PD46228a_vs_PD46228b__pv	907	8458	4181	2407	1121	514	518	3945	1067	720
PD46229a_vs_PD46229b__pv	1275	9388	10802	2325	2454	3979	1281	2534	2288	1135
PD46230a_vs_PD46230b__pv	1384	2208	1447	1845	789	2587	1363	2633	1191	6115
PD46231a_vs_PD46231b__pv	539	180	41	973	1211	1140	304	849	130	928
PD46232a_vs_PD46232b__pv	1212	2109	1542	1668	2495	1795	253	1849	842	341
PD46233a_vs_PD46233b__pv	4526	1463	6301	2318	658	8680	665	1519	3135	2425
PD46234a_vs_PD46234b__pv	1331	60	91	954	1449	1684	796	1252	239	409
PD46235a_vs_PD46235b__pv	1508	4395	1955	4808	2231	1735	620	2578	697	1120
PD46236a_vs_PD46236b__pv	1480	1752	1157	3501	1685	2452	693	3598	709	451
PD46237a_vs_PD46237b__pv	3605	14467	2048	2962	2478	5981	1161	2558	3142	1092
PD46238a_vs_PD46238b__pv	2821	1380	651	0	1729	6426	525	1380	617	639
PD46239a_vs_PD46239b__pv	1260	2398	2043	2138	1186	1471	628	1404	956	588
PD46240a_vs_PD46240b__pv	1364	669	556	1475	1611	1955	661	876	91	74
PD46241a_vs_PD46241b__pv	2848	14743	6493	4752	1627	4739	667	3871	4265	1254
PD46242a_vs_PD46242b__pv	3473	7486	66675	1228	3584	2833	2146	1611	3512	4137
PD46243a_vs_PD46243b__pv	1091	681	853	3052	4214	2890	1352	1418	692	1563
PD46244a_vs_PD46244b__pv	1078	158	100	3260	2241	15	406	2330	51	127
PD46245a_vs_PD46245b__pv	2513	0	139	1230	12	7031	141	2864	455	2248
PD46246a_vs_PD46246b__pv	3263	1816	5093	3248	2565	8485	1062	1744	2233	1848
PD46247a_vs_PD46247b__pv	2428	1511	3890	5892	3083	2059	602	1999	1356	1012
PD46248a_vs_PD46248b__pv	1208	16195	9558	2081	2484	0	1354	1488	7574	620
PD46249a_vs_PD46249b__pv	1321	10774	7051	3615	2607	1200	1337	3928	5664	246
PD46250a_vs_PD46250b__pv	2003	232	16	537	204	3309	469	479	81	3503
PD46251a_vs_PD46251b__pv	1724	550	515	9988	841	0	27826	1342	468	233
PD46252a_vs_PD46252b__pv	0	1243	2394	855	0	0	2973	24823	0	1814
PD46253a_vs_PD46253b__pv	1808	5120	7189	3929	5576	1642	1036	2179	1046	976
PD46254a_vs_PD46254b__pv	1424	4953	4175	2300	3210	565	603	2141	2025	420
PD46255a_vs_PD46255b__pv	1241	529	562	3256	2246	995	252	2224	1272	801
PD46256a_vs_PD46256b__pv	1309	1066	3672	2910	1447	1751	785	1136	263	260
PD46257a_vs_PD46257b__pv	1103	142	80	3694	1062	595	580	2228	61	522
PD46258a_vs_PD46258b__pv	1609	3798	2658	1482	2316	2941	679	2153	1343	930
PD46259a_vs_PD46259b__pv	1722	1834	2220	1165	3036	3439	643	1261	1252	1150
PD46260a_vs_PD46260b__pv	731	193	315	1341	1571	1493	922	1280	248	3098
PD46261a_vs_PD46261b__pv	1064	375	354	1339	843	1311	476	981	320	450
PD46262a_vs_PD46262b__pv	468	680	623	1081	809	1422	144	523	70	686
PD46263a_vs_PD46263b__pv	809	5046	1689	1036	1705	136	522	3154	1687	92
PD46264a_vs_PD46264b__pv	1240	2904	2332	737	2189	2542	621	1844	1068	939
PD46265a_vs_PD46265b__pv	1239	5771	4922	2612	2498	1719	825	2032	2072	826
PD46267a_vs_PD46267b__pv	127	1	15	68	16	237	21	28	34	55
PD46268a_vs_PD46268b__pv	990	1847	0	1970	1225	2325	756	1764	641	745
SLX-16751	608	1785	1270	1232	526	671	171	842	481	225
SLX-16752	1149	4694	9607	1145	870	591	73	892	4108	203
SLX-18929	79505	134109	129021	73247	81293	85564	37406	89278	58162	36195
SLX-18949	1445	14712	13492	2571	2178	1181	837	2331	7158	519
SLX-18950	808	590	152	530	332	385	200	426	115	86
SM-4AX82_vs_SM-4AWN8__pv	2298	2260	1400	2665	1575	2858	369	3624	669	382
SM-4AX83_vs_SM-4AWN9__pv	924	1366	465	492	626	1161	256	780	618	609
SM-4AX84_vs_SM-4AWNA__pv	1201	7964	6178	2164	1398	964	778	3293	3528	582
SM-4AX85_vs_SM-4AWNB__pv	3159	182	406	2490	2219	1693	1224	2624	447	936
SM-4AX86_vs_SM-4AWNC__pv	2051	4134	3829	1363	2243	1516	404	1965	1193	1450
SM-4AX87_vs_SM-4AWND__pv	610	27	176	842	732	580	168	1604	128	103
SM-4B295_vs_SM-4AWNE__pv	3066	7129	5213	1778	3050	4266	413	2034	1828	1183
SM-4B296_vs_SM-4AWNF__pv	5621	7052	7077	856	3471	10201	1437	1875	3199	6739
SM-4JPP6_vs_SM-4JPUS__pv	2276	1553	936	1694	2278	5067	880	4555	489	666
SM-4JPP7_vs_SM-4JPUT__pv	1165	900	1047	1634	930	2228	462	835	728	963
SM-4JPP9_vs_SM-4JPUT__pv	1104	1049	1041	1558	890	2139	398	784	774	902
SM-4JPPA_vs_LP6005333-DNA_B01__pv	1784	2361	1692	5416	7607	2123	1467	5620	1116	536
SM-4JPPB_vs_LP6005333-DNA_B01__pv	1873	1873	1749	5373	7569	1768	1467	5635	995	570
SM-4JPPC_vs_LP6005333-DNA_B01__pv	1842	2536	1632	5454	7550	1891	1489	5652	1156	590
SM-4JPUV_vs_SM-4JPUS__pv	628	85	187	832	701	1357	255	715	185	168
SM-4JPUW_vs_SM-4JPUS__pv	23	1	0	13	2	76	11	2	18	4
SM-4JPUX_vs_SM-4JPUT__pv	1605	515	476	1311	1053	1906	40	716	452	617
SM-4JPUY_vs_LP6005333-DNA_B01__pv	1643	3522	2392	5417	7884	2126	1572	5736	1856	483
SM-4JPUZ_vs_LP6005333-DNA_B01__pv	1846	3498	2275	4940	7553	2071	1410	5579	1817	519
SM-4JPV1_vs_SM-4JPUS__pv	2133	1295	932	1519	2021	4263	672	3852	342	563
SM-4JPV2_vs_SM-4JPUS__pv	2226	1852	1386	1720	2361	4818	841	4607	535	630
SS6003109_vs_SS6003108__pv	2145	5601	2995	1254	554	3407	384	1827	1583	3664
SS6003111_vs_SS6003110__pv	2434	2649	2551	3309	2312	4330	618	3503	1643	1019
SS6003113_vs_SS6003112__pv	911	3480	6713	1663	468	1105	5	1914	729	477
SS6003115_vs_SS6003114__pv	1200	9233	7510	1700	1885	1515	351	2281	4754	836
SS6003117_vs_SS6003116__pv	0	43	0	1763	2856	0	97	755	124	5198
SS6003119_vs_SS6003118__pv	862	170	178	1062	1067	1892	277	753	170	150
SS6003121_vs_SS6003120__pv	1951	903	29149	2593	1146	2881	271	1408	6719	1827
SS6003125_vs_SS6003124__pv	923	5577	4375	1508	970	2602	238	1956	759	572
SS6003129_vs_SS6003128__pv	1831	6710	5648	3669	4419	2929	791	3411	2983	834
SS6003131_vs_SS6003130__pv	940	338	157	1671	1219	893	226	1498	244	302
SS6003133_vs_SS6003132__pv	622	533	53	1345	2341	0	315	6740	165	3081
SS6003135_vs_SS6003134__pv	943	16811	7368	1239	1004	1345	741	1297	3750	1266
SS6003137_vs_SS6003136__pv	1412	1661	1075	2324	1395	2044	791	3110	416	177
SS6003149_vs_SS6003148__pv	771	22745	17156	2006	4703	3112	1172	846	14814	3454
SS6003302_vs_SS6003301__pv	1520	3073	2890	1751	1612	3038	760	2188	806	862
SS6003303_vs_SS6003301__pv	1138	2118	2069	1290	887	2093	324	1661	461	741
SS6003305_vs_SS6003304__pv	1957	321	100	1295	1365	5141	115	1128	138	1528
SS6003306_vs_SS6003304__pv	1620	324	221	1203	627	2790	109	780	70	983
SS6003308_vs_SS6003307__pv	971	769	474	1547	2161	617	220	1055	315	639
SS6003309_vs_SS6003307__pv	1204	917	439	1833	2830	1125	264	1434	335	930
SS6003311_vs_SS6003310__pv	1535	139	166	2118	1543	587	2356	11908	321	561
SS6003312_vs_SS6003310__pv	1082	0	144	1879	868	467	2533	11498	253	609
SS6003314_vs_SS6003313__pv	945	5576	4041	1112	1619	1129	657	1126	2669	1375
SS6003315_vs_SS6003313__pv	884	5571	4094	1123	1559	1181	686	1098	2725	1399
SS6003317_vs_SS6003316__pv	614	15812	7735	1787	3257	751	639	2058	5000	302
SS6003318_vs_SS6003316__pv	671	15718	7833	1813	3426	874	647	2073	5035	294
SS6003320_vs_SS6003319__pv	1734	6125	5591	3206	1005	2930	923	1811	1590	1356
SS6003321_vs_SS6003319__pv	1556	5937	5359	2917	914	2933	886	1758	1538	1137
SS6003323_vs_SS6003322__pv	1282	5120	715	2679	2881	822	760	1822	2891	631
SS6003324_vs_SS6003322__pv	1589	3727	615	2383	2339	1109	345	1556	1936	644
