MutationType	SBS96A	SBS96B	SBS96C	SBS96D	SBS96E	SBS96F	SBS96G	SBS96H	SBS96I	SBS96J	SBS96K	SBS96L	SBS96M	SBS96N
A[C>A]A	0.0035397908949526026	0.00022778793678886484	0.0016232845332608786	0.03765767153725028	0.011312546361237765	0.00017780734266790895	0.008932120450306684	0.0013599871244011866	0.06684121371805668	0.010700791659532114	0.02335620189178735	0.014273201511241496	0.0014814923859668612	0.010261683590559964
A[C>A]C	0.0013755517950523528	0.00037306644503239534	0.006238825352396816	0.016754834464751185	0.005891493989154697	5.3552884765810046e-05	0.008626912624109537	0.0	0.014588551200926303	0.00855924283945933	0.014145067081786693	0.003908241584889957	0.00233633858732938	0.06588649241626263
A[C>A]G	0.0003502482814656105	2.8099176175221682e-05	0.004298646479845047	0.004754257359076292	0.0005785484978415187	5.413957636068718e-05	0.0019478727058158255	0.0	0.003247387550305575	9.186272936677006e-05	0.0018988107292097992	0.0008603044650262745	0.00035570281888143884	0.0015094231736147777
A[C>A]T	0.002146463016513735	0.0006587923384659246	0.00023560372675032303	0.026894162415526807	0.002356840965105221	0.00022525408974406164	0.0024587811825345653	0.004576177218928933	0.026067845568060875	0.004639492900662876	0.019043359514325855	0.007584806774178615	0.0009285358395664529	0.030163539128378034
A[C>G]A	0.0007996090033848305	0.0002938449246663597	0.007749442098662257	0.02383207803592086	0.0020000349449692295	0.0003065534447183405	0.005350271324859932	0.002034286964451894	0.0024345418005250396	0.0008104391911149046	0.0037499125688929156	0.014529735735617577	0.004759018388489494	0.001458138397082712
A[C>G]C	5.943978333327686e-06	0.000709183987204747	0.0034650109068024904	0.013807553278282285	0.001171201718156226	0.0003641967448759618	0.00384053087932989	0.0005531545731646474	0.001886772166704759	0.001643175267498009	0.0013874279604075925	0.009321770412381738	0.002215617776077916	0.002449580881395377
A[C>G]G	4.708612226472631e-05	0.00020313733900210128	0.0038113002167083324	0.006205175006296485	0.00013460214259033743	0.00034487962466768274	0.0009139287649923036	6.3778110200019e-07	0.00019474815769151104	1.568723712648412e-05	0.0002957275732684521	0.0004001949968967574	0.0013282934446906438	0.00030185113947794016
A[C>G]T	0.00015691528856381858	0.0023921553207328543	0.006836569190956652	0.02304504704475403	0.0026960092708468437	6.272226039006995e-05	0.0035333527930860235	0.0016016567293554544	0.0008110932607193805	0.0005145780960945359	0.0025466734292245398	0.029306191097944974	0.005400811159670411	0.0027923307259334253
A[C>T]A	0.0019352548205933998	0.00012361504525578763	0.03483762016147375	0.02698670374066569	0.02200706423074007	0.005202799026097636	0.05894534967839718	0.05086661703884601	0.003870032257633284	8.267456046587438e-11	0.020338223759552538	0.0036867695627053505	0.00017094196086801328	0.002194940341984179
A[C>T]C	0.000745749887850252	0.0005865182433203131	0.015752966998144984	0.014056178944185376	0.007075900040566921	0.0015866844025440514	0.03981925325095653	0.014118085563182831	0.0023085523857735097	0.004701534718624317	0.008663440834498033	0.0015124122355438367	0.000492970471316633	0.0025254633555143904
A[C>T]G	0.0013332588792594308	0.0017759742424815986	0.044293621245771644	0.007188783303010947	0.25592223304510114	0.00280094445624326	0.005298606016179414	0.013558463069144636	0.02018852852082	0.04666581196494472	0.02529805919714272	0.004615131568928778	0.007377872787098162	0.014046360710894077
A[C>T]T	0.00256888849590905	0.0004935752227983918	0.02509630012512207	0.029374014215543868	0.006348721103742718	0.0002000107958907908	0.05420890754461288	0.012661389715969562	0.004180574981030077	0.0026662742550578066	0.016223945579258724	0.00044128467403004636	0.00047106441914569676	0.006388553142605815
A[T>A]A	0.0009867254371629314	1.2954016653777148e-05	0.0072584307696670295	0.01217924357485026	0.002764977325685322	0.0010046224747578788	0.0022397711657335517	0.0022266347460681572	0.0018853363182861358	0.01749788454733789	0.015591709848027676	0.017219962717033924	0.000703038994987554	0.006078329373267479
A[T>A]C	0.000694233662323599	0.0013191879117512143	0.007557019048370421	0.0035669273132757215	0.0028902642028406263	0.0017309263322165408	0.003374883348849668	0.003435533610638231	0.001314670677355025	0.015487922925502062	0.007222404365427792	0.001026085567043281	0.0015094716006975534	0.033477381568402055
A[T>A]G	0.0012289421442401363	2.180873798956459e-05	0.006559110753238201	0.015074239835259505	0.0013385049444041214	0.0003780149565809955	0.004047582380473614	9.84072823484894e-07	0.0019029337523970753	0.006813801342155784	0.01200194457033649	0.005099231459666043	0.0008527813462895394	0.006122645901050419
A[T>A]T	0.006904943557456136	0.0015505276564139418	0.0022357161740781425	0.013080475948983804	0.008840303718112409	0.007600029940949753	0.009736886467357056	0.025969782188534737	0.006794722972437739	0.05690303920954466	0.024409808005206295	0.00868842084705756	0.0026958438940725775	0.009142113163982446
A[T>C]A	0.0018044855595217087	0.0007509550250581074	0.07453945703059435	0.01389676182367839	0.0027127510509453714	0.0073004382714862	0.0014938755995012522	0.02538558804616332	0.003785664924653247	0.030506109265610575	0.02143871513195336	0.028680218774825336	0.0028765674348849093	0.005854370814937284
A[T>C]C	0.0022230732586945995	0.0009500168001235097	0.023251309372484683	0.009739186088554562	0.0007346592267943214	0.011136067253537475	0.0011390066087779904	0.009540871134959161	0.0015487884230678901	0.011783451644703746	0.004430640799109824	0.0037657399796298704	0.002396196190151386	0.007302177648525685
A[T>C]G	0.0005135831016287827	0.0006653869816083764	0.07665774605423212	0.007487917004633346	5.765531212091646e-06	0.010073755116434768	0.0004567229941314488	0.03334173246473074	0.000568971036208263	0.012553780783677745	0.007755140369525179	0.004459973800900505	0.0027701521483133903	0.0012266284480479213
A[T>C]T	0.0058553525456227365	0.0015768907414167189	0.05626806537806988	0.02553583513572812	0.004202666275203228	0.011891798745840789	0.0044186905954151316	0.003982954412465915	0.003917421170277521	0.021603355975821616	0.0170006665866822	0.01451038028113544	0.002994547038296066	0.00613879936560994
A[T>G]A	0.0007372561575371154	0.001136170366406147	0.008350325387436897	0.003811197902825417	0.0007243155452149719	0.0037634612326510252	0.0017395434501293729	0.0	0.0005661892914478955	0.0018138457664087504	0.005199799051741138	0.0363020416777581	0.0006782743497361973	0.001920777153844609
A[T>G]C	0.0008053677458784902	0.003607401702203788	0.004604674404487014	0.001833444846640674	0.00015277297416474444	0.010903743017930538	0.0010892073832728783	0.0006926058607641608	8.778018794977673e-05	0.001997015243396163	0.0015554913994641714	0.0050473640896379944	0.000250590810329692	0.0017859669067547656
A[T>G]G	0.000611566409221604	0.000978341149957032	0.007439466033130884	0.010533855504356324	1.9350908944652993e-05	0.0054123985983897	0.0012671509968888335	0.0007258559077163226	0.0008967717226187233	0.0006003154482255944	0.004166158153209835	0.007135956906713545	0.0004963361389847364	0.003699318495579064
A[T>G]T	0.03757260879129171	0.04717695458233356	0.0036254561750605277	0.006442962953587994	0.0016445474804058903	0.0943551457747817	0.0066126528065651655	1.3887495533488142e-05	0.001625475733779936	0.003970030353509086	0.006212874244098644	0.00552464711758167	0.0001565557732075643	0.002979480155678271
C[C>A]A	0.0017619317133212463	0.0009541359316276612	0.0012025469950017115	0.019318606667919083	0.0018330416420701595	0.00017372579832445118	0.004188023484563903	0.01698191524669528	0.057176980309188365	0.0021411457000160535	0.013096413855440915	0.01034883610275574	0.005308836134383455	0.02770621497742832
C[C>A]C	0.0012482528195832856	0.00011473029342048147	6.875205572524139e-05	0.015418537477962672	0.004713341219816357	0.00010470578821974805	0.005761117371730506	0.0278470613732934	0.013411466225981713	0.0003480578815588131	0.007505288410698995	0.005552738952916116	0.0033193071582354604	0.020231352161616086
C[C>A]G	7.347878860750894e-05	0.00016658679546205582	0.0034508186336606743	0.002393278870265931	0.003282252341043204	0.00039084256013246967	0.0014860784326156135	0.004117150304839015	0.005994059150107205	2.70268525878948e-06	0.0002218896503201494	0.0002060582472220206	0.0011576813355786725	0.0019308196081547066
C[C>A]T	0.0002366468653130362	0.0004645467585555898	0.0016797234782121616	0.001528579628081205	0.0004209425227478788	0.0028779943252447994	0.0039763140097949625	0.08055453784763814	0.039096626296639445	0.01645038743689656	0.0073257829862921255	0.00674855809639763	0.006987501238451202	0.03685249275714159
C[C>G]A	0.00044120002491967536	0.0003392894146037285	0.0012432877860440047	0.018297149596735836	0.00010037991009100054	0.0004402624216869251	0.003151302279205993	0.00011972034260907094	0.0008467774314667672	0.0011250869072683956	0.0027799948892497923	0.007139259034534916	0.004871422929456457	0.001755395608532382
C[C>G]C	0.0005407044727180655	6.026737604575648e-05	0.0026980058094486594	0.01655319356173277	8.032125824528005e-05	0.0003917302735397521	0.0029867788052652076	0.00053285752600641	0.0008035832958482274	0.0002055232305642079	0.0020135153047137174	0.004300152167445049	0.00164665765807149	0.0015673018276798785
C[C>G]G	0.00010460460994717063	3.9637920917707096e-05	0.0017380309570580721	0.004916759945917875	0.0006759546754183248	0.00023464206405423305	0.0015169963712105528	0.0	0.00022572433307414054	1.411468948803263e-05	0.0001238258057782333	0.00033466278331215456	0.0012292560104397126	0.0004603399885088207
C[C>G]T	8.0950911985617e-05	0.0009067538948975447	0.0024140807436779143	0.02467903681844473	0.00023492779940860453	0.0008907647773102692	0.003853232932262472	8.884793895843567e-06	0.0008429486366779138	0.0018623856719932519	0.0028536387116221357	0.013561598321422935	0.007073812188347801	0.0035879156256560236
C[C>T]A	0.0015411200245143847	0.0011085209477605532	0.004809072034899145	0.022051924454048275	0.004923384992871434	0.0015318192866719614	0.07537633191049099	0.006354573299759068	0.004497558597009629	0.009114154251525178	0.01762310824526503	0.0059640120120020585	0.007143224845640362	0.01337805448845029
C[C>T]C	0.001666953298237786	0.0006736064119473162	0.001869534092820361	0.007526742550126592	0.0011537841155492016	0.0001300399869000505	0.0801516134366393	0.012228110623545944	0.0012694701085266527	0.006370438051386941	0.003478132605572364	0.004032427124634992	0.00205641184166651	0.0392534887008369
C[C>T]G	0.002288175919283973	0.0005523357212862377	0.025322314441204072	0.009131529554848942	0.16985082677006721	0.0038288859017451336	0.019687810014933346	0.017722536752000452	0.014505834529176354	0.024404388230310374	0.0024271469835483385	0.004634758669053836	0.006810356866335547	0.004545803378824627
C[C>T]T	0.001982727774535306	0.0007106670902143081	0.01504158753156662	0.01713112486898899	0.006148967985063791	0.000989176005389757	0.06763910555839539	0.006945650379871949	0.0027936035257080222	0.013500002630986272	0.014595461966935546	0.0026042574437815545	0.006829134138301015	0.0372295194119215
C[T>A]A	0.0010000094514295062	4.932811593683802e-05	0.002859024765668437	0.002850708493648428	2.0791808195679275e-06	0.0019372073715203443	0.0001579898566308799	0.0004847115667362232	0.00010122154408830037	0.001925143073359235	0.009105471337214113	0.010859578937876315	0.0010490119786060678	0.036753858968615535
C[T>A]C	0.012125383963808417	0.008036357495002448	0.0007240986073768347	0.008446561954682692	0.0004072177481045088	0.01167115592584014	0.0014925440428226375	0.0036057410212233664	0.00153382821258856	0.00116778835314838	0.008728759349323809	0.003125678490770251	0.001813991306888056	0.03546089897677302
C[T>A]G	0.003839738731039688	0.001986251269816421	0.003980261148884893	0.007317913694772869	4.067107921399696e-05	0.007366582934744656	0.0012950221033564424	0.0006438041460642126	0.0010501297359007823	0.0011084972103561545	0.008468293497804553	0.005951187719474547	0.002737885204842314	0.03639019636809826
C[T>A]T	0.05399604862928391	0.024952865202445537	0.0005894726081155559	0.014699050225899554	0.00012041299895767813	0.00850216576989197	0.0020397131808238145	0.001499985566744296	0.0009702150253549202	7.824818700376705e-06	0.021868691623210906	0.019362129537871642	0.0011782988461034969	0.04780866243690252
C[T>C]A	0.005238331182401453	0.0009196621421495679	0.02545025335624814	0.002231202901153063	3.2070611410087065e-05	0.02013012128137052	0.00026463410617712544	0.018829694870859386	0.0005333365869026629	0.011330833883956075	0.009109775323886425	0.024443323337472976	0.002403677385154879	0.009865040966309607
C[T>C]C	0.04568872960656881	0.019030381853692234	0.012350771306082607	0.010799976604990661	0.0032408457538113	0.0647242691591382	0.003071752653946574	0.010088350582867861	0.00193958887149347	0.0015231030345929223	0.0017561373006989834	0.004199262938949888	0.00431476291740546	0.01684727696143091
C[T>C]G	0.024765253607183693	0.009472669505514205	0.0431824163608253	8.599677577536983e-05	0.0010819711823786885	0.05630000216141343	0.0010900901648332475	0.03680519734323025	0.0006668464902742061	0.0062795714057174564	0.0022925590296694444	0.000916675386541314	0.0026351886213582796	0.010634334238246083
C[T>C]T	0.22220401409268378	0.07278797729319902	0.02433427213318646	0.005496959185571709	0.00044305432005252064	0.05664706710918584	0.005659485594810151	0.019612582897767426	0.0016540648717988994	0.008174697052136234	0.01266263526545531	0.010464713156077858	0.001972398159023071	0.02022024685556189
C[T>G]A	2.4559217552078003e-05	0.0021934916293103015	0.002067887193290517	0.004622049098368734	0.00011119721954040941	0.006205030439654365	0.0018218124270895056	0.00042657206136209423	0.0007919507746701129	0.0046152827125042675	0.002843540068861415	0.013598917135968804	0.0008483833970725463	0.002748767342651263
C[T>G]C	0.00523176750139951	0.028362599562853575	0.004143931281752884	0.0025303619453315466	8.407790785948903e-48	0.020770214532990435	0.0003169006177707714	0.0059920905064791445	0.001105792022346577	0.00128360789983814	0.0014489822788397522	0.004950635260902345	0.0015200331735322834	0.007887405017856508
C[T>G]G	0.002451432554749772	0.011478181103244424	0.003830122166313231	0.011382436506450176	0.0	0.014915878849104046	0.001183084763385754	0.006096788966096937	0.000503483353051876	0.00837739965505898	0.0034311280049735856	0.005141274039051496	0.0023202519710175695	0.004774161267094314
C[T>G]T	0.29132031743228437	0.4847904449701309	6.557805886215488e-06	0.0025795704114619164	0.002929349402192012	0.049182135277305236	0.006683590963415435	2.323850273475161e-05	0.0014366435611425988	0.009761457480336208	0.015995502309558318	0.033611756656313614	0.0011292323333954503	0.010600217449071121
G[C>A]A	0.0018639688110124552	0.0010327204948204277	0.00487298848037608	0.005632333342346047	0.006343566563446075	0.001548902433450515	0.0071963993755150436	0.0024231627931294497	0.1421783372014761	0.004513803657550153	0.003050428720845411	0.00723428153146548	0.005295386247535854	0.015661907517001965
G[C>A]C	0.0008749525545426877	0.0003774458395150938	0.004969535156618804	0.0038334812083023096	0.002375308877322823	0.00036536112386023503	0.004516249337233603	0.0038815155890770258	0.021427849158644676	0.005017097983742133	0.004304834216322888	0.0018788600134722801	0.0023809852677441085	0.046603610031306746
G[C>A]G	0.00023237453471735008	9.756342522919112e-05	0.003633756677620113	0.0019456363613717259	0.0020281781733501704	1.627601043477848e-05	0.0029954218550119547	0.00021389557322347563	0.006903293001465499	0.000924511330400267	0.0003165397812602013	2.153744598274532e-05	0.0004419646877264883	0.001143146582502082
G[C>A]T	0.0005865441426988253	0.0011224526003934443	0.0005872682859486576	0.009483387985470472	0.00032588078137759654	0.0012157509356010045	0.0027508484897036823	0.014714016910642386	0.07725638209283352	0.009116290085483342	0.006814017810858786	0.005288222623370529	0.0034517330919874817	0.00924423132711533
G[C>G]A	0.00026865546410924644	0.0001136068316993733	0.004017339579295367	0.01104576925188303	0.0007740480855281931	0.0006566396776179317	0.0015345182676833574	0.0002988176549479249	0.0012800024420721457	0.00048464004342365865	0.0020095205882098553	0.004378694207174703	0.0018098445304203779	0.0028120537458453327
G[C>G]C	6.3936490202287646e-06	0.0008598243261949393	0.004659958267118782	0.006110609964700415	0.0007028009360699485	0.0005449031536825543	0.0017491977118591687	0.0016475192541256546	0.0004301872206333404	0.0006602206411117839	0.0005453073042753288	0.009333275609649718	0.0024903787234798074	0.01671117732487619
G[C>G]G	6.531782279135435e-06	0.00014698806219111304	0.0033086627391166984	0.0021297041033394633	0.0002163191723095559	2.9171600455261112e-06	0.0008528689215090708	1.6537432308060797e-05	0.00012274835249623343	8.813969764581454e-05	2.5267463236994988e-05	0.00010558448221137304	0.000620512080800836	0.00041249205365876773
G[C>G]T	0.00014173277731780492	0.0009087200395879335	0.00349217731365934	0.015072133421897888	0.0008281075241975487	0.0005384701676245719	0.002282052629705026	0.0009758145448286086	0.0008930936728429515	0.0006581029719206793	0.0011172808081837352	0.009308562302030622	0.0034339827988588024	0.005594204941764474
G[C>T]A	0.0005444135048030296	0.0006768223622751501	0.010071822554804384	0.010043940366245806	0.01926933361403644	0.0021519759849325053	0.035597779050469396	0.05069727160036564	0.0026679636194603517	0.005587016522479717	0.007923688846520534	0.003422217802593028	0.004927853820379823	0.01949469161592424
G[C>T]C	0.0001452544897306426	0.001995330289792835	0.010451273767277598	0.004070088306141993	0.017693621514365078	6.390783291711238e-05	0.028057197259739042	0.061502627819776536	5.856723556253375e-05	0.019715943302959203	0.0024948467920497884	0.0022732060398192484	0.004436343541761744	0.006082296651553217
G[C>T]G	0.00032453363698784485	0.0030797340740888845	0.005452439116197519	0.002019820223239803	0.1909066812992096	0.0019040139404018074	0.015059501635696505	0.05875068242102861	0.012336942950269934	0.07246619857102632	0.0035150733692166083	0.006104234788880822	0.008560645165441408	0.005446748177089046
G[C>T]T	0.0008695349201570816	0.0018187316930695005	0.016949733106419444	0.011749339742586016	0.01399137037806213	0.0001157971560763737	0.02769861036911607	0.03525977249443531	0.0022501509157009424	0.019654030282050372	0.009148550416110084	0.002092869432595366	0.004271453203866259	0.0066270956922089685
G[T>A]A	0.0006158849677049147	7.032946028714485e-05	0.002161315920064226	0.007142857915372589	4.360427239951744e-06	6.546264226302222e-05	8.132019084541753e-05	0.0005811166414168838	0.00010631331903190136	0.004718517588684335	0.009496920234989374	0.004533677302766591	0.0001865643430985825	0.004163573090452701
G[T>A]C	0.0027924647848121824	0.001981884980108589	0.002990630129352212	0.004029365717433393	0.0002621856858247739	0.00273266365355812	0.0014584282600626467	0.0028844742621295153	0.0004617799696356469	0.004623370645102113	0.003970956746838055	0.0010014777955202041	0.001113580888879369	0.015147150423377753
G[T>A]G	0.0015748124220408498	0.0002668769255685016	0.0025633036410436035	0.00919290454662405	0.000524957108761555	0.0017188156477641315	0.0008366556839592211	0.0011509973786305637	0.0006975650143358507	0.0034868336659274065	0.006177798275602981	0.002696104660950368	0.0003939803736509716	0.003050155209028162
G[T>A]T	0.011435119855217635	0.00354383589149802	0.0020228393065044657	0.016593983696569923	0.0006122713679221878	0.004410965887364	0.001279372120527143	0.0032694378145970405	0.0017823847100371494	0.0027040476142890296	0.011390318826306612	0.0038193656197555723	0.00019799530633836788	0.005828420343343168
G[T>C]A	0.00039480782849340404	0.0007584556795840778	0.02548147750273347	0.002720067854641147	0.0018889308847121903	0.006596137717133388	0.0010449351343531986	0.03282093506678939	0.0002181329855146955	0.03129459825158119	0.0063618543788907115	0.010054869154002517	0.003272985421971879	0.0021978874543308186
G[T>C]C	0.008098421123810113	0.004058097649132833	0.014870274702087044	0.0028601162865410884	0.0005087112956480469	0.015655027829110622	0.0017790718085707363	0.011942657077684998	0.0006330826839031537	0.02114255181327462	0.0009831846908965132	0.002986777439102555	0.0037027709787734193	0.009833159919828176
G[T>C]G	0.0052008789137471464	0.0020940547266509383	0.03451243691518903	0.0004782450212780503	0.0008404559983650027	0.016599594426341353	0.0002011568747274396	0.028882320709526538	5.274257856503192e-06	0.01745831558853388	0.001773440838482976	0.000519145548811063	0.0036027898351312614	0.0007207913459680653
G[T>C]T	0.01930826636776328	0.0045435169173100465	0.02710728269442916	0.008444791794754564	0.00033781158088927443	0.011673813035711645	0.002295135040910634	0.014766095828264951	0.001883342449553311	0.025998258553445338	0.008974194325739518	0.008180396652780473	0.003658967771567404	0.0038097343926594
G[T>G]A	0.00021082850857660616	0.0004691634112959948	0.0038271750644780695	0.004825835283845663	0.00012930392349867761	0.0018696943272370845	0.0003870269837287476	7.277313441113756e-05	0.00033074715416296386	0.0008517115004555794	0.0026721956218534616	0.005914821083191782	0.00011796978587179099	0.0013472085887333378
G[T>G]C	0.001485324475055677	0.006738299484364689	0.00428584150550887	0.0016910789155342796	9.21301296685254e-07	0.005819992376927985	0.00036835681393480147	0.0007344005441991613	1.6412022061779607e-05	0.0015950371320941484	7.260254261369702e-05	0.002660978224594146	0.000549451112305519	0.004463330016005784
G[T>G]G	0.0007962057844561059	0.002789377075852826	0.004247818553820252	0.010595310792326926	2.1710184075503213e-05	0.005092276189476251	0.0015190095846955955	0.0013363897829549386	0.0005090605278312044	0.0027869642185978593	0.0032831199615902733	0.0033504376243799925	0.0009400359449456151	0.003225623638718389
G[T>G]T	0.06225339507311583	0.09754004329442978	0.00440566780581139	0.005927569919382222	0.00041756694667937657	0.050196408651769164	0.00232469682051623	0.0067228466486558315	0.0006108458366806904	0.011759939304552972	0.0010221479737814168	0.004418698718814503	0.0016993385990505521	0.0035217589500008426
T[C>A]A	0.0009748031870588058	0.0005255210585189485	0.0013688068898563212	0.013585706939920783	0.0025161944043219737	0.0014740555688955944	0.007084211866473148	0.001098376968285827	0.11061180025339126	0.014589296521618961	0.013982071090489627	0.023934206694364548	0.023658779008314014	0.009998939635723196
T[C>A]C	0.0012522224409476622	0.00032578546203773683	0.0005170485461657887	0.014874554248526692	0.0047382778716273605	0.0008894236412487939	0.00562316872109659	0.0030068703815340995	0.05641149602085352	0.007794804327655584	0.007411100964993238	0.007445370823144913	0.011888749755918979	0.031940276503562924
T[C>A]G	9.592059402172699e-05	5.7053804396177025e-05	0.002621812297264114	0.001893638747894613	0.0010825822600163519	0.00019483115770526182	0.0017361423922047834	2.8286109019239633e-05	0.013545912612229585	0.0018672154640080407	0.0005074228131425769	0.0010524666394778153	0.0019576576004037634	0.00041591850614685846
T[C>A]T	0.00046967275751062115	0.004172438745386899	0.002755347153577138	0.012535411617880566	0.0016790524819190588	0.002957205491279935	0.009740368023178743	0.012688610365614295	0.1834622736275196	0.04385675738379359	0.018097961686068233	0.017522878544870765	0.01973587309010327	0.028156457463279366
T[C>G]A	0.00010020688276456599	0.0007715150877643588	0.0005380702452231661	0.02448792601370846	6.184009368198031e-05	0.00018850733994566637	0.0002857132900566629	0.00018569984845288773	7.851547285204836e-05	0.0015517141724856283	0.004604741307873361	0.023814580865204334	0.12912913011014462	0.0008538946659199826
T[C>G]C	0.0001463855268229202	0.0006892171527342386	0.0009909494952959539	0.023258626537397502	1.5455255481369682e-05	0.0009056086344809316	0.0037916299018033966	7.433973088278742e-05	0.0007897838808241997	0.0026648383961291986	0.0009841799255546186	0.011850279204314574	0.030839192900806667	0.002235688107324677
T[C>G]G	0.00011722266512797841	5.1935622903279565e-05	0.0030414987518452108	0.00323557316348888	2.7377987144054692e-05	3.92317445174222e-05	0.00017610832411850882	3.900127320303615e-07	1.0038899690820983e-05	1.0059252622484898e-05	0.00019154646232047632	0.0012366693263387032	0.0076425932943820956	0.0002565366507277357
T[C>G]T	0.00030181190302369974	0.0025410276976987676	0.0008008006832241485	0.04322923098085448	0.0015034673551952108	0.0005628353053676316	0.004847076935138031	0.0007266576850762896	0.0007795653090575081	0.0055648090427275745	0.006599352410004084	0.057170493572950364	0.15748374520242214	0.005907684078119928
T[C>T]A	9.65881234886404e-05	0.00025657108722149726	0.0028469199375603235	0.0002935317633700533	0.002820928677024691	0.00365476502886629	0.07583946449887127	0.0050567267473031864	0.000379261708700349	0.0017412208590336896	0.13149755958095194	0.0006547731007449329	0.2108079946897924	0.0004159564250230632
T[C>T]C	6.685602401355518e-05	0.0018458691212419537	0.0014654762666551084	0.014245471931993962	0.00611154736764729	0.005139619856534559	0.07844154500216245	0.006936744526494294	0.0010235409561166829	0.01785615825280547	0.04667066916171461	0.0050811843129758925	0.05040532497921959	0.006796494010595129
T[C>T]G	0.0008809623156471081	0.0014174605060021932	0.025659222062677144	0.00024565498674790354	0.10069310279190541	7.808417581226602e-05	0.009512105599278585	0.002419703883388855	0.010437964851735159	0.024834433949552478	0.021129940383601935	0.0021826829897802287	0.028470244073309003	0.005805157354230143
T[C>T]T	0.0004568319606438201	0.0009334696476515229	0.0052850580855738375	0.006193162316288181	0.008062298244796694	0.006018624612072328	0.08446723909303545	0.003433199882121608	0.0009185172849268028	0.018370186617597938	0.09583873490616679	0.003964868025805206	0.11949477201347353	0.009564173698890954
T[T>A]A	0.0023994405877410052	0.0027426761377859214	0.002017896710562211	0.007728875364619274	0.011079205864109098	0.00026594295974644103	0.019320350792540835	0.008064941910965373	0.008659889316186309	0.07679280665516854	0.0219265760822099	0.031022949060425162	0.004210431475511935	0.011356620118782851
T[T>A]C	0.0028863808914320545	0.0009626027408804505	0.00037728796782049136	0.011605275480076671	3.6036179252368284e-05	0.004873412651475519	0.0025962668628199026	0.0012507077822228893	0.0006943862537726292	0.003991433743736707	0.009781160124577581	0.00751896696863696	0.000681143554257614	0.013083228233270346
T[T>A]G	0.0012289279814394832	6.403724387032835e-05	0.002351727080764249	0.008143226623535156	2.5376993013032878e-05	0.0020061740821693094	0.001715766413806705	0.0006743315982166677	0.0005161656044697858	0.00403594175586477	0.007049490173580125	0.009049189750570804	0.0008410599323979113	0.0037559030638076364
T[T>A]T	0.016287322599440813	0.0027902743408060723	1.1475672200784048e-05	0.021704957301728427	0.011780068574473262	0.016456250973977148	0.002917066643750999	0.019989489633589982	0.0026927900197915734	0.019438822933472693	0.024986881904304026	0.030424836584366857	0.0004520100461072901	0.006866535809938796
T[T>C]A	0.006180707221385091	0.0005086998935553706	0.029083431823179125	0.0025689095511451853	0.0028669965385925023	0.005190516531410134	0.00081189876588939	0.021257542036473752	0.0030036728219129147	0.012348227237650796	0.01534864491434399	0.06910888801701368	0.0014460877647478054	0.004247273109310148
T[T>C]C	0.005348759952839012	0.003071873158504009	0.017232043268159032	0.00574887081189081	0.005257807999849319	0.02881871161982417	0.0036734749964414987	0.022113992493599653	0.0007000135556039442	0.026059513412415983	0.003706600128580316	0.017096732376143335	0.004357171122781438	0.0034160862172720953
T[T>C]G	0.004118142158524096	0.00031604928639878907	0.030891655661165713	0.0006566009556054174	0.0020848726235562936	0.01812713616620749	0.0005202832887087676	0.020331145394593478	0.0010675587515097523	0.008132013504509815	0.004222541485156398	0.014225069408770651	0.002047913225740932	0.0003360935444868981
T[T>C]T	0.022172587540932	0.0032659994147918574	0.029132816325873136	0.00836948033212684	0.008176875624805688	0.0329954670779407	0.004752292413031683	0.035015180736780165	0.0005871200238147836	0.024480377679690718	0.00717145336163499	0.01941657109372318	0.004656003544689156	0.000308304446946752
T[T>G]A	0.00034996996468462764	0.003388414913904853	0.006258721459402466	0.005954238298171123	0.0007099422307960145	0.004211323363240808	0.002388716934463442	8.31708368625631e-05	0.0006700707095010454	0.0014438545451817128	0.004141569861173753	0.05241617996990681	0.0016736975580574729	0.0012424915639635743
T[T>G]C	0.000731134645737367	0.006564467803575099	0.006543346982449293	0.005491882470902055	0.0008246699940355029	0.0172722136429511	0.0014084434845704158	0.0002463045212006288	0.0001011120546881375	0.00010199710925908078	0.002547212279285304	0.011694593424908816	0.0006238836860133175	0.002010978760154103
T[T>G]G	0.001374401626176043	0.0025918718871835154	0.0058960821107029915	0.011094872741028666	0.003911401414312422	0.010091638112906367	0.0019218529441038855	0.005523916984908283	0.001297083021956496	0.005005174479912966	0.004736194257726311	0.015556117124855518	0.0013568834761854213	0.002667052350821905
T[T>G]T	0.057136190216988327	0.08529765779525042	0.0037266889448723697	0.009488178480023618	0.017577143598347902	0.19876628074049948	0.006219816546494393	0.010078955836594105	0.0012347188578980747	0.016529174516908825	0.013734430482009003	0.03502864874247462	0.0005264078469496495	0.0010236888275346296
