Samples	SBS96A	SBS96B	SBS96C	SBS96D	SBS96E	SBS96F
LP2000104-DNA_A01_vs_LP2000101-DNA_A01__pv	28453	2959	513	7469	2581	2474
LP2000105-DNA_A01_vs_LP2000102-DNA_A01__pv	7185	4726	0	5246	8396	2959
LP2000106-DNA_A01_vs_LP2000102-DNA_A01__pv	5953	1108	0	2309	6225	3892
LP2000107-DNA_A01_vs_LP2000102-DNA_A01__pv	6707	3107	0	3937	6690	1726
LP2000108-DNA_A01_vs_LP2000103-DNA_A01__pv	284	2389	897	447	1993	2121
LP2000109-DNA_A01_vs_LP2000103-DNA_A01__pv	303	2021	795	383	1797	1900
LP2000110-DNA_A01_vs_LP2000101-DNA_A01__pv	21540	629	529	7118	2266	389
LP2000111-DNA_A01_vs_LP2000102-DNA_A01__pv	1399	463	0	618	1344	778
LP2000112-DNA_A01_vs_LP2000102-DNA_A01__pv	2732	928	0	1410	2949	1555
LP2000113-DNA_A01_vs_LP2000103-DNA_A01__pv	349	2157	738	370	1928	2090
LP2000114-DNA_A01_vs_LP2000103-DNA_A01__pv	378	1264	889	352	1879	3398
LP2000325-DNA_A01_vs_LP2000317-DNA_A01__pv	6426	4105	2427	6674	4722	1311
LP2000327-DNA_A01_vs_LP2000319-DNA_A01__pv	7333	2528	487	5622	1567	1053
LP2000328-DNA_A01_vs_LP2000320-DNA_A01__pv	2988	2842	4146	1792	1833	2633
LP2000329-DNA_A01_vs_LP2000321-DNA_A01__pv	7096	922	3975	3897	4132	3850
LP2000330-DNA_A01_vs_LP2000316-DNA_A01__pv	3594	4762	1341	602	4364	1396
LP2000331-DNA_A01_vs_LP2000322-DNA_A01__pv	872	1037	3575	2257	3145	1613
LP2000332-DNA_A01_vs_LP2000323-DNA_A01__pv	10312	1489	3949	7624	6568	1376
LP2000333-DNA_A01_vs_LP2000324-DNA_A01__pv	2666	1522	1000	3526	2877	1248
LP2000334-DNA_A01_vs_LP2000324-DNA_A01__pv	4136	835	1526	59	2921	597
LP2000335-DNA_A01_vs_LP2000317-DNA_A01__pv	4537	2966	1474	4210	2520	625
LP2000336-DNA_A01_vs_LP2000316-DNA_A01__pv	583	647	2005	583	1660	525
LP2000346-DNA_A01_vs_SM-4JPUU__pv	1044	3286	1953	1148	7591	3044
LP2000350-DNA_A01_vs_SM-4JPUU__pv	566	1726	3255	1177	5585	2688
LP2000352-DNA_A01_vs_LP2000359-DNA_A01__pv	8898	3718	1508	1420	3423	764
LP2000353-DNA_A01_vs_LP2000359-DNA_A01__pv	22505	6007	310	9941	3231	422
LP2000355-DNA_A01_vs_LP2000359-DNA_A01__pv	9071	4167	1504	1760	3507	919
LP2000356-DNA_A01_vs_LP2000359-DNA_A01__pv	10813	4931	1562	1153	3897	919
LP2000357-DNA_A01_vs_LP2000359-DNA_A01__pv	9191	3711	1809	1736	3397	824
LP2000366-DNA_A01_vs_SM-4JPUU__pv	1695	2798	2069	1210	7130	2892
LP2000367-DNA_A01_vs_SM-4JPUU__pv	861	3101	2099	1336	7471	3088
LP2000368-DNA_A01_vs_SM-4JPUU__pv	884	2941	1619	1265	6736	2741
LP2000369-DNA_A01_vs_SM-4JPUU__pv	793	2615	1586	1081	6390	2599
LP2000370-DNA_A01_vs_SM-4JPUU__pv	911	3388	2196	1391	7988	3238
LP2000371-DNA_A01_vs_SM-4JPUU__pv	488	1781	3178	1312	5581	2694
LP2000372-DNA_A01_vs_LP2000359-DNA_A01__pv	10629	5472	1256	1023	4376	1142
LP2000373-DNA_A01_vs_LP2000359-DNA_A01__pv	7072	2339	1977	1643	2497	581
LP2101132-DNA_A01_vs_LP2101131-DNA_A01__pv	13729	3150	2254	1214	6761	1197
LP2101136-DNA_A01_vs_LP2101133-DNA_A01__pv	180	8190	2912	1450	5121	3852
LP2101137-DNA_A01_vs_LP2101134-DNA_A01__pv	236	925	1495	1122	908	525
LP2101140-DNA_A01_vs_LP2101155-DNA_A01__pv	3731	9496	2006	3025	17049	2803
LP2101141-DNA_A01_vs_LP2101139-DNA_A01__pv	375	4840	2144	1198	1924	3357
LP2101142-DNA_A01_vs_LP2101143-DNA_A01__pv	53	0	41755	1885	4130	0
LP2101144-DNA_A01_vs_LP2101145-DNA_A01__pv	600	3301	2087	563	2668	1292
LP2101146-DNA_A01_vs_LP2101147-DNA_A01__pv	976	4302	3183	770	5660	1807
LP2101148-DNA_A01_vs_LP2101149-DNA_A01__pv	642	9448	780	493	2868	2792
LP2101151-DNA_A01_vs_LP2101152-DNA_A01__pv	3168	6518	494	2448	7413	3518
LP2101153-DNA_A01_vs_LP2101154-DNA_A01__pv	24433	11568	6020	10551	5255	3053
LP2101156-DNA_A01_vs_LP2101157-DNA_A01__pv	3134	3347	67053	0	3157	0
LP2101158-DNA_A01_vs_LP2101159-DNA_A01__pv	11253	902	8147	7253	11649	2337
LP2101160-DNA_A01_vs_LP2101161-DNA_A01__pv	5373	2879	3745	49	3239	2475
LP2101162-DNA_B01_vs_LP2101163-DNA_B01__pv	230	494	296	353	887	284
LP2101164-DNA_A01_vs_LP2101165-DNA_A01__pv	166	2575	1486	535	4671	1192
LP2101166-DNA_A01_vs_LP2101167-DNA_A01__pv	2349	2113	1805	429	5853	1664
LP2101168-DNA_A01_vs_LP2101169-DNA_A01__pv	0	3278	2651	666	2105	1874
LP2101170-DNA_A01_vs_LP2101511-DNA_A01__pv	203	3033	467	505	1623	675
LP2101512-DNA_A01_vs_LP2101513-DNA_A01__pv	9341	3618	1165	8426	3813	1182
LP6005334-DNA_A02_vs_LP6005333-DNA_A02__pv	1190	1831	3124	3309	5684	1685
LP6005334-DNA_A03_vs_LP6005333-DNA_A03__pv	7352	1748	3466	1312	6655	1937
LP6005334-DNA_A04_vs_LP6005333-DNA_A04__pv	2583	1986	1845	2799	3031	2675
LP6005334-DNA_B01_vs_SM-4JPUU__pv	523	839	2404	1019	4873	2243
LP6005334-DNA_B02_vs_LP6005333-DNA_B02__pv	3686	946	4803	4709	8276	1732
LP6005334-DNA_C01_vs_LP6005333-DNA_C01__pv	287	7794	0	1098	3540	3141
LP6005334-DNA_C02_vs_LP6005333-DNA_C02__pv	832	3046	946	286	2113	1384
LP6005334-DNA_C03_vs_LP6005333-DNA_C03__pv	634	965	7094	2583	3667	2250
LP6005334-DNA_D01_vs_LP6005333-DNA_D01__pv	0	215	119	7	40	297
LP6005334-DNA_D02_vs_LP6005333-DNA_D02__pv	6445	2403	0	15957	1275	3748
LP6005334-DNA_D03_vs_LP6005333-DNA_D03__pv	184	1544	0	297	4377	3680
LP6005334-DNA_E01_vs_LP6005333-DNA_E01__pv	435	4331	3643	2143	5369	2650
LP6005334-DNA_E02_vs_LP6005333-DNA_E02__pv	1286	712	395	2019	611	610
LP6005334-DNA_E03_vs_LP6005333-DNA_E03__pv	2214	10208	365	1713	3673	3437
LP6005334-DNA_F01_vs_LP6005333-DNA_F01__pv	2699	4168	1840	2535	12346	2888
LP6005334-DNA_F02_vs_LP6005333-DNA_F02__pv	15323	7470	479	8816	5826	1189
LP6005334-DNA_F03_vs_LP6005333-DNA_F03__pv	293	944	483	295	715	165
LP6005334-DNA_G01_vs_LP6005333-DNA_G01__pv	7359	0	2784	3078	7627	11881
LP6005334-DNA_G02_vs_LP6005333-DNA_G02__pv	12250	4511	1694	6253	6987	2782
LP6005334-DNA_G03_vs_LP6005333-DNA_G03__pv	4467	1670	1207	414	3299	1598
LP6005334-DNA_H01_vs_LP6005333-DNA_H01__pv	11519	3794	2896	117	7192	4819
LP6005334-DNA_H02_vs_LP6005333-DNA_H02__pv	28456	5220	0	7520	7674	1761
LP6005334-DNA_H03_vs_LP6005333-DNA_H03__pv	9812	2434	0	26694	5028	1064
LP6005335-DNA_A01_vs_LP6005333-DNA_A03__pv	8902	929	1969	2150	5189	1000
LP6005409-DNA_A01_vs_LP6005408-DNA_A01__pv	295	858	1605	0	2159	2961
LP6005409-DNA_A02_vs_LP6005408-DNA_A02__pv	1368	3651	295	782	3426	1306
LP6005409-DNA_A03_vs_LP6005408-DNA_A03__pv	17153	0	15167	11222	5489	1111
LP6005409-DNA_A04_vs_LP6005408-DNA_A04__pv	5854	2563	571	4632	3007	2804
LP6005409-DNA_B01_vs_LP6005408-DNA_B01__pv	43294	1156	0	17942	7983	245
LP6005409-DNA_B02_vs_LP6005408-DNA_B02__pv	225	1675	4101	1991	5354	1910
LP6005409-DNA_B04_vs_LP6005408-DNA_B04__pv	0	3410	911	1409	718	4950
LP6005409-DNA_C01_vs_LP6005408-DNA_C01__pv	945	147	3500	1125	2027	1883
LP6005409-DNA_C02_vs_LP6005408-DNA_C02__pv	1279	476	681	520	2712	359
LP6005409-DNA_C04_vs_LP6005408-DNA_C04__pv	384	5248	921	541	2499	1452
LP6005409-DNA_D01_vs_LP6005408-DNA_D01__pv	12326	5190	1282	15831	3663	2077
LP6005409-DNA_D02_vs_LP6005408-DNA_D02__pv	8082	6187	3696	11888	4830	3915
LP6005409-DNA_D03_vs_LP6005408-DNA_D03__pv	16613	2919	0	25200	1968	1858
LP6005409-DNA_E01_vs_LP6005408-DNA_E01__pv	0	2370	2335	955	2754	1967
LP6005409-DNA_E02_vs_LP6005408-DNA_E02__pv	1489	1184	2401	991	2702	1491
LP6005409-DNA_E03_vs_LP6005408-DNA_E03__pv	5636	7330	1513	13349	4585	1665
LP6005409-DNA_F01_vs_LP6005408-DNA_F01__pv	14895	586	2077	1914	4755	45
LP6005409-DNA_F02_vs_LP6005408-DNA_F02__pv	5059	450	1891	968	5026	2313
LP6005409-DNA_F03_vs_LP6005408-DNA_F03__pv	0	1321	1527	399	1516	1135
LP6005409-DNA_G02_vs_LP6005408-DNA_G02__pv	10852	3101	845	2654	2187	1143
LP6005409-DNA_G03_vs_LP6005408-DNA_G03__pv	9061	1516	1098	11584	3086	920
LP6005409-DNA_H01_vs_LP6005408-DNA_H01__pv	0	1012	6166	594	2553	1260
LP6005409-DNA_H02_vs_LP6005408-DNA_H02__pv	7000	2753	1854	2722	4761	1033
LP6005409-DNA_H03_vs_LP6005408-DNA_H03__pv	4958	1974	717	2945	958	472
LP6005496-DNA_A01_vs_LP6005408-DNA_B03__pv	12018	15045	15966	0	1874	957
LP6005496-DNA_B01_vs_LP6005408-DNA_C03__pv	9682	91	3168	0	3700	3332
LP6005500-DNA_A01_vs_LP6005499-DNA_A01__pv	1612	3242	2033	1303	3825	2386
LP6005500-DNA_A02_vs_LP6005499-DNA_A02__pv	3007	6281	5340	5853	4914	1934
LP6005500-DNA_A03_vs_LP6005499-DNA_A03__pv	3080	4393	553	2348	3830	1926
LP6005500-DNA_B01_vs_LP6005499-DNA_B01__pv	3880	3270	2049	3579	2873	1745
LP6005500-DNA_B02_vs_LP6005499-DNA_B02__pv	15754	5933	3359	1486	5915	2652
LP6005500-DNA_B03_vs_LP6005499-DNA_B03__pv	5493	7557	106	3860	2321	860
LP6005500-DNA_C01_vs_LP6005499-DNA_C01__pv	2517	2248	607	1124	4773	947
LP6005500-DNA_C02_vs_LP6005499-DNA_C02__pv	2619	1742	10831	2130	5037	1861
LP6005500-DNA_C03_vs_LP6005499-DNA_C03__pv	12847	1459	3512	2933	3220	1431
LP6005500-DNA_D01_vs_LP6005499-DNA_D01__pv	5060	2664	1748	907	3896	1210
LP6005500-DNA_D02_vs_LP6005499-DNA_D02__pv	9089	602	1733	2515	11619	944
LP6005500-DNA_D03_vs_LP6005499-DNA_D03__pv	5352	3079	2537	2666	3099	1635
LP6005500-DNA_E02_vs_LP6005499-DNA_E02__pv	20921	2299	0	14490	2139	724
LP6005500-DNA_E03_vs_LP6005499-DNA_E03__pv	32991	6463	0	40718	0	721
LP6005500-DNA_F01_vs_LP6005499-DNA_F01__pv	8182	4475	591	1336	4317	2955
LP6005500-DNA_F02_vs_LP6005499-DNA_F02__pv	4840	3060	5340	705	6945	10031
LP6005500-DNA_F03_vs_LP6005499-DNA_F03__pv	0	1397	10623	4551	8545	2187
LP6005500-DNA_G01_vs_LP6005499-DNA_G01__pv	20385	347	0	24669	1373	316
LP6005500-DNA_G02_vs_LP6005499-DNA_G02__pv	0	0	2483	60	613	833
LP6005500-DNA_G03_vs_LP6005499-DNA_G03__pv	17045	762	3542	0	3473	469
LP6005500-DNA_H01_vs_LP6005499-DNA_H01__pv	2014	2714	3523	6492	3950	2953
LP6005500-DNA_H02_vs_LP6005499-DNA_H02__pv	628	1524	3414	7004	1622	4038
LP6005500-DNA_H03_vs_LP6005499-DNA_H03__pv	3544	5146	2233	7001	3252	1927
LP6005501-DNA_A01_vs_LP6005499-DNA_A01__pv	370	815	652	161	1382	339
LP6005501-DNA_B01_vs_LP6005499-DNA_B01__pv	3673	3775	2000	3176	2941	1767
LP6005501-DNA_C01_vs_LP6005499-DNA_C01__pv	2259	1710	4828	1860	8150	1510
LP6005501-DNA_D01_vs_LP6005499-DNA_D01__pv	3174	1809	3625	1378	5384	2253
LP6005501-DNA_E01_vs_LP6005499-DNA_E01__pv	938	548	720	220	708	412
LP6005501-DNA_F01_vs_LP6005499-DNA_F01__pv	16103	3311	872	0	4143	2677
LP6005690-DNA_A02_vs_LP6005689-DNA_A02__pv	766	2116	1797	489	6742	1155
LP6005690-DNA_B01_vs_LP6005689-DNA_B01__pv	4841	2308	722	4478	3965	1010
LP6005690-DNA_B03_vs_LP6005777-DNA_A01__pv	17269	2694	2392	3060	3248	1320
LP6005690-DNA_C02_vs_LP6005689-DNA_C02__pv	0	1823	4486	720	6804	1995
LP6005690-DNA_C03_vs_LP6005689-DNA_C03__pv	17014	2941	1695	2595	7987	1988
LP6005690-DNA_D02_vs_LP6005689-DNA_D02__pv	18006	2963	1651	11322	2743	2859
LP6005690-DNA_D03_vs_LP6005689-DNA_D03__pv	13454	2643	0	11337	2285	1978
LP6005690-DNA_E01_vs_LP6005689-DNA_E01__pv	10673	3899	709	4908	11327	2592
LP6005690-DNA_E02_vs_LP6005689-DNA_E02__pv	0	0	29	4	1	10
LP6005690-DNA_E03_vs_LP6005689-DNA_E03__pv	2435	1811	2720	854	4861	933
LP6005690-DNA_F01_vs_LP6005689-DNA_F01__pv	10844	3959	2224	6416	4611	1831
LP6005690-DNA_F02_vs_LP6005689-DNA_F02__pv	31942	2144	1586	0	3134	1990
LP6005690-DNA_F03_vs_LP6005689-DNA_F03__pv	3410	2380	2916	892	4656	2685
LP6005690-DNA_G02_vs_LP6005689-DNA_G02__pv	12757	2045	1985	2369	5387	1635
LP6005690-DNA_H02_vs_LP6005689-DNA_H02__pv	36726	0	948	12438	4095	831
LP6005691-DNA_A01_vs_LP6005689-DNA_C01__pv	1562	239	2715	993	4860	587
LP6005691-DNA_A02_vs_LP6005689-DNA_F03__pv	873	603	1439	474	1603	700
LP6005691-DNA_B01_vs_LP6005689-DNA_E01__pv	12172	3928	612	4745	11580	2215
LP6005691-DNA_C01_vs_LP6005689-DNA_A02__pv	122	617	2211	714	5389	1177
LP6005691-DNA_D01_vs_LP6005689-DNA_B02__pv	47432	185	0	21199	1295	0
LP6005691-DNA_E01_vs_LP6005689-DNA_D01__pv	2284	2051	1017	593	939	260
LP6005691-DNA_F01_vs_LP6005689-DNA_F01__pv	10777	1487	1103	5965	2922	597
LP6005691-DNA_G01_vs_LP6005689-DNA_G01__pv	5	44	145	0	51	28
LP6005691-DNA_H01_vs_LP6005689-DNA_H01__pv	2580	538	317	1271	1311	358
LP6005935-DNA_A01_vs_LP6005979-DNA_A01__pv	19557	4165	4922	5271	10168	2852
LP6005935-DNA_A02_vs_LP6005934-DNA_A02__pv	4694	2859	614	17216	1400	2154
LP6005935-DNA_A03_vs_LP6005934-DNA_A03__pv	0	880	4089	620	4573	985
LP6005935-DNA_B01_vs_LP6005934-DNA_B01__pv	1058	6137	502	869	3603	1275
LP6005935-DNA_B02_vs_LP6005934-DNA_B02__pv	10604	7938	0	6979	4496	2733
LP6005935-DNA_B03_vs_LP6005934-DNA_B03__pv	15217	2622	0	24300	4421	2517
LP6005935-DNA_B04_vs_LP6005934-DNA_B04__pv	457	720	5197	1822	7656	1583
LP6005935-DNA_C01_vs_LP6005934-DNA_C01__pv	18925	36898	123668	0	0	3853
LP6005935-DNA_C02_vs_LP6005979-DNA_B01__pv	10951	4403	3468	5639	5645	2828
LP6005935-DNA_C03_vs_LP6005934-DNA_C03__pv	305	963	1468	608	1680	583
LP6005935-DNA_C04_vs_LP6005934-DNA_C04__pv	29290	4847	3461	7212	7822	4296
LP6005935-DNA_D01_vs_LP6005934-DNA_D01__pv	18651	2475	1983	4142	8863	1518
LP6005935-DNA_D02_vs_LP6005934-DNA_D02__pv	15359	4688	908	1329	3104	1463
LP6005935-DNA_D04_vs_LP6005934-DNA_C03__pv	1784	830	989	748	3007	560
LP6005935-DNA_E01_vs_LP6005934-DNA_E01__pv	19973	3579	3270	11480	4405	1061
LP6005935-DNA_E02_vs_LP6005934-DNA_E02__pv	7891	5538	1837	2551	3399	1166
LP6005935-DNA_E03_vs_LP6005934-DNA_E03__pv	4984	2513	2191	3101	4652	2793
LP6005935-DNA_E04_vs_LP6005934-DNA_E02__pv	3759	958	1181	1349	2403	216
LP6005935-DNA_F01_vs_LP6005934-DNA_F01__pv	0	4165	446	339	1232	2595
LP6005935-DNA_F02_vs_LP6005934-DNA_F02__pv	72897	16312	3994	7445	0	2540
LP6005935-DNA_F03_vs_LP6005934-DNA_F03__pv	0	0	54444	2239	3210	1694
LP6005935-DNA_F04_vs_LP6007426-DNA_A01__pv	38647	0	0	13319	1030	8080
LP6005935-DNA_G01_vs_LP6005934-DNA_G01__pv	9719	2223	4312	12766	1210	2442
LP6005935-DNA_G02_vs_LP6005979-DNA_C01__pv	1182	3756	1201	509	11962	2371
LP6005935-DNA_G03_vs_LP6005934-DNA_G03__pv	1194	2595	679	400	3667	1597
LP6005935-DNA_H01_vs_LP6005934-DNA_H01__pv	10888	5566	1519	3136	8903	2241
LP6005935-DNA_H02_vs_LP6005934-DNA_H02__pv	2903	6274	2511	4360	5346	3126
LP6005935-DNA_H03_vs_LP6005934-DNA_H03__pv	2450	3634	55083	0	4413	87
LP6007358-DNA_A01_vs_LP6007553-DNA_A01__pv	3538	2879	1097	1234	5904	1378
LP6007394-DNA_A01_vs_LP6007393-DNA_A01__pv	4549	1572	2500	2064	2067	593
LP6007396-DNA_A01_vs_LP6007395-DNA_A01__pv	4460	3200	3330	3164	4256	2196
LP6007398-DNA_A01_vs_LP6007397-DNA_A01__pv	2507	2907	3242	933	2768	2307
LP6007399-DNA_A01_vs_LP6007397-DNA_A01__pv	2479	2739	3170	981	2723	2198
LP6007401-DNA_A01_vs_LP6007400-DNA_A01__pv	11862	9446	510	11318	4389	1812
LP6007402-DNA_A01_vs_LP6007400-DNA_A01__pv	8212	1037	724	4758	2128	448
LP6007404-DNA_A01_vs_LP6007403-DNA_A01__pv	197	2268	2643	1557	4931	932
LP6007405-DNA_A01_vs_LP6007403-DNA_A01__pv	1893	683	548	975	1654	126
LP6007407-DNA_A01_vs_LP6007406-DNA_A01__pv	13558	3296	4158	3761	6270	3168
LP6007409-DNA_A01_vs_LP6007408-DNA_A01__pv	936	1840	4612	1659	3874	1166
LP6007410-DNA_A01_vs_LP6007408-DNA_A01__pv	6606	1883	2742	3025	5098	788
LP6007414-DNA_A02_vs_LP6007413-DNA_A02__pv	93	1719	2443	714	4722	1307
LP6007416-DNA_A01_vs_LP6007415-DNA_A01__pv	1863	3287	3674	1417	5755	2734
LP6007418-DNA_A02_vs_LP6007417-DNA_A02__pv	7210	9029	2479	2667	3061	1460
LP6007420-DNA_A01_vs_LP6007419-DNA_A01__pv	27336	3581	0	7184	1790	6327
LP6007422-DNA_A01_vs_LP6007421-DNA_A01__pv	1957	3166	2558	1215	3449	932
LP6007424-DNA_A01_vs_LP6007423-DNA_A01__pv	8998	8326	1546	0	4148	2526
LP6007425-DNA_A01_vs_LP6007423-DNA_A01__pv	9172	8144	1486	0	4147	2393
LP6007427-DNA_A01_vs_LP6007426-DNA_A01__pv	49815	330	0	16730	1010	10758
LP6007428-DNA_A01_vs_LP6007426-DNA_A01__pv	191	1381	741	313	521	208
LP6007430-DNA_A01_vs_LP6007429-DNA_A01__pv	4625	1249	4490	1324	7861	1733
LP6007432-DNA_A01_vs_LP6007431-DNA_A01__pv	27674	2781	0	13099	574	1996
LP6007434-DNA_A01_vs_LP6007433-DNA_A01__pv	7915	4697	1122	4399	5520	1426
LP6007436-DNA_A01_vs_LP6007435-DNA_A01__pv	19332	1858	2159	7662	4056	2248
LP6007438-DNA_A01_vs_LP6007437-DNA_A01__pv	0	3917	1264	591	1253	1909
LP6007440-DNA_A01_vs_LP6007439-DNA_A01__pv	26518	5391	1266	20762	5689	3569
LP6007442-DNA_A01_vs_LP6007441-DNA_A01__pv	15911	9952	0	88130	6234	0
LP6007504-DNA_A01_vs_LP6007566-DNA_A01__pv	3606	1547	801	1128	1749	888
LP6007506-DNA_A01_vs_LP6007505-DNA_A01__pv	2691	1608	2686	1557	4845	2942
LP6007508-DNA_A01_vs_LP6007507-DNA_A01__pv	2564	2683	2012	724	2245	1989
LP6007512-DNA_A01_vs_LP6007511-DNA_A01__pv	7563	1577	5341	4508	4081	2701
LP6007514-DNA_A01_vs_LP6007513-DNA_A01__pv	1208	2636	2689	824	4127	971
LP6007516-DNA_A01_vs_LP6007515-DNA_A01__pv	830	6295	2237	1934	3982	2265
LP6007518-DNA_A01_vs_LP6007517-DNA_A01__pv	19202	8656	0	8506	4520	2604
LP6007520-DNA_A01_vs_LP6007519-DNA_A01__pv	1004	2153	1989	652	4710	939
LP6007521-DNA_A01_vs_LP6007519-DNA_A01__pv	2	844	1234	409	1655	427
LP6007523-DNA_A01_vs_LP6007522-DNA_A01__pv	272	2452	2266	1169	6856	1236
LP6007529-DNA_A01_vs_LP6007528-DNA_A01__pv	8125	1795	1546	4275	6231	3945
LP6007531-DNA_A01_vs_LP6007530-DNA_A01__pv	8851	6170	792	14565	2377	2106
LP6007533-DNA_A01_vs_LP6007532-DNA_A01__pv	1099	1564	1722	349	2949	1973
LP6007535-DNA_A01_vs_LP6007534-DNA_A01__pv	1680	1425	1281	0	1816	1870
LP6007536-DNA_A01_vs_LP6007534-DNA_A01__pv	1126	1708	639	26	1573	3820
LP6007538-DNA_A01_vs_LP6007537-DNA_A01__pv	14894	1837	1514	2413	4742	1713
LP6007540-DNA_A01_vs_LP6007539-DNA_A01__pv	3814	690	2805	4900	5478	858
LP6007542-DNA_A01_vs_LP6007541-DNA_A01__pv	5181	8662	2621	2701	6914	4660
LP6007544-DNA_A01_vs_LP6007569-DNA_A01__pv	1973	2814	2381	3334	7017	1593
LP6007546-DNA_A01_vs_LP6007568-DNA_A01__pv	480	0	2956	2716	3124	2392
LP6007548-DNA_A01_vs_LP6007547-DNA_A01__pv	1745	601	796	404	1630	1293
LP6007550-DNA_A01_vs_LP6007549-DNA_A01__pv	11412	731	968	11229	4549	2658
LP6007552-DNA_A01_vs_LP6007551-DNA_A01__pv	4093	4322	484	3914	3453	3990
LP6007567-DNA_A01_vs_LP6007524-DNA_A01__pv	3193	2754	2384	4722	3734	1339
LP6007591_vs_LP6007590__pv	11913	1855	2891	30732	4454	6466
LP6007592_vs_LP6007590__pv	1598	590	3105	1638	3409	1013
LP6007594_vs_LP6007593__pv	55	2699	5529	1425	6577	1030
LP6007595_vs_LP6007593__pv	3435	1360	1861	1599	3864	199
LP6007597_vs_LP6007596__pv	20105	7465	3545	0	6171	651
LP6007598_vs_LP6007596__pv	6359	1748	1226	0	2665	289
LP6007600_vs_LP6007599__pv	0	1827	1771	263	1556	550
LP6007602_vs_LP6007601__pv	21054	0	0	43909	0	0
LP6008017-DNA_A01_vs_LP6008018-DNA_B01__pv	24000	1858	216	11760	4311	0
LP6008017-DNA_A02_vs_LP6008018-DNA_B01__pv	47148	0	350	7388	5232	0
LP6008017-DNA_A03_vs_LP6008018-DNA_C01__pv	27594	1944	335	12381	7296	730
LP6008017-DNA_A04_vs_LP6008018-DNA_A01__pv	9802	519	3916	1892	5067	8546
LP6008017-DNA_B01_vs_LP6008018-DNA_B01__pv	34268	420	0	13662	4141	0
LP6008017-DNA_B02_vs_LP6008018-DNA_B01__pv	24041	1476	0	11006	3957	0
LP6008017-DNA_B03_vs_LP6008018-DNA_C01__pv	27860	2190	546	12648	7581	757
LP6008017-DNA_B04_vs_LP6008018-DNA_A01__pv	4655	943	1378	1118	2614	1519
LP6008017-DNA_C01_vs_LP6008018-DNA_B01__pv	43512	0	0	18991	3778	0
LP6008017-DNA_C02_vs_LP6008018-DNA_C01__pv	26978	2103	34	12087	7202	577
LP6008017-DNA_C03_vs_LP6008018-DNA_C01__pv	27592	2047	277	12651	7235	675
LP6008017-DNA_C04_vs_LP6008018-DNA_C01__pv	0	40	51	9	11	24
LP6008017-DNA_D01_vs_LP6008018-DNA_B01__pv	34792	423	0	15913	4172	0
LP6008017-DNA_D02_vs_LP6008018-DNA_C01__pv	28077	3151	143	12176	7838	739
LP6008017-DNA_D03_vs_LP6008018-DNA_A01__pv	8452	1675	3712	2758	5161	4506
LP6008017-DNA_E01_vs_LP6008018-DNA_B01__pv	42182	0	0	17470	4207	0
LP6008017-DNA_E02_vs_LP6008018-DNA_C01__pv	28491	3815	0	11867	8400	862
LP6008017-DNA_E03_vs_LP6008018-DNA_A01__pv	8443	1606	3039	2433	4985	3432
LP6008017-DNA_F01_vs_LP6008018-DNA_B01__pv	26140	1824	0	13314	4892	0
LP6008017-DNA_F02_vs_LP6008018-DNA_C01__pv	29012	2861	80	12932	7745	727
LP6008017-DNA_F03_vs_LP6008018-DNA_A01__pv	6422	889	1581	1577	3088	3424
LP6008017-DNA_G01_vs_LP6008018-DNA_B01__pv	28485	1558	116	12221	4492	0
LP6008017-DNA_G02_vs_LP6008018-DNA_C01__pv	31138	3773	0	13850	8399	1023
LP6008017-DNA_G03_vs_LP6008018-DNA_A01__pv	8845	1777	3004	2209	5687	5139
LP6008017-DNA_H01_vs_LP6008018-DNA_B01__pv	34606	561	0	17609	4015	0
LP6008017-DNA_H02_vs_LP6008018-DNA_C01__pv	27677	3165	0	12248	8057	758
LP6008017-DNA_H03_vs_LP6008018-DNA_A01__pv	12146	212	4130	1241	5068	8542
LP6008031-DNA_A01_vs_LP6008032-DNA_A01__pv	4523	8370	407	1385	5012	6027
LP6008031-DNA_A02_vs_LP6008032-DNA_C02__pv	4161	4268	3040	2406	11376	6175
LP6008031-DNA_A03_vs_LP6008032-DNA_E03__pv	1341	854	2319	692	4937	1826
LP6008031-DNA_A04_vs_LP6008032-DNA_D03__pv	17823	1287	1875	5012	3514	1784
LP6008031-DNA_B01_vs_LP6008032-DNA_B01__pv	2509	1048	2091	3493	1988	1400
LP6008031-DNA_B02_vs_LP6008032-DNA_D02__pv	994	1799	1661	1125	10381	1337
LP6008031-DNA_B03_vs_LP6008032-DNA_F03__pv	0	961	3151	702	4063	1973
LP6008031-DNA_B04_vs_LP6008032-DNA_C02__pv	185	1130	899	339	1940	415
LP6008031-DNA_C01_vs_LP6008032-DNA_C01__pv	5215	2229	4782	9736	7403	3165
LP6008031-DNA_C02_vs_LP6008032-DNA_E02__pv	5429	2716	3600	2643	6860	976
LP6008031-DNA_C03_vs_LP6008032-DNA_G03__pv	0	0	113	0	60	8
LP6008031-DNA_D01_vs_LP6008032-DNA_D01__pv	5138	3518	682	436	3905	1557
LP6008031-DNA_D02_vs_LP6008032-DNA_F02__pv	8401	2183	2596	2905	4227	866
LP6008031-DNA_D03_vs_LP6008032-DNA_H03__pv	813	4597	1136	595	5581	3085
LP6008031-DNA_E01_vs_LP6008032-DNA_E01__pv	9713	13430	36699	0	6398	0
LP6008031-DNA_E02_vs_LP6008032-DNA_G02__pv	14194	2775	932	569	11143	1671
LP6008031-DNA_E03_vs_LP6008032-DNA_A04__pv	16380	11001	64901	259	2424	0
LP6008031-DNA_F01_vs_LP6008032-DNA_F01__pv	4412	2390	1849	2262	5496	1020
LP6008031-DNA_F02_vs_LP6008032-DNA_H02__pv	4020	1129	1432	1059	1006	782
LP6008031-DNA_F03_vs_LP6008032-DNA_H01__pv	12668	5334	4703	9752	5875	2567
LP6008031-DNA_G01_vs_LP6008032-DNA_G01__pv	6801	3493	1231	4165	3297	1334
LP6008031-DNA_G02_vs_LP6008032-DNA_A03__pv	1857	4837	1945	1092	4447	2281
LP6008031-DNA_G03_vs_LP6008032-DNA_A02__pv	10592	15962	0	0	8494	3392
LP6008031-DNA_H01_vs_LP6008032-DNA_B02__pv	5236	2169	5198	4429	4352	1610
LP6008031-DNA_H02_vs_LP6008032-DNA_B03__pv	2186	5473	36616	758	5345	455
LP6008031-DNA_H03_vs_LP6008032-DNA_C03__pv	15295	574	36302	24698	623	0
LP6008051-DNA_A01_vs_LP6008050-DNA_C02__pv	9	1223	1422	161	2983	2751
LP6008051-DNA_A02_vs_LP6008050-DNA_E01__pv	3348	2493	2266	1490	3079	1144
LP6008051-DNA_A03_vs_LP6008050-DNA_G02__pv	7153	5660	0	38815	0	1554
LP6008051-DNA_B01_vs_LP6008138-DNA_B03__pv	9611	4014	1282	4872	1747	1376
LP6008051-DNA_B02_vs_LP6008050-DNA_F01__pv	5403	0	4473	3126	8039	2826
LP6008051-DNA_B03_vs_LP6008050-DNA_G02__pv	6449	5107	0	37546	0	1396
LP6008051-DNA_C01_vs_LP6008050-DNA_E02__pv	7320	2143	3691	3937	4688	1952
LP6008051-DNA_C02_vs_LP6008050-DNA_G01__pv	1936	6627	729	7169	2175	1600
LP6008051-DNA_C03_vs_LP6008050-DNA_G02__pv	6929	7360	0	38976	209	1630
LP6008051-DNA_D01_vs_LP6008050-DNA_F02__pv	6130	3763	3991	3587	8835	1555
LP6008051-DNA_D03_vs_LP6008050-DNA_G02__pv	6145	3539	0	37919	810	1688
LP6008051-DNA_E01_vs_LP6008050-DNA_A01__pv	4053	6337	2724	2460	3779	1055
LP6008051-DNA_E02_vs_LP6008050-DNA_A02__pv	3669	7845	158	974	10694	319
LP6008051-DNA_E03_vs_LP6008050-DNA_G02__pv	6828	4482	0	37626	0	1332
LP6008051-DNA_F01_vs_LP6008050-DNA_B01__pv	5720	2301	3857	2298	5054	1544
LP6008051-DNA_F02_vs_LP6008050-DNA_B02__pv	2038	12137	1670	1292	7142	4276
LP6008051-DNA_F03_vs_LP6008050-DNA_G02__pv	6745	4122	0	37384	0	1354
LP6008051-DNA_G01_vs_LP6008050-DNA_C01__pv	1817	3827	619	3610	1535	5380
LP6008051-DNA_G02_vs_LP6008050-DNA_B02__pv	279	342	1541	228	2202	580
LP6008051-DNA_G03_vs_LP6008050-DNA_G02__pv	7106	5917	0	37808	184	1467
LP6008051-DNA_H03_vs_LP6008050-DNA_G02__pv	6827	4448	0	37362	0	1380
LP6008139-DNA_A01_vs_LP6008140-DNA_A01__pv	8263	5620	330	8906	4812	875
LP6008139-DNA_A02_vs_LP6008140-DNA_A01__pv	7997	4838	103	7500	4282	789
LP6008139-DNA_A03_vs_LP2000102-DNA_A01__pv	6996	2531	0	3078	8146	5361
LP6008139-DNA_B01_vs_LP6008140-DNA_A01__pv	8303	5742	242	8993	5193	821
LP6008139-DNA_B02_vs_LP6008140-DNA_A01__pv	6787	3573	281	5650	2811	617
LP6008139-DNA_B03_vs_LP6005408-DNA_H03__pv	12572	5659	2215	7602	2619	1050
LP6008139-DNA_C01_vs_LP6008140-DNA_A01__pv	7643	4590	693	6947	4201	788
LP6008139-DNA_C02_vs_LP6008140-DNA_A01__pv	5826	5771	0	15877	3198	609
LP6008139-DNA_C03_vs_LP6005408-DNA_H03__pv	12385	5454	2346	7659	2283	1056
LP6008139-DNA_D01_vs_LP6008140-DNA_A01__pv	7431	4556	1194	5894	4345	851
LP6008139-DNA_D02_vs_LP6008140-DNA_A01__pv	7438	5213	446	8961	3981	722
LP6008139-DNA_D03_vs_LP6008140-DNA_A01__pv	10682	1049	1056	3474	2507	488
LP6008139-DNA_E01_vs_LP6008140-DNA_A01__pv	6116	6118	0	15273	3370	710
LP6008139-DNA_E02_vs_LP6008140-DNA_A01__pv	8553	5321	566	8393	4850	911
LP6008139-DNA_F01_vs_LP6008140-DNA_A01__pv	8422	5848	638	9160	4445	891
LP6008139-DNA_F02_vs_LP6008140-DNA_A01__pv	8387	4217	1176	5521	4850	877
LP6008139-DNA_G01_vs_LP6008140-DNA_A01__pv	8847	6019	590	8116	5276	1020
LP6008139-DNA_G02_vs_LP6008140-DNA_A01__pv	6095	434	122	2169	522	0
LP6008139-DNA_H01_vs_LP6008140-DNA_A01__pv	8723	5145	636	6907	4654	903
LP6008139-DNA_H02_vs_LP2000102-DNA_A01__pv	6953	2666	0	3073	8442	5385
LP6008141-DNA_A01_vs_LP6008138-DNA_A01__pv	10267	0	7012	855	8486	2105
LP6008141-DNA_A02_vs_LP6008138-DNA_A02__pv	71548	730	0	1183	11673	0
LP6008141-DNA_A03_vs_LP6008138-DNA_F01__pv	5867	727	808	3414	1004	346
LP6008141-DNA_B01_vs_LP6008138-DNA_B01__pv	5641	1671	2723	6175	3411	3332
LP6008141-DNA_B02_vs_LP6008138-DNA_B02__pv	5302	1972	2833	0	6680	1807
LP6008141-DNA_B03_vs_LP6008138-DNA_H01__pv	4045	649	2739	3169	3890	310
LP6008141-DNA_C01_vs_LP6008138-DNA_C01__pv	4835	990	2244	2465	6358	1964
LP6008141-DNA_C02_vs_LP6008138-DNA_C02__pv	22169	4006	445	25783	5902	159
LP6008141-DNA_C03_vs_LP6008032-DNA_A03__pv	1795	4540	1993	1065	4365	2251
LP6008141-DNA_D01_vs_LP6008138-DNA_D01__pv	1160	8763	0	5157	4873	13604
LP6008141-DNA_D02_vs_LP6008138-DNA_D02__pv	14884	2899	0	43531	0	7559
LP6008141-DNA_E01_vs_LP6008138-DNA_E01__pv	3917	5920	2516	4859	4633	2298
LP6008141-DNA_E02_vs_LP6008138-DNA_E02__pv	9185	4320	2159	5925	3093	2741
LP6008141-DNA_F01_vs_LP6008138-DNA_F01__pv	5190	4982	988	1595	2184	1720
LP6008141-DNA_F02_vs_LP6008138-DNA_F02__pv	23865	3482	0	24612	2382	1190
LP6008141-DNA_G01_vs_LP6008138-DNA_G01__pv	765	1378	3731	853	3093	2345
LP6008141-DNA_G02_vs_LP6008138-DNA_G02__pv	13067	1906	1273	7501	5206	1704
LP6008141-DNA_H01_vs_LP6008138-DNA_H01__pv	1176	6418	1079	628	3172	1430
LP6008141-DNA_H02_vs_LP6008138-DNA_H02__pv	3009	1584	302	194	10430	2028
LP6008143-DNA_A01_vs_LP6008144-DNA_A01__pv	8518	2844	4590	5965	7370	933
LP6008143-DNA_A02_vs_LP6008144-DNA_A01__pv	4213	1423	4298	3972	6717	860
LP6008143-DNA_B01_vs_LP6008144-DNA_A01__pv	7871	2720	4280	5535	7199	862
LP6008143-DNA_B02_vs_LP6008144-DNA_A01__pv	3542	989	947	1554	2313	151
LP6008143-DNA_C01_vs_LP6008144-DNA_A01__pv	15969	3880	5021	4482	7893	829
LP6008143-DNA_C02_vs_LP6008144-DNA_A01__pv	29793	4861	5552	1266	7892	431
LP6008143-DNA_D01_vs_LP6008144-DNA_A01__pv	13976	3673	4369	6111	7615	725
LP6008143-DNA_D02_vs_LP6008144-DNA_A01__pv	13501	3662	4685	4599	7721	809
LP6008143-DNA_E01_vs_LP6008144-DNA_A01__pv	13009	3355	4634	4343	7475	797
LP6008143-DNA_E02_vs_LP6008144-DNA_A01__pv	13137	3540	4390	4382	7441	778
LP6008143-DNA_F01_vs_LP6008144-DNA_A01__pv	302	118	75	283	373	25
LP6008143-DNA_F02_vs_LP6008144-DNA_A01__pv	15277	4215	4729	4986	7869	829
LP6008143-DNA_G01_vs_LP6008144-DNA_A01__pv	10040	2692	4663	4425	7296	899
LP6008143-DNA_G02_vs_LP6008144-DNA_A01__pv	13359	3548	4653	4541	7632	765
LP6008143-DNA_H01_vs_LP6008144-DNA_A01__pv	11684	3338	3707	3722	6616	697
LP6008143-DNA_H02_vs_LP6008144-DNA_A01__pv	17377	3981	4540	4740	7587	663
LP6008202-DNA_A01_vs_LP6008201-DNA_A01__pv	1564	120982	62454	4829	0	13318
LP6008202-DNA_A02_vs_LP6008201-DNA_A02__pv	21182	1916	0	20829	0	2918
LP6008202-DNA_A03_vs_LP6008201-DNA_A03__pv	63	1852	0	220	1507	2098
LP6008202-DNA_B01_vs_LP6008201-DNA_B01__pv	12957	5743	0	12490	5361	3510
LP6008202-DNA_B02_vs_LP6008201-DNA_B02__pv	5290	3122	4526	2239	9073	1419
LP6008202-DNA_B03_vs_LP6008201-DNA_B03__pv	0	0	0	4749	0	0
LP6008202-DNA_C01_vs_LP6008201-DNA_C01__pv	6030	26027	11664	6893	5437	4881
LP6008202-DNA_C02_vs_LP6008201-DNA_C02__pv	2058	1473	2108	473	2986	1409
LP6008202-DNA_C03_vs_LP6008201-DNA_C03__pv	5542	3000	2709	3251	4428	890
LP6008202-DNA_D01_vs_LP6008201-DNA_D01__pv	0	50698	26073	943	0	5416
LP6008202-DNA_D02_vs_LP6008201-DNA_D02__pv	745	2899	3167	2128	5913	2315
LP6008202-DNA_D03_vs_LP6008201-DNA_D03__pv	8871	1718	98	1598	2627	4560
LP6008202-DNA_E01_vs_LP6008201-DNA_E01__pv	10673	14006	0	6516	13430	2229
LP6008202-DNA_E02_vs_LP6008201-DNA_E02__pv	3169	3037	3174	1360	2939	1171
LP6008202-DNA_E03_vs_LP6008201-DNA_D01__pv	0	42524	19577	974	1444	5157
LP6008202-DNA_F02_vs_LP6008201-DNA_F02__pv	2953	2325	3533	868	3856	1723
LP6008202-DNA_G01_vs_LP6008201-DNA_G01__pv	836	6689	4148	449	6851	1153
LP6008202-DNA_G02_vs_LP6008201-DNA_G02__pv	13983	5250	625	3530	2961	1883
LP6008202-DNA_H01_vs_LP6008201-DNA_H01__pv	8630	17044	9176	7101	2124	2846
LP6008202-DNA_H02_vs_LP6008201-DNA_H02__pv	7419	3307	2280	868	2819	2924
LP6008208-DNA_A01_vs_LP6008203-DNA_A01__pv	0	1095	1836	98	2099	845
LP6008208-DNA_A02_vs_LP6005979-DNA_A01__pv	34681	3249	1708	11809	4610	1760
LP6008208-DNA_B01_vs_LP6008203-DNA_A01__pv	0	152	127	17	126	136
LP6008208-DNA_B02_vs_LP6005979-DNA_A01__pv	0	70	23	2	0	0
LP6008208-DNA_C01_vs_LP6008203-DNA_A01__pv	0	1064	1967	88	3114	916
LP6008208-DNA_C02_vs_LP6005979-DNA_A01__pv	7611	1949	4689	5715	5991	3132
LP6008208-DNA_D01_vs_LP6008203-DNA_A01__pv	0	995	2251	116	1969	811
LP6008208-DNA_E01_vs_LP6008203-DNA_A01__pv	0	858	2312	96	1961	817
LP6008208-DNA_F01_vs_LP6008203-DNA_A01__pv	0	1058	2269	111	1874	872
LP6008208-DNA_G01_vs_LP6008203-DNA_A01__pv	0	928	2008	127	1544	840
LP6008208-DNA_H01_vs_LP6005979-DNA_A01__pv	7354	1836	4626	5661	5887	2899
LP6008221-DNA_A01_vs_LP6008220-DNA_A01__pv	23539	0	1167	7929	2848	1046
LP6008221-DNA_A02_vs_LP6008220-DNA_A02__pv	703	5177	1727	785	11082	741
LP6008221-DNA_A03_vs_LP6008220-DNA_A03__pv	1119	1175	3843	1342	7439	1507
LP6008221-DNA_A04_vs_LP6008050-DNA_H01__pv	4724	10354	998	4029	4759	1369
LP6008221-DNA_B01_vs_LP6008220-DNA_B01__pv	0	669	374	171	690	357
LP6008221-DNA_B02_vs_LP6008220-DNA_B02__pv	1908	4010	410	3870	2085	2251
LP6008221-DNA_B03_vs_LP6008220-DNA_B03__pv	8085	2569	3009	2610	4131	1693
LP6008221-DNA_C01_vs_LP6008220-DNA_C01__pv	13806	4130	2590	10740	3625	3879
LP6008221-DNA_C02_vs_LP6008220-DNA_C02__pv	0	928	2282	461	2117	780
LP6008221-DNA_C03_vs_LP6008220-DNA_C03__pv	2183	3294	1352	1444	4093	1842
LP6008221-DNA_D01_vs_LP6008220-DNA_D01__pv	9244	6187	4851	5371	6568	4371
LP6008221-DNA_D02_vs_LP6008220-DNA_D02__pv	8405	1997	683	3689	3808	4163
LP6008221-DNA_D03_vs_LP6008220-DNA_D03__pv	10192	6522	423	20152	632	1705
LP6008221-DNA_E01_vs_LP6008220-DNA_E01__pv	29808	4673	2081	0	2766	268
LP6008221-DNA_E02_vs_LP6008220-DNA_E02__pv	23278	2646	1048	7293	2694	797
LP6008221-DNA_E03_vs_LP6008220-DNA_E03__pv	18226	5024	2415	11986	4059	1757
LP6008221-DNA_F01_vs_LP6008220-DNA_F01__pv	4345	5246	1263	199	3361	1264
LP6008221-DNA_F02_vs_LP6008220-DNA_F02__pv	4355	23510	28853	0	0	2085
LP6008221-DNA_F03_vs_LP6008220-DNA_F03__pv	12992	7451	3381	7569	5974	1014
LP6008221-DNA_G01_vs_LP6008220-DNA_G01__pv	0	3779	1449	231	1789	1681
LP6008221-DNA_G02_vs_LP6008220-DNA_G02__pv	4712	2759	1073	1859	8565	1342
LP6008221-DNA_G03_vs_LP6008220-DNA_H02__pv	594	684	848	852	1076	546
LP6008221-DNA_H01_vs_LP6008220-DNA_H01__pv	1702	0	4694	2256	2591	6029
LP6008221-DNA_H02_vs_LP6008220-DNA_H02__pv	1340	9047	770	2450	6034	2449
LP6008221-DNA_H03_vs_LP6008220-DNA_D03__pv	1521	481	603	1316	1205	264
LP6008267-DNA_A01_vs_LP6008266-DNA_A01__pv	32236	1387	2820	9283	5448	953
LP6008267-DNA_A02_vs_LP6008266-DNA_G01__pv	851	1948	2121	1364	4953	915
LP6008267-DNA_B01_vs_LP6008266-DNA_B01__pv	36521	2839	0	35104	447	770
LP6008267-DNA_B02_vs_LP6008266-DNA_H01__pv	11695	6389	2718	4827	5860	1858
LP6008267-DNA_C01_vs_LP6008266-DNA_C01__pv	15209	2763	3986	112	6201	2143
LP6008267-DNA_C02_vs_LP6008266-DNA_H01__pv	946	723	2991	878	2978	779
LP6008267-DNA_D01_vs_LP6008201-DNA_F01__pv	2308	4049	1415	750	2624	1685
LP6008267-DNA_D02_vs_LP6008266-DNA_A02__pv	2870	10539	4263	0	5521	8367
LP6008267-DNA_E01_vs_LP6008266-DNA_D01__pv	6041	2370	2763	2612	5504	1585
LP6008267-DNA_E02_vs_LP6008266-DNA_A02__pv	3192	5811	1532	1181	6420	1642
LP6008267-DNA_F01_vs_LP6008266-DNA_E01__pv	15512	4188	1208	9203	3293	1447
LP6008267-DNA_G01_vs_LP6008266-DNA_F01__pv	1196	4344	0	897	3982	9320
LP6008267-DNA_H01_vs_LP6008266-DNA_G01__pv	644	2391	4494	1567	5521	2389
LP6008269-DNA_A02_vs_LP6008268-DNA_C02__pv	0	933	1499	413	1719	526
LP6008269-DNA_A03_vs_LP6008268-DNA_C03__pv	92535	0	0	50351	0	0
LP6008269-DNA_A04_vs_LP6008268-DNA_C04__pv	1389	810	1571	1231	1932	520
LP6008269-DNA_A05_vs_LP6008268-DNA_C05__pv	1842	0	4101	2695	6391	1655
LP6008269-DNA_A06_vs_LP6008268-DNA_B06__pv	0	1512	2575	720	2778	1205
LP6008269-DNA_A08_vs_LP6008268-DNA_A08__pv	9351	1778	2421	2664	5470	1791
LP6008269-DNA_A09_vs_LP6008268-DNA_A09__pv	2144	1460	2774	1732	5617	1406
LP6008269-DNA_A10_vs_LP6008268-DNA_A10__pv	785	3507	2818	1839	6065	1498
LP6008269-DNA_B02_vs_LP6008268-DNA_D02__pv	1417	809	3156	1173	3273	867
LP6008269-DNA_B03_vs_LP6008268-DNA_D03__pv	418	1318	1559	1233	1309	398
LP6008269-DNA_B05_vs_LP6008268-DNA_D05__pv	13445	3100	1834	1536	5433	1433
LP6008269-DNA_B06_vs_LP6008268-DNA_C06__pv	26631	2739	5129	4209	6252	2121
LP6008269-DNA_B07_vs_LP6008268-DNA_B07__pv	0	3434	1708	223	2174	988
LP6008269-DNA_B08_vs_LP6008268-DNA_B08__pv	6973	1387	1101	858	2180	586
LP6008269-DNA_B09_vs_LP6008268-DNA_B09__pv	939	1142	4311	865	6079	1549
LP6008269-DNA_B10_vs_LP6008268-DNA_B10__pv	4346	5998	2370	2686	9743	2373
LP6008269-DNA_C04_vs_LP6008268-DNA_E04__pv	0	598564	405407	10072	0	63151
LP6008269-DNA_C05_vs_LP6008268-DNA_E05__pv	13482	1130	2171	8195	4847	723
LP6008269-DNA_C06_vs_LP6008268-DNA_D06__pv	1546	9366	784	1046	5592	967
LP6008269-DNA_C07_vs_LP6008268-DNA_C07__pv	2895	1920	4705	1054	5800	3067
LP6008269-DNA_C08_vs_LP6008268-DNA_C08__pv	9689	5560	511	10182	8122	1397
LP6008269-DNA_C09_vs_LP6008268-DNA_C09__pv	12835	2320	0	10068	1183	1236
LP6008269-DNA_C10_vs_LP6008268-DNA_C10__pv	2339	64	3768	3338	2386	642
LP6008269-DNA_D02_vs_LP6008268-DNA_F02__pv	2670	3571	3506	2497	4380	2562
LP6008269-DNA_D03_vs_LP6008268-DNA_F03__pv	3992	0	6411	2566	5623	1253
LP6008269-DNA_D04_vs_LP6008268-DNA_F04__pv	504	208	1751	470	1993	452
LP6008269-DNA_D05_vs_LP6008268-DNA_F05__pv	2573	2611	50071	2869	2862	661
LP6008269-DNA_D06_vs_LP6008268-DNA_E06__pv	2080	2144	2167	2429	3892	948
LP6008269-DNA_D07_vs_LP6008268-DNA_D07__pv	7200	1909	2157	6193	6935	1217
LP6008269-DNA_D08_vs_LP6008268-DNA_D08__pv	63845	0	0	47490	0	0
LP6008269-DNA_D09_vs_LP6008268-DNA_D09__pv	0	599977	409782	9967	0	64211
LP6008269-DNA_D10_vs_LP6008268-DNA_D10__pv	3535	6298	2811	4899	7001	2191
LP6008269-DNA_E01_vs_LP6008268-DNA_E01__pv	2794	2489	2314	761	5720	994
LP6008269-DNA_E02_vs_LP6008268-DNA_G02__pv	6728	1190	1859	7080	2740	2713
LP6008269-DNA_E03_vs_LP6008268-DNA_G03__pv	0	1424	3097	2611	3885	1021
LP6008269-DNA_E04_vs_LP6008268-DNA_G04__pv	27915	1339	691	10124	6773	748
LP6008269-DNA_E06_vs_LP6008268-DNA_F06__pv	176	2666	1684	382	1635	820
LP6008269-DNA_E07_vs_LP6008268-DNA_E07__pv	11425	13790	65696	0	10274	0
LP6008269-DNA_E08_vs_LP6008268-DNA_E08__pv	3815	4031	1285	3838	3066	1798
LP6008269-DNA_E09_vs_LP6008268-DNA_E09__pv	107	1641	1815	510	1297	885
LP6008269-DNA_E10_vs_LP6008268-DNA_E10__pv	9018	5275	1668	2996	5874	2151
LP6008269-DNA_F01_vs_LP6008268-DNA_H01__pv	668	753	1165	416	986	296
LP6008269-DNA_F02_vs_LP6008268-DNA_H02__pv	4094	3891	1639	1171	3919	1760
LP6008269-DNA_F03_vs_LP6008268-DNA_H03__pv	4227	2921	2601	0	6060	3086
LP6008269-DNA_F04_vs_LP6008268-DNA_H04__pv	621	673	2318	1352	4582	1454
LP6008269-DNA_F06_vs_LP6008268-DNA_G06__pv	1580	2511	2215	1122	3340	982
LP6008269-DNA_F07_vs_LP6008268-DNA_F07__pv	0	0	2954	278	721	535
LP6008269-DNA_F08_vs_LP6008268-DNA_F08__pv	14539	4487	1050	0	3938	1914
LP6008269-DNA_F09_vs_LP6008268-DNA_F09__pv	1245	2628	3632	1508	3656	1357
LP6008269-DNA_G01_vs_LP6008268-DNA_A02__pv	4072	1371	0	9313	160	89
LP6008269-DNA_G02_vs_LP6008268-DNA_A03__pv	2678	2030	2707	969	3104	1877
LP6008269-DNA_G03_vs_LP6008268-DNA_A04__pv	21144	1993	0	18168	3334	616
LP6008269-DNA_G04_vs_LP6008268-DNA_A05__pv	587	488	3405	1260	1672	738
LP6008269-DNA_G06_vs_LP6008268-DNA_H06__pv	15952	1204	1691	18997	3359	1998
LP6008269-DNA_G07_vs_LP6008268-DNA_G07__pv	9240	539	142	8864	1101	298
LP6008269-DNA_G08_vs_LP6008268-DNA_G08__pv	4210	3253	2666	2910	3165	1259
LP6008269-DNA_G09_vs_LP6008268-DNA_G09__pv	0	31	56	5	9	0
LP6008269-DNA_H01_vs_LP6008268-DNA_B02__pv	0	402	639	113	226	124
LP6008269-DNA_H02_vs_LP6008268-DNA_B03__pv	22603	2001	3072	9333	2719	1108
LP6008269-DNA_H03_vs_LP6008268-DNA_B04__pv	305	889	3155	3886	2389	1888
LP6008269-DNA_H05_vs_LP6008268-DNA_A06__pv	5436	5015	4662	1712	6881	3969
LP6008269-DNA_H06_vs_LP6008268-DNA_A07__pv	9617	4282	2824	832	4944	1947
LP6008269-DNA_H07_vs_LP6008268-DNA_H07__pv	4906	1431	0	12976	1829	939
LP6008269-DNA_H08_vs_LP6008268-DNA_H08__pv	1587	11769	0	2467	5431	5223
LP6008269-DNA_H09_vs_LP6008268-DNA_H09__pv	28315	9629	0	15440	0	3226
LP6008280-DNA_A01_vs_LP6008264-DNA_A01__pv	3136	2199	2086	2600	5425	1662
LP6008280-DNA_A02_vs_LP6008264-DNA_A02__pv	6221	2631	774	1149	2978	672
LP6008280-DNA_A03_vs_LP6008264-DNA_A03__pv	385	0	7836	2056	5566	2428
LP6008280-DNA_A04_vs_LP6008264-DNA_H03__pv	2083	5312	0	6601	1080	1890
LP6008280-DNA_A05_vs_LP6008264-DNA_H04__pv	2464	897	996	279	1773	272
LP6008280-DNA_A07_vs_LP6008264-DNA_H06__pv	3458	831	1456	740	1344	441
LP6008280-DNA_B01_vs_LP6008264-DNA_B01__pv	3622	2837	35753	0	6904	735
LP6008280-DNA_B02_vs_LP6008264-DNA_B02__pv	0	277	3832	173	2557	807
LP6008280-DNA_B03_vs_LP6008264-DNA_B03__pv	375	376	2429	491	3524	4392
LP6008280-DNA_B04_vs_LP6008264-DNA_A04__pv	23	91	57	0	0	4
LP6008280-DNA_B05_vs_LP6008264-DNA_A05__pv	8980	3387	1650	5197	10511	949
LP6008280-DNA_C01_vs_LP6008264-DNA_C01__pv	30964	1987	2953	6264	5022	1371
LP6008280-DNA_C02_vs_LP6008264-DNA_C02__pv	13639	2936	1577	9941	1862	4040
LP6008280-DNA_C03_vs_LP6008264-DNA_C03__pv	3132	0	0	1155	11227	18746
LP6008280-DNA_C04_vs_LP6008264-DNA_B04__pv	12	116	93	0	0	8
LP6008280-DNA_C05_vs_LP6008264-DNA_B05__pv	1652	1492	3538	1468	2645	807
LP6008280-DNA_C06_vs_LP6008264-DNA_B06__pv	6077	985	825	4828	1331	206
LP6008280-DNA_D02_vs_LP6008264-DNA_D02__pv	10269	4482	1324	1658	2735	1861
LP6008280-DNA_D03_vs_LP6008264-DNA_H01__pv	0	107	208	10	33	26
LP6008280-DNA_D05_vs_LP6008264-DNA_E04__pv	3426	928	1903	2761	1400	777
LP6008280-DNA_E01_vs_LP6008264-DNA_E01__pv	12018	4148	2787	0	5730	1451
LP6008280-DNA_E02_vs_LP6008264-DNA_E02__pv	13758	4337	1700	11239	3893	3153
LP6008280-DNA_E03_vs_LP6008264-DNA_D03__pv	6324	1292	540	3354	1745	574
LP6008280-DNA_E04_vs_LP6008264-DNA_D04__pv	9907	0	5087	3432	9050	909
LP6008280-DNA_E05_vs_LP6008264-DNA_D05__pv	3317	937	10	7645	195	137
LP6008280-DNA_F01_vs_LP6008264-DNA_F01__pv	16372	10799	2422	2524	7288	2713
LP6008280-DNA_F02_vs_LP6008264-DNA_F02__pv	4172	2549	6257	4863	5548	1151
LP6008280-DNA_F03_vs_LP6008264-DNA_E03__pv	28132	1141	0	25127	1121	891
LP6008280-DNA_F05_vs_LP6008264-DNA_E05__pv	2698	1399	1576	2993	2707	821
LP6008280-DNA_F06_vs_LP6008264-DNA_E06__pv	4581	34	4338	2389	3697	517
LP6008280-DNA_G01_vs_LP6008264-DNA_G01__pv	434	451	173	679	25	41
LP6008280-DNA_G02_vs_LP6008264-DNA_G02__pv	398	1951	2001	384	3191	1105
LP6008280-DNA_G03_vs_LP6008264-DNA_F03__pv	670	1486	2986	792	3087	941
LP6008280-DNA_G04_vs_LP6008264-DNA_F04__pv	1779	976	2370	816	2098	1914
LP6008280-DNA_G05_vs_LP6008264-DNA_F05__pv	3390	741	3735	3165	4635	1057
LP6008280-DNA_G06_vs_LP6008264-DNA_F06__pv	0	591	924	127	861	287
LP6008280-DNA_H01_vs_LP6008264-DNA_H01__pv	1803	2023	3516	1419	5310	1118
LP6008280-DNA_H02_vs_LP6008264-DNA_H02__pv	16758	8121	0	10064	4425	3162
LP6008280-DNA_H04_vs_LP6008264-DNA_G04__pv	8467	543	5249	2044	4567	1230
LP6008280-DNA_H05_vs_LP6008264-DNA_G05__pv	4950	1201	2092	0	2522	553
LP6008280-DNA_H06_vs_LP6008264-DNA_G06__pv	14356	1513	0	8104	6294	907
LP6008334-DNA_A01_vs_LP6008335-DNA_A01__pv	113135	7006	579	18117	0	0
LP6008334-DNA_A03_vs_LP6008335-DNA_E02__pv	5755	2201	1932	4904	6657	9403
LP6008334-DNA_A04_vs_LP6008335-DNA_E03__pv	1982	3281	4727	2208	8289	1584
LP6008334-DNA_B01_vs_LP6008335-DNA_B01__pv	5455	2567	2825	3416	4580	1499
LP6008334-DNA_B02_vs_LP6008335-DNA_F01__pv	4941	3624	205	1891	5138	1189
LP6008334-DNA_B03_vs_LP6008335-DNA_F02__pv	43843	10212	116209	34371	9764	0
LP6008334-DNA_C01_vs_LP6008335-DNA_C01__pv	4056	2966	3212	2042	5930	1773
LP6008334-DNA_C02_vs_LP6008335-DNA_G01__pv	3428	2753	1008	3995	9607	6586
LP6008334-DNA_C03_vs_LP6008335-DNA_G02__pv	1903	6265	4857	6416	3923	2181
LP6008334-DNA_D01_vs_LP6008335-DNA_D01__pv	5200	1850	2143	752	4007	1922
LP6008334-DNA_D02_vs_LP6008335-DNA_H01__pv	7625	8414	486	9061	5017	2491
LP6008334-DNA_D03_vs_LP6008335-DNA_H02__pv	18033	6779	0	3491	19836	1772
LP6008334-DNA_E01_vs_LP6008335-DNA_A01__pv	3010	734	323	3281	678	1482
LP6008334-DNA_E02_vs_LP6008335-DNA_A02__pv	5745	3636	1563	1909	5417	1367
LP6008334-DNA_E03_vs_LP6008335-DNA_A03__pv	4084	7212	3740	3552	7588	2356
LP6008334-DNA_F01_vs_LP6008335-DNA_B01__pv	0	0	4843	1217	9158	800
LP6008334-DNA_F02_vs_LP6008335-DNA_B02__pv	8147	1387	1277	2037	4123	789
LP6008334-DNA_F03_vs_LP6008335-DNA_B03__pv	112	1237	4039	1052	5042	1068
LP6008334-DNA_G01_vs_LP6008335-DNA_C01__pv	1647	805	1034	657	1882	337
LP6008334-DNA_G02_vs_LP6008335-DNA_C02__pv	5135	3751	1335	2572	3718	1719
LP6008334-DNA_G03_vs_LP6008335-DNA_C03__pv	0	1293	2815	80	2494	2017
LP6008334-DNA_H01_vs_LP6008335-DNA_D01__pv	2595	2689	2273	736	4026	1033
LP6008334-DNA_H02_vs_LP6008335-DNA_D02__pv	1404	6044	3258	2262	5238	1631
LP6008334-DNA_H03_vs_LP6008335-DNA_D03__pv	7464	3949	2429	9240	3938	4201
LP6008336-DNA_A01_vs_LP6008333-DNA_A01__pv	0	4120	2039	404	5097	1051
LP6008336-DNA_A02_vs_LP6008333-DNA_A02__pv	0	1090	2480	120	1837	929
LP6008336-DNA_A03_vs_LP6008333-DNA_A03__pv	0	1410	638	141	1800	628
LP6008336-DNA_B01_vs_LP6008333-DNA_B01__pv	259	1732	1824	728	2660	1415
LP6008336-DNA_B02_vs_LP6008333-DNA_B02__pv	1375	440	3234	3344	1382	1537
LP6008336-DNA_B03_vs_LP6008333-DNA_B03__pv	0	458	834	101	278	149
LP6008336-DNA_C01_vs_LP6008333-DNA_C01__pv	688	3930	581	303	8488	2210
LP6008336-DNA_C02_vs_LP6008333-DNA_C02__pv	3403	810	596	881	2102	239
LP6008336-DNA_C03_vs_LP6008333-DNA_C03__pv	424	2613	2492	1080	3892	2279
LP6008336-DNA_D01_vs_LP6008333-DNA_D01__pv	4898	12020	48749	0	3277	1377
LP6008336-DNA_D02_vs_LP6008333-DNA_D02__pv	0	104	64	3	0	0
LP6008336-DNA_D03_vs_LP6008333-DNA_D03__pv	13647	6824	0	8326	7187	2072
LP6008336-DNA_E01_vs_LP6008333-DNA_E01__pv	13819	4829	1141	0	4679	1710
LP6008336-DNA_E02_vs_LP6008333-DNA_E02__pv	21687	1745	268	21551	2589	549
LP6008336-DNA_E03_vs_LP6008333-DNA_E03__pv	255	1430	1447	632	885	576
LP6008336-DNA_F02_vs_LP6008333-DNA_F02__pv	1867	2950	925	552	3412	2734
LP6008336-DNA_F03_vs_LP6008333-DNA_F03__pv	1461	4022	4322	1047	5937	10950
LP6008336-DNA_G01_vs_LP6008333-DNA_G01__pv	2613	2435	2305	212	3511	894
LP6008336-DNA_G02_vs_LP6008333-DNA_G02__pv	3412	6045	571	3558	1318	1334
LP6008336-DNA_G03_vs_LP6008333-DNA_G03__pv	4744	6561	236	825	9008	1946
LP6008336-DNA_H01_vs_LP6008333-DNA_H01__pv	4167	4335	1865	1851	9181	2074
LP6008336-DNA_H02_vs_LP6008333-DNA_H02__pv	0	34	92	3	0	2
LP6008336-DNA_H03_vs_LP6008333-DNA_H03__pv	496	748	0	678	11964	1034
LP6008337-DNA_A01_vs_LP6008338-DNA_A01__pv	1939	1104	761	576	1268	498
LP6008337-DNA_A02_vs_LP6008338-DNA_A02__pv	2028	1595	1329	709	2471	1034
LP6008337-DNA_A03_vs_LP6008338-DNA_A03__pv	4671	3616	1068	3102	3299	2170
LP6008337-DNA_A04_vs_LP6008338-DNA_A04__pv	1735	686	812	1000	1319	287
LP6008337-DNA_A06_vs_LP6008338-DNA_G05__pv	6117	3228	2245	1920	6610	2053
LP6008337-DNA_A07_vs_LP6008338-DNA_E06__pv	0	413	17	0	733	11692
LP6008337-DNA_B02_vs_LP6008338-DNA_B02__pv	110	1018	1358	648	1168	510
LP6008337-DNA_B03_vs_LP6008338-DNA_B03__pv	1951	1101	1434	1240	2071	605
LP6008337-DNA_B04_vs_LP6008338-DNA_B04__pv	0	618162	419838	10991	0	63809
LP6008337-DNA_B05_vs_LP6008338-DNA_A05__pv	4024	1136	1044	1843	1877	451
LP6008337-DNA_B07_vs_LP6008338-DNA_F06__pv	3390	4733	2452	963	8255	1446
LP6008337-DNA_C01_vs_LP6008338-DNA_C01__pv	6057	1825	3293	3777	4048	1719
LP6008337-DNA_C02_vs_LP6008338-DNA_C02__pv	0	723	2242	314	3467	848
LP6008337-DNA_C03_vs_LP6008338-DNA_C03__pv	7019	0	3943	1796	5210	1278
LP6008337-DNA_C04_vs_LP6008338-DNA_C04__pv	3493	1610	222	6676	1174	537
LP6008337-DNA_C05_vs_LP6008338-DNA_B05__pv	4433	1586	885	2131	4689	517
LP6008337-DNA_D01_vs_LP6008338-DNA_D01__pv	781	579	2146	89	1742	442
LP6008337-DNA_D02_vs_LP6008338-DNA_D02__pv	435	612	774	378	661	200
LP6008337-DNA_D03_vs_LP6008338-DNA_D03__pv	1279	1643	3262	1169	3721	934
LP6008337-DNA_D04_vs_LP6008338-DNA_D04__pv	952	986	463	260	1185	204
LP6008337-DNA_D05_vs_LP6008338-DNA_C05__pv	168	231	1841	167	2168	384
LP6008337-DNA_D06_vs_LP6008338-DNA_A06__pv	34878	6179	0	15766	13712	1293
LP6008337-DNA_E01_vs_LP6008338-DNA_E01__pv	7338	597	1282	2823	2768	291
LP6008337-DNA_E03_vs_LP6008338-DNA_E03__pv	4461	1750	1845	1585	2413	915
LP6008337-DNA_E04_vs_LP6008338-DNA_E04__pv	6599	1476	873	4038	6899	524
LP6008337-DNA_E05_vs_LP6008338-DNA_D05__pv	3226	597	1699	2439	1651	364
LP6008337-DNA_F01_vs_LP6008338-DNA_F01__pv	274	550	577	164	742	269
LP6008337-DNA_F02_vs_LP6008338-DNA_F02__pv	3616	2541	2620	2522	4465	1373
LP6008337-DNA_F03_vs_LP6008338-DNA_F03__pv	3726	1414	984	2127	3394	513
LP6008337-DNA_F04_vs_LP6008338-DNA_F04__pv	10933	1354	5067	5638	5649	525
LP6008337-DNA_F05_vs_LP6008338-DNA_E05__pv	4918	2852	4484	4337	11071	2695
LP6008337-DNA_F06_vs_LP6008338-DNA_C06__pv	20531	1123	678	8027	3077	565
LP6008337-DNA_G01_vs_LP6008338-DNA_G01__pv	2813	1350	3762	2465	5723	1284
LP6008337-DNA_G02_vs_LP6008338-DNA_G02__pv	6677	1526	1176	1070	3013	487
LP6008337-DNA_G03_vs_LP6008338-DNA_G03__pv	8357	1610	1745	4231	5810	850
LP6008337-DNA_G04_vs_LP6008338-DNA_G04__pv	5478	161	3405	0	2619	486
LP6008337-DNA_G05_vs_LP6008338-DNA_F05__pv	4081	1742	1134	161	2415	794
LP6008337-DNA_G06_vs_LP6008338-DNA_C06__pv	21587	712	3288	5437	5113	635
LP6008337-DNA_H01_vs_LP6008338-DNA_H01__pv	355	226	1860	823	1666	327
LP6008337-DNA_H02_vs_LP6008338-DNA_H02__pv	59487	390	0	34174	3970	0
LP6008337-DNA_H03_vs_LP6008338-DNA_H03__pv	2150	2009	1968	1144	1960	404
LP6008337-DNA_H04_vs_LP6008338-DNA_H04__pv	4973	1308	782	5397	1831	574
LP6008337-DNA_H06_vs_LP6008338-DNA_D06__pv	16099	4717	0	17013	4531	1642
LP6008341-DNA_A01_vs_LP6008340-DNA_A01__pv	3950	130	2928	4110	4714	607
LP6008341-DNA_A03_vs_LP6008340-DNA_F02__pv	0	618765	417131	18764	0	64124
LP6008341-DNA_B01_vs_LP6008340-DNA_B01__pv	11706	4048	0	14281	1888	2391
LP6008341-DNA_B03_vs_LP6008340-DNA_G02__pv	1047	608	1922	702	1388	544
LP6008341-DNA_C01_vs_LP6008340-DNA_C01__pv	8978	809	2237	2291	2877	1570
LP6008341-DNA_D01_vs_LP6008340-DNA_D01__pv	18457	4183	3454	8624	6847	3190
LP6008341-DNA_D02_vs_LP6008340-DNA_A02__pv	0	74	106	11	16	21
LP6008341-DNA_E01_vs_LP6008340-DNA_E01__pv	4029	1234	43	4755	1586	982
LP6008341-DNA_E02_vs_LP6008340-DNA_B02__pv	12571	1734	409	4131	4170	504
LP6008341-DNA_F01_vs_LP6008340-DNA_F01__pv	2924	1234	1157	2880	3475	417
LP6008341-DNA_F02_vs_LP6008340-DNA_C02__pv	2542	3533	2092	2536	3235	1780
LP6008341-DNA_G01_vs_LP6008340-DNA_G01__pv	4139	2218	3709	3538	4429	1235
LP6008341-DNA_G02_vs_LP6008340-DNA_D02__pv	757	885	1813	1037	1631	654
LP6008341-DNA_H01_vs_LP6008340-DNA_H01__pv	12179	5682	2458	12032	8138	3873
LP6008341-DNA_H02_vs_LP6008340-DNA_E02__pv	2988	843	918	5550	1796	438
LP6008460-DNA_A01_vs_LP6008340-DNA_A02__pv	3085	1429	5047	3125	2487	1908
LP6008460-DNA_A02_vs_LP6008340-DNA_C04__pv	8418	1020	3489	4794	4043	1871
LP6008460-DNA_A03_vs_LP6008340-DNA_G04__pv	4946	3386	1054	2827	5162	3023
LP6008460-DNA_A04_vs_LP6008340-DNA_D05__pv	1677	2958	5109	2063	4884	1848
LP6008460-DNA_B01_vs_LP6008340-DNA_A03__pv	0	0	6219	1893	3624	2233
LP6008460-DNA_B02_vs_LP6008340-DNA_D02__pv	6765	7603	4143	1912	6806	2684
LP6008460-DNA_B03_vs_LP6008340-DNA_H03__pv	800	1403	2933	859	3580	2162
LP6008460-DNA_B04_vs_LP6008340-DNA_F02__pv	0	557024	354113	17238	0	57022
LP6008460-DNA_C01_vs_LP6008340-DNA_B03__pv	2869	6491	1580	1238	6862	7332
LP6008460-DNA_C02_vs_LP6008340-DNA_D03__pv	167	1649	1450	234	2432	1549
LP6008460-DNA_C03_vs_LP6008340-DNA_H05__pv	3804	1923	2465	2009	1938	1022
LP6008460-DNA_C04_vs_LP6008340-DNA_F03__pv	6145	22604	82315	0	0	0
LP6008460-DNA_D01_vs_LP6008340-DNA_E02__pv	0	2960	0	25201	318	2937
LP6008460-DNA_D02_vs_LP6008340-DNA_E03__pv	862	4924	0	0	3924	1213
LP6008460-DNA_D03_vs_LP6008340-DNA_A05__pv	2024	1929	3123	1814	2314	2060
LP6008460-DNA_E01_vs_LP6008340-DNA_F04__pv	906	2515	1472	1731	3338	1257
LP6008460-DNA_E02_vs_LP6008340-DNA_E04__pv	759	5670	1132	69	8437	2995
LP6008460-DNA_E03_vs_LP6008340-DNA_B06__pv	2255	4978	3269	1607	12718	2655
LP6008460-DNA_E04_vs_LP6008340-DNA_H02__pv	4206	2973	2922	1900	5643	2227
LP6008460-DNA_F01_vs_LP6008340-DNA_B02__pv	13611	2805	2223	4494	4913	1087
LP6008460-DNA_F02_vs_LP6008340-DNA_E05__pv	4845	3777	2726	4321	17720	2037
LP6008460-DNA_F03_vs_LP6008340-DNA_C03__pv	45041	1397	0	16198	2688	0
LP6008460-DNA_F04_vs_LP6008340-DNA_H04__pv	4093	7940	2600	2426	7522	2168
LP6008460-DNA_G01_vs_LP6008340-DNA_B04__pv	13740	14683	72358	95	0	0
LP6008460-DNA_G02_vs_LP6008340-DNA_G02__pv	3952	3270	2610	2260	5414	1839
LP6008460-DNA_G03_vs_LP6008340-DNA_C05__pv	10841	4732	1719	9466	3970	1861
LP6008460-DNA_H01_vs_LP6008340-DNA_C02__pv	2935	2717	2381	3149	3196	2055
LP6008460-DNA_H02_vs_LP6008340-DNA_G03__pv	6019	1264	1491	2100	1914	607
LP6008460-DNA_H03_vs_LP6008340-DNA_D04__pv	10419	2661	1370	6773	3964	1408
PD44724a_vs_PD44724b__pv	10898	1413	4455	6476	5303	3522
PD44725a_vs_PD44725b__pv	3279	1788	3098	3350	2991	956
PD44726a_vs_PD44726b__pv	2753	456	1212	557	2577	752
PD44727a_vs_PD44727b__pv	12163	4583	2926	3703	2781	1781
PD44728a_vs_PD44728b__pv	2114	4099	3117	530	4966	3028
PD44729a_vs_PD44729b__pv	0	1354	4272	856	5289	1441
PD44730a_vs_PD44730b__pv	5578	3271	2355	3100	3812	1716
PD44731a_vs_PD44731b__pv	0	170	4930	1632	3095	1605
PD44732a_vs_PD44732b__pv	0	736	2832	463	2322	1590
PD44733a_vs_PD44733b__pv	2563	15436	72705	0	0	0
PD44734a_vs_PD44734b__pv	8324	4861	2487	2454	5371	2524
PD44735a_vs_PD44735b__pv	4163	1130	5587	2595	6904	2118
PD44736a_vs_PD44736b__pv	1921	4346	3257	4169	5410	1634
PD44737a_vs_PD44737b__pv	2951	2883	3414	2786	7191	2107
PD44738a_vs_PD44738b__pv	12468	8151	2590	9540	6330	2051
PD44739a_vs_PD44739b__pv	6583	3113	2077	2479	5102	1056
PD44740a_vs_PD44740b__pv	52866	6642	1527	13206	4470	1971
PD44741a_vs_PD44741b__pv	878	3482	3046	804	2664	2420
PD44742a_vs_PD44742b__pv	3292	6778	1464	7129	4779	5083
PD44743a_vs_PD44743b__pv	2826	2466	2824	617	4906	1476
PD44744a_vs_PD44744b__pv	21154	0	2619	9136	2758	6266
PD44745a_vs_PD44745b__pv	23218	5812	3915	6696	7077	5033
PD44746a_vs_PD44746b__pv	171	1326	1626	361	2520	891
PD44747a_vs_PD44747b__pv	4341	1824	1585	3598	3325	1025
PD44749a_vs_PD44749b__pv	3278	2131	456	3083	1070	1449
PD44751a_vs_PD44751b__pv	1335	77	1081	747	1126	191
PD44752a_vs_PD44752b__pv	2895	868	1917	365	8807	1378
PD44753a_vs_PD44753b__pv	630	3711	2474	741	2471	1662
PD44758a_vs_PD44758b__pv	7933	1827	1767	2912	1776	776
PD44759a_vs_PD44759b__pv	3357	3310	1834	2152	4953	1196
PD44760a_vs_PD44760b__pv	1771	3317	2056	4101	2675	1221
PD44761a_vs_PD44761b__pv	0	2787	5028	1598	4712	1292
PD44762a_vs_PD44762b__pv	0	1444	2448	423	1480	1259
PD44763a_vs_PD44763b__pv	4176	2474	3025	2145	4999	1775
PD44764a_vs_PD44764b__pv	497	3075	2051	1607	2132	3582
PD44765a_vs_PD44765b__pv	19268	3682	0	32010	2683	2709
PD44766a_vs_PD44766b__pv	4345	0	85826	0	1576	0
PD44767a_vs_PD44767b__pv	7774	5806	789	18848	1663	1733
PD44769a_vs_PD44769b__pv	113	2329	2168	265	3047	1261
PD44770a_vs_PD44770b__pv	3676	0	32673	4760	1364	346
PD44772a_vs_PD44772b__pv	4879	6046	1943	866	7968	4467
PD44773a_vs_PD44773b__pv	4508	88	9556	3648	4148	1568
PD44774a_vs_PD44774b__pv	0	474	3998	576	1283	1767
PD44775a_vs_PD44775b__pv	0	0	98298	1413	7239	0
PD44776a_vs_PD44776b__pv	12445	6543	0	19470	834	2472
PD44777a_vs_PD44777b__pv	1023	1821	3539	595	6326	996
PD44778a_vs_PD44778b__pv	1210	5571	3257	8327	2122	2246
PD44780a_vs_PD44780b__pv	0	724	1258	197	3059	643
PD44781a_vs_PD44781b__pv	23043	3403	3986	4853	3549	3369
PD44782a_vs_PD44782b__pv	24062	2328	0	17501	3293	4064
PD44783a_vs_PD44783b__pv	4570	9589	402	1490	4229	840
PD44784a_vs_PD44784b__pv	451	4328	3299	1161	8982	1554
PD44785a_vs_PD44785b__pv	16738	4467	1782	4565	2788	1375
PD44786a_vs_PD44786b__pv	1254	854	1822	338	1182	870
PD44787a_vs_PD44787b__pv	555	1740	2381	1985	7318	1369
PD44788a_vs_PD44788b__pv	4069	3987	1145	1347	8720	3042
PD44789a_vs_PD44789b__pv	6143	5471	2918	4174	5528	3838
PD44790a_vs_PD44790b__pv	6312	3092	355	6975	3791	1314
PD44791a_vs_PD44791b__pv	4830	400	980	2122	1436	38
PD44792a_vs_PD44792b__pv	14712	3126	0	13070	2869	1915
PD44793a_vs_PD44793b__pv	150	979	3124	799	3175	1237
PD44794a_vs_PD44794b__pv	497	4587	1140	237	4388	2741
PD44795a_vs_PD44795b__pv	17689	1139	0	13832	2183	345
PD44796a_vs_PD44796b__pv	2997	7671	4027	2580	5653	2488
PD44797a_vs_PD44797b__pv	6135	4704	4213	2427	10649	2856
PD44798a_vs_PD44798b__pv	1662	1332	2267	791	3708	961
PD44799a_vs_PD44799b__pv	1871	1704	3474	965	4606	1284
PD44800a_vs_PD44800b__pv	4569	2325	2738	1881	6129	2129
PD44801a_vs_PD44801b__pv	5835	83	3487	2965	5741	775
PD44802a_vs_PD44802b__pv	0	1074	1501	490	1283	527
PD44803a_vs_PD44803b__pv	6568	4806	3415	5174	10595	1668
PD44804a_vs_PD44804b__pv	1490	1161	1129	853	1507	401
PD44805a_vs_PD44805b__pv	15875	1485	0	26020	1220	4098
PD44807a_vs_PD44807b__pv	226	2143	1685	418	1291	1690
PD44808a_vs_PD44808b__pv	599	4210	1945	953	3273	3955
PD44809a_vs_PD44809b__pv	1423	3923	2668	2192	4469	1773
PD44810a_vs_PD44810b__pv	9465	3274	5530	4762	2834	5366
PD44811a_vs_PD44811b__pv	4314	2151	1845	1426	3355	1347
PD44813a_vs_PD44813b__pv	3279	2695	2579	4619	2208	1375
PD44814a_vs_PD44814b__pv	557	5358	2715	1298	5383	1512
PD44815a_vs_PD44815b__pv	2954	3597	1079	1657	2447	2262
PD44816a_vs_PD44816b__pv	1425	901	5173	1675	5323	1458
PD44817a_vs_PD44817b__pv	136	4096	219	0	6265	1867
PD44818a_vs_PD44818b__pv	7761	2500	1052	7500	2824	1037
PD44819a_vs_PD44819b__pv	24724	5195	1243	14295	6143	1847
PD44820a_vs_PD44820b__pv	1612	1336	2766	1807	3800	1304
PD44821a_vs_PD44821b__pv	6404	2389	2614	4173	4644	1819
PD44823a_vs_PD44823b__pv	1313	2026	2006	484	2158	1419
PD44824a_vs_PD44824b__pv	3376	1440	4705	5379	5430	3291
PD44825a_vs_PD44825b__pv	4307	10222	86759	10377	5587	3780
PD44826a_vs_PD44826b__pv	2814	2543	3627	2135	5423	1924
PD44827a_vs_PD44827b__pv	1823	2563	1898	1105	3370	1110
PD44828a_vs_PD44828b__pv	13883	898	3169	6819	5430	1114
PD44829a_vs_PD44829b__pv	4921	6412	6291	1700	14110	3007
PD44830a_vs_PD44830b__pv	4518	634	2738	2102	10626	1342
PD44831a_vs_PD44831b__pv	34526	4651	4317	7285	703	3036
PD44832a_vs_PD44832b__pv	1309	0	62313	5401	6593	2087
PD44833a_vs_PD44833b__pv	21861	4146	330	10126	4232	839
PD44834a_vs_PD44834b__pv	2444	4301	2460	2242	2146	2245
PD44835a_vs_PD44835b__pv	3386	2675	117	689	6768	2162
PD44836a_vs_PD44836b__pv	1815	5552	7304	4794	5882	2769
PD44837a_vs_PD44837b__pv	1080	713	895	479	1626	480
PD44838a_vs_PD44838b__pv	460	6249	4032	1147	7623	3810
PD44839a_vs_PD44839b__pv	0	2024	3191	2491	2765	3435
PD44840a_vs_PD44840b__pv	5150	2649	2318	3827	3178	1014
PD44841a_vs_PD44841b__pv	13691	10595	65605	3705	1646	876
PD44842a_vs_PD44842b__pv	298	1033	2329	857	2944	1376
PD44843a_vs_PD44843b__pv	5154	4875	2841	13263	5934	2767
PD44844a_vs_PD44844b__pv	0	1193	2083	651	4370	1094
PD44845a_vs_PD44845b__pv	4212	1670	3072	470	5594	2167
PD44846a_vs_PD44846b__pv	10131	2532	2053	0	3844	640
PD44847a_vs_PD44847b__pv	2341	1159	3788	3399	3290	1196
PD44848a_vs_PD44848b__pv	10274	12403	1621	17015	4586	5188
PD44849a_vs_PD44849b__pv	812	3857	3303	483	8229	2764
PD44850a_vs_PD44850b__pv	4577	2304	4705	9809	3149	1867
PD44851a_vs_PD44851b__pv	3182	1014	3631	2044	3318	3254
PD44852a_vs_PD44852b__pv	2722	5865	3557	4526	4915	1339
PD44853a_vs_PD44853b__pv	2539	0	2667	2395	6010	869
PD44854a_vs_PD44854b__pv	3115	2735	2896	2401	4227	2311
PD44855a_vs_PD44855b__pv	6254	2463	2189	1063	5261	1404
PD44856a_vs_PD44856b__pv	18749	1587	3734	5170	3875	1402
PD44857a_vs_PD44857b__pv	18107	2279	853	13350	2350	596
PD44859a_vs_PD44859b__pv	10434	7339	30745	5908	611	1598
PD44861a_vs_PD44861b__pv	5519	4866	2602	1900	5452	2287
PD44862a_vs_PD44862b__pv	1572	4277	1102	2242	413	7524
PD44863a_vs_PD44863b__pv	5515	37	1476	5815	6086	2982
PD44864a_vs_PD44864b__pv	9337	2863	1240	6237	3091	2099
PD44904a_vs_PD44904b__pv	18090	12315	2933	5160	5913	1561
PD44905a_vs_PD44905b__pv	1533	6730	2461	957	2612	3777
PD44906a_vs_PD44906b__pv	3106	4339	1395	1822	2413	1110
PD44908a_vs_PD44908b__pv	6624	2881	2324	8959	2170	1304
PD44909a_vs_PD44909b__pv	0	0	3345	639	3860	525
PD44910a_vs_PD44910b__pv	7131	1358	3593	2082	6508	1824
PD44912a_vs_PD44912b__pv	33226	3524	949	8675	6745	2849
PD44913a_vs_PD44913b__pv	1061	4727	1953	1793	3548	1272
PD44914a_vs_PD44914b__pv	659	8024	2077	3558	3375	3042
PD44915a_vs_PD44915b__pv	3160	2169	270	3809	4692	1005
PD44916a_vs_PD44916b__pv	411	2313	2330	1347	2567	1891
PD44917a_vs_PD44917b__pv	0	1098	634	129	870	779
PD44918a_vs_PD44918b__pv	4765	676	2117	3476	3398	1882
PD44919a_vs_PD44919b__pv	8619	1151	3214	0	3121	1167
PD44920a_vs_PD44920b__pv	11990	2520	1693	3698	2276	905
PD44921a_vs_PD44921b__pv	1336	1307	974	1512	814	434
PD44922a_vs_PD44922b__pv	44559	8865	0	10859	4180	4437
PD44923a_vs_PD44923b__pv	3317	11029	4709	1862	8167	5029
PD44924a_vs_PD44924b__pv	0	518	5391	1752	4113	1631
PD44925a_vs_PD44925b__pv	4874	5729	712	1873	9496	2627
PD44926a_vs_PD44926b__pv	519	550	4090	1465	4527	1154
PD44927a_vs_PD44927b__pv	11120	773	3088	3194	3722	1396
PD44928a_vs_PD44928b__pv	5457	1194	4193	754	7365	941
PD44929a_vs_PD44929b__pv	9555	2159	3603	2278	3242	1598
PD44930a_vs_PD44930b__pv	3842	8014	0	13888	4194	5338
PD44931a_vs_PD44931b__pv	17972	1783	66198	11011	1151	0
PD44932a_vs_PD44932b__pv	12632	1819	2147	0	4341	654
PD44933a_vs_PD44933b__pv	0	1267	1606	163	453	5729
PD44934a_vs_PD44934b__pv	57737	2555	2830	0	5371	1420
PD44935a_vs_PD44935b__pv	2088	4818	1444	883	5536	1383
PD44936a_vs_PD44936b__pv	936	1104	2179	1432	1357	707
PD44937a_vs_PD44937b__pv	4513	5447	2865	5207	4794	4236
PD44938a_vs_PD44938b__pv	7740	4956	2331	2244	4149	1109
PD44939a_vs_PD44939b__pv	1822	2321	3631	1146	5186	2169
PD44941a_vs_PD44941b__pv	1097	3834	2259	996	4952	1349
PD44942a_vs_PD44942b__pv	6087	662	3541	2361	4154	1014
PD44943a_vs_PD44943b__pv	239	2010	1886	527	3214	496
PD44944a_vs_PD44944b__pv	5658	2878	2889	1254	4845	1008
PD44945a_vs_PD44945b__pv	22584	2690	0	13201	4413	1509
PD44946a_vs_PD44946b__pv	2758	2353	2511	3442	3987	1307
PD44947a_vs_PD44947b__pv	688	824	610	249	1310	463
PD44948a_vs_PD44948b__pv	8631	2288	1003	8350	2177	5617
PD44949a_vs_PD44949b__pv	4067	0	3166	1405	2626	3871
PD44950a_vs_PD44950b__pv	984	608	703	308	2320	532
PD46225a_vs_PD46225b__pv	2584	1679	2770	3732	7724	3072
PD46226a_vs_PD46226b__pv	1629	1689	6556	947	5716	3016
PD46227a_vs_PD46227b__pv	3297	16761	0	26865	788	2199
PD46228a_vs_PD46228b__pv	10999	0	1139	3839	7067	794
PD46229a_vs_PD46229b__pv	13273	3411	1071	12687	5137	1882
PD46230a_vs_PD46230b__pv	3707	2184	1435	1100	5039	8097
PD46231a_vs_PD46231b__pv	188	1165	1186	132	1887	1737
PD46232a_vs_PD46232b__pv	3175	2437	1737	1560	3831	1366
PD46233a_vs_PD46233b__pv	3342	10953	2291	8229	3634	3241
PD46234a_vs_PD46234b__pv	164	2776	1605	128	2516	1076
PD46235a_vs_PD46235b__pv	5011	0	6077	2610	5657	2292
PD46236a_vs_PD46236b__pv	2036	1608	3862	1686	7146	1140
PD46237a_vs_PD46237b__pv	19668	7258	4466	0	6133	1969
PD46238a_vs_PD46238b__pv	2282	8712	0	436	3287	1451
PD46239a_vs_PD46239b__pv	3419	1396	2835	2331	2950	1141
PD46240a_vs_PD46240b__pv	552	2612	2376	992	2061	739
PD46241a_vs_PD46241b__pv	21751	3416	5284	4663	8396	1749
PD46242a_vs_PD46242b__pv	10102	0	0	84287	0	2296
PD46243a_vs_PD46243b__pv	1035	3096	4798	1233	3715	3929
PD46244a_vs_PD46244b__pv	0	0	4007	335	4412	1012
PD46245a_vs_PD46245b__pv	0	7099	65	393	6182	2894
PD46246a_vs_PD46246b__pv	2985	9308	3910	7020	4684	3450
PD46247a_vs_PD46247b__pv	1409	1245	7921	6043	4613	2601
PD46248a_vs_PD46248b__pv	28161	1609	3359	5380	2904	1149
PD46249a_vs_PD46249b__pv	18734	1588	4336	4715	7542	828
PD46250a_vs_PD46250b__pv	104	4091	550	212	1247	4629
PD46251a_vs_PD46251b__pv	1570	1458	38155	0	2304	0
PD46252a_vs_PD46252b__pv	2718	0	0	436	30948	0
PD46253a_vs_PD46253b__pv	6435	2390	4498	9322	4582	3274
PD46254a_vs_PD46254b__pv	7841	1724	2637	3938	4112	1564
PD46255a_vs_PD46255b__pv	1182	847	4157	630	4573	1989
PD46256a_vs_PD46256b__pv	523	1214	3753	5759	2497	853
PD46257a_vs_PD46257b__pv	0	0	4484	290	4273	1020
PD46258a_vs_PD46258b__pv	5859	3847	1388	2445	4434	1936
PD46259a_vs_PD46259b__pv	3313	5091	1395	2288	2948	2687
PD46260a_vs_PD46260b__pv	310	1534	1583	439	2642	4684
PD46261a_vs_PD46261b__pv	450	1570	1949	564	2068	912
PD46262a_vs_PD46262b__pv	597	987	1236	1051	1381	1254
PD46263a_vs_PD46263b__pv	8190	980	541	114	5610	441
PD46264a_vs_PD46264b__pv	4678	3702	325	2113	3690	1908
PD46265a_vs_PD46265b__pv	8751	1772	2940	5025	4205	1823
PD46267a_vs_PD46267b__pv	1	282	111	36	90	82
PD46268a_vs_PD46268b__pv	2272	2015	2686	0	3842	1448
SLX-16751	2374	407	1415	1451	1734	430
SLX-16752	9233	1974	139	10641	1182	163
SLX-18929	210496	134655	84610	132900	171561	69558
SLX-18949	25054	2200	2037	12116	4278	739
SLX-18950	735	851	887	137	814	200
SM-4AX82_vs_SM-4AWN8__pv	2803	3148	2466	1771	7002	910
SM-4AX83_vs_SM-4AWN9__pv	2269	1803	612	79	1572	962
SM-4AX84_vs_SM-4AWNA__pv	13179	1252	1648	5179	5996	796
SM-4AX85_vs_SM-4AWNB__pv	200	3812	3851	699	4864	1954
SM-4AX86_vs_SM-4AWNC__pv	6058	3034	938	4043	3615	2460
SM-4AX87_vs_SM-4AWND__pv	0	794	611	301	2917	347
SM-4B295_vs_SM-4AWNE__pv	10264	6193	1457	5294	4347	2405
SM-4B296_vs_SM-4AWNF__pv	11622	14532	0	7125	4441	9808
SM-4JPP6_vs_SM-4JPUS__pv	2068	6053	753	1095	8884	1541
SM-4JPP7_vs_SM-4JPUT__pv	1347	2200	2269	1374	2047	1655
SM-4JPP9_vs_SM-4JPUT__pv	1611	2099	2143	1283	1946	1557
SM-4JPPA_vs_LP6005333-DNA_B01__pv	3349	2856	6582	1983	11272	3680
SM-4JPPB_vs_LP6005333-DNA_B01__pv	2606	2713	6496	2217	11148	3692
SM-4JPPC_vs_LP6005333-DNA_B01__pv	3622	2692	6680	1819	11269	3710
SM-4JPUV_vs_SM-4JPUS__pv	43	1465	1102	388	1600	515
SM-4JPUW_vs_SM-4JPUS__pv	7	87	29	0	19	8
SM-4JPUX_vs_SM-4JPUT__pv	650	2587	1767	742	1697	1248
SM-4JPUY_vs_LP6005333-DNA_B01__pv	5619	2984	6604	2209	11528	3687
SM-4JPUZ_vs_LP6005333-DNA_B01__pv	5648	3299	5905	1971	11113	3572
SM-4JPV1_vs_SM-4JPUS__pv	1598	5237	721	1218	7484	1334
SM-4JPV2_vs_SM-4JPUS__pv	2477	5777	666	1645	8912	1499
SS6003109_vs_SS6003108__pv	8299	3735	522	2455	3724	4679
SS6003111_vs_SS6003110__pv	4031	4543	3465	2984	7238	2107
SS6003113_vs_SS6003112__pv	4198	452	110	8956	3318	431
SS6003115_vs_SS6003114__pv	16080	2421	1029	6050	4330	1355
SS6003117_vs_SS6003116__pv	97	0	1412	0	1511	7816
SS6003119_vs_SS6003118__pv	71	2074	1480	449	1844	663
SS6003121_vs_SS6003120__pv	4920	3153	0	38969	0	1806
SS6003125_vs_SS6003124__pv	7271	1757	537	5063	4016	836
SS6003129_vs_SS6003128__pv	10652	3528	3895	5517	7042	2591
SS6003131_vs_SS6003130__pv	295	915	2036	375	2997	870
SS6003133_vs_SS6003132__pv	578	0	0	0	10337	4280
SS6003135_vs_SS6003134__pv	25026	880	1026	4563	2896	1373
SS6003137_vs_SS6003136__pv	1999	1893	2481	1405	6005	622
SS6003149_vs_SS6003148__pv	43890	5997	2385	10483	2334	5690
SS6003302_vs_SS6003301__pv	4176	3250	1596	3444	4458	1576
SS6003303_vs_SS6003301__pv	2710	2057	923	2595	3327	1170
SS6003305_vs_SS6003304__pv	0	5498	1260	598	3090	2642
SS6003306_vs_SS6003304__pv	0	3083	1449	701	1945	1549
SS6003308_vs_SS6003307__pv	1002	1235	2028	601	2209	1693
SS6003309_vs_SS6003307__pv	1183	1892	2293	553	3040	2350
SS6003311_vs_SS6003310__pv	315	833	0	0	19679	407
SS6003312_vs_SS6003310__pv	102	114	0	0	18899	218
SS6003314_vs_SS6003313__pv	9597	1965	1243	3016	2248	2180
SS6003315_vs_SS6003313__pv	9643	1933	1273	3069	2211	2191
SS6003317_vs_SS6003316__pv	25102	1215	1740	4467	4336	1095
SS6003318_vs_SS6003316__pv	25007	1454	1770	4617	4379	1157
SS6003320_vs_SS6003319__pv	8223	1937	3648	6660	3923	1880
SS6003321_vs_SS6003319__pv	8030	1958	3246	6328	3811	1562
SS6003323_vs_SS6003322__pv	7626	2157	4190	0	3781	1849
SS6003324_vs_SS6003322__pv	5600	2134	3499	0	3310	1700
