NMF_Replicate	L1	L1 %	L2	L2 %	KL Divergence	Correlation	Convergence Iterations
1	1499.81	8.718	229.515	7.53	0.015	0.99	70000.0
2	1494.224	8.667	227.092	7.468	0.015	0.99	110000.0
3	1501.248	8.702	229.506	7.517	0.015	0.99	60000.0
4	1491.679	8.641	227.164	7.459	0.014	0.99	80000.0
5	1489.803	8.66	227.087	7.461	0.015	0.99	90000.0
6	1496.634	8.693	227.46	7.479	0.015	0.99	90000.0
7	1496.566	8.687	228.202	7.505	0.015	0.99	120000.0
8	1488.446	8.644	226.419	7.437	0.014	0.99	90000.0
9	1486.894	8.681	226.131	7.473	0.015	0.99	90000.0
10	1499.062	8.737	228.084	7.508	0.015	0.989	100000.0
11	1497.781	8.687	228.101	7.458	0.015	0.99	60000.0
12	1494.663	8.731	226.891	7.499	0.015	0.99	40000.0
13	1498.132	8.721	228.973	7.519	0.015	0.99	60000.0
14	1500.64	8.703	228.432	7.489	0.015	0.99	80000.0
15	1503.562	8.764	229.425	7.573	0.015	0.989	100000.0
16	1493.392	8.626	227.21	7.434	0.014	0.99	70000.0
17	1490.313	8.678	226.302	7.479	0.015	0.99	90000.0
18	1496.682	8.708	227.544	7.493	0.015	0.99	60000.0
19	1492.072	8.68	227.114	7.476	0.015	0.99	60000.0
20	1501.167	8.657	229.509	7.489	0.015	0.99	80000.0
21	1499.149	8.681	227.97	7.487	0.015	0.99	70000.0
22	1492.7	8.656	227.518	7.471	0.015	0.99	110000.0
23	1490.459	8.645	227.024	7.449	0.015	0.99	100000.0
24	1498.634	8.716	228.691	7.517	0.015	0.99	80000.0
25	1494.163	8.694	227.139	7.504	0.015	0.989	90000.0
26	1500.362	8.692	228.28	7.487	0.015	0.99	80000.0
27	1495.728	8.66	227.885	7.459	0.015	0.99	110000.0
28	1495.456	8.726	228.282	7.525	0.015	0.99	90000.0
29	1496.586	8.702	227.672	7.479	0.015	0.99	60000.0
30	1495.799	8.674	227.906	7.48	0.015	0.99	60000.0
31	1494.302	8.671	228.292	7.48	0.015	0.99	70000.0
32	1497.257	8.696	228.916	7.503	0.015	0.99	100000.0
33	1497.008	8.643	228.314	7.473	0.015	0.99	70000.0
34	1510.253	8.794	230.695	7.604	0.015	0.989	80000.0
35	1498.52	8.689	228.298	7.482	0.015	0.99	130000.0
36	1492.413	8.66	227.178	7.462	0.014	0.99	120000.0
37	1496.217	8.726	228.027	7.521	0.015	0.989	80000.0
38	1494.342	8.723	227.377	7.498	0.015	0.989	80000.0
39	1498.343	8.674	228.121	7.469	0.015	0.99	100000.0
40	1494.621	8.662	227.726	7.458	0.015	0.99	60000.0
41	1494.093	8.683	227.234	7.473	0.015	0.99	100000.0
42	1501.087	8.7	229.569	7.532	0.015	0.989	70000.0
43	1496.251	8.716	228.991	7.53	0.015	0.989	70000.0
44	1495.059	8.697	227.474	7.497	0.015	0.99	120000.0
45	1494.707	8.626	228.196	7.434	0.014	0.99	90000.0
46	1493.653	8.688	228.145	7.497	0.015	0.99	80000.0
47	1498.652	8.698	228.763	7.522	0.015	0.99	70000.0
48	1497.539	8.68	229.234	7.502	0.015	0.99	110000.0
49	1498.305	8.666	228.565	7.479	0.015	0.99	80000.0
50	1492.408	8.644	227.253	7.463	0.015	0.99	80000.0
51	1495.723	8.704	227.527	7.495	0.015	0.99	90000.0
52	1495.393	8.673	228.085	7.509	0.015	0.99	110000.0
53	1497.776	8.647	229.072	7.472	0.015	0.99	100000.0
54	1492.37	8.69	226.904	7.482	0.015	0.99	80000.0
55	1496.82	8.702	228.102	7.511	0.015	0.99	150000.0
56	1495.707	8.672	227.788	7.477	0.015	0.99	140000.0
57	1492.345	8.663	227.872	7.491	0.015	0.99	100000.0
58	1490.294	8.67	227.07	7.458	0.015	0.99	70000.0
59	1490.82	8.697	227.314	7.478	0.015	0.99	150000.0
60	1491.789	8.678	227.828	7.489	0.015	0.99	80000.0
61	1503.25	8.778	228.865	7.548	0.016	0.989	80000.0
62	1493.144	8.666	227.037	7.465	0.015	0.99	120000.0
63	1495.09	8.682	227.147	7.462	0.015	0.99	70000.0
64	1493.732	8.696	227.25	7.503	0.015	0.989	100000.0
65	1497.04	8.742	228.549	7.548	0.015	0.989	120000.0
66	1499.06	8.782	228.077	7.561	0.016	0.989	80000.0
67	1494.644	8.668	227.409	7.448	0.015	0.99	70000.0
68	1492.316	8.7	227.559	7.489	0.015	0.99	110000.0
69	1500.348	8.726	229.793	7.557	0.015	0.99	80000.0
70	1502.664	8.685	228.914	7.483	0.015	0.99	60000.0
71	1490.246	8.623	226.878	7.452	0.014	0.99	60000.0
72	1495.135	8.645	227.806	7.436	0.015	0.99	100000.0
73	1490.507	8.658	227.16	7.463	0.015	0.99	90000.0
74	1491.372	8.671	226.992	7.469	0.015	0.99	60000.0
75	1494.31	8.697	228.086	7.507	0.015	0.99	100000.0
76	1493.829	8.689	227.684	7.484	0.015	0.99	100000.0
77	1500.272	8.714	228.914	7.519	0.015	0.99	150000.0
78	1492.683	8.644	227.723	7.463	0.015	0.99	80000.0
79	1496.8	8.713	228.874	7.542	0.015	0.989	100000.0
80	1494.029	8.655	227.782	7.452	0.015	0.99	80000.0
81	1497.174	8.662	228.109	7.479	0.015	0.99	130000.0
82	1494.688	8.702	227.828	7.504	0.015	0.99	110000.0
83	1497.36	8.688	228.012	7.494	0.015	0.99	130000.0
84	1491.403	8.672	227.078	7.464	0.015	0.99	170000.0
85	1494.517	8.651	227.648	7.438	0.015	0.99	70000.0
86	1496.385	8.674	228.138	7.477	0.015	0.99	70000.0
87	1493.134	8.683	228.432	7.521	0.015	0.989	70000.0
88	1500.324	8.692	228.317	7.482	0.015	0.99	70000.0
89	1504.7	8.739	229.466	7.543	0.015	0.989	90000.0
90	1491.871	8.652	227.188	7.449	0.015	0.99	40000.0
91	1496.099	8.705	228.703	7.522	0.015	0.99	70000.0
92	1498.24	8.7	228.671	7.511	0.015	0.99	70000.0
93	1493.238	8.704	228.337	7.508	0.015	0.99	70000.0
94	1491.109	8.653	227.177	7.456	0.015	0.99	110000.0
95	1497.015	8.7	228.557	7.507	0.015	0.99	50000.0
96	1492.08	8.706	227.032	7.504	0.015	0.989	70000.0
97	1495.78	8.698	228.643	7.519	0.015	0.99	70000.0
98	1497.22	8.672	228.666	7.481	0.015	0.99	90000.0
99	1497.152	8.683	228.778	7.489	0.015	0.99	70000.0
100	1494.647	8.718	227.513	7.517	0.015	0.99	80000.0
101	1498.002	8.697	229.47	7.539	0.015	0.989	110000.0
102	1488.213	8.651	226.331	7.446	0.015	0.99	110000.0
103	1502.29	8.73	229.822	7.569	0.015	0.989	60000.0
104	1496.476	8.668	227.676	7.481	0.015	0.99	90000.0
105	1495.371	8.671	227.701	7.474	0.015	0.99	80000.0
106	1499.99	8.72	228.335	7.503	0.015	0.99	100000.0
107	1500.299	8.721	228.455	7.525	0.015	0.99	100000.0
108	1491.258	8.687	227.551	7.481	0.015	0.99	90000.0
109	1496.426	8.677	228.038	7.471	0.015	0.99	90000.0
110	1491.878	8.665	227.151	7.484	0.015	0.99	90000.0
111	1495.649	8.671	229.35	7.488	0.015	0.99	80000.0
112	1495.804	8.781	227.663	7.549	0.016	0.989	90000.0
113	1501.366	8.719	229.643	7.558	0.015	0.99	120000.0
114	1496.447	8.724	227.652	7.546	0.015	0.989	80000.0
115	1495.49	8.721	227.535	7.508	0.015	0.99	50000.0
116	1493.321	8.651	227.971	7.496	0.015	0.99	120000.0
117	1499.894	8.674	228.144	7.476	0.015	0.99	90000.0
118	1497.506	8.711	228.107	7.498	0.015	0.99	90000.0
119	1489.831	8.649	227.046	7.459	0.015	0.99	90000.0
120	1497.095	8.683	228.019	7.492	0.015	0.99	50000.0
121	1490.946	8.663	227.55	7.469	0.015	0.99	60000.0
122	1498.403	8.668	228.823	7.503	0.015	0.99	100000.0
123	1494.542	8.661	228.116	7.468	0.015	0.99	100000.0
124	1491.779	8.663	227.712	7.502	0.015	0.989	80000.0
125	1499.587	8.715	228.592	7.519	0.015	0.989	80000.0
126	1497.27	8.714	228.158	7.481	0.015	0.989	70000.0
127	1500.211	8.715	228.31	7.502	0.015	0.99	90000.0
128	1493.293	8.678	227.522	7.476	0.015	0.99	120000.0
129	1499.569	8.711	228.04	7.485	0.015	0.99	80000.0
130	1496.562	8.684	227.715	7.485	0.015	0.99	60000.0
131	1498.574	8.678	228.174	7.47	0.015	0.99	100000.0
132	1499.174	8.672	227.903	7.472	0.015	0.99	90000.0
133	1495.67	8.691	227.875	7.497	0.015	0.99	80000.0
134	1498.764	8.725	227.663	7.518	0.015	0.989	50000.0
135	1496.433	8.659	228.393	7.481	0.015	0.99	90000.0
136	1503.898	8.719	229.171	7.529	0.015	0.989	110000.0
137	1495.327	8.689	227.593	7.492	0.015	0.99	90000.0
138	1494.566	8.735	227.985	7.528	0.015	0.989	120000.0
139	1499.299	8.721	228.157	7.511	0.015	0.989	90000.0
140	1498.746	8.722	228.697	7.52	0.015	0.99	90000.0
141	1492.179	8.689	227.542	7.503	0.015	0.99	80000.0
142	1488.722	8.626	226.397	7.419	0.015	0.99	50000.0
143	1492.39	8.682	227.167	7.48	0.015	0.99	70000.0
144	1502.146	8.7	228.758	7.488	0.015	0.99	50000.0
145	1496.625	8.666	226.93	7.463	0.015	0.99	60000.0
146	1492.769	8.698	227.507	7.505	0.015	0.99	100000.0
147	1493.488	8.654	227.06	7.434	0.015	0.99	120000.0
148	1495.164	8.648	227.636	7.451	0.014	0.99	100000.0
149	1493.476	8.686	227.223	7.487	0.015	0.99	60000.0
150	1494.006	8.688	227.209	7.477	0.015	0.99	60000.0
151	1495.811	8.671	227.972	7.502	0.015	0.99	60000.0
152	1498.116	8.678	227.978	7.458	0.015	0.99	90000.0
153	1509.276	8.702	230.805	7.545	0.015	0.99	110000.0
154	1498.509	8.664	228.59	7.456	0.014	0.99	140000.0
155	1491.03	8.639	226.88	7.423	0.015	0.99	170000.0
156	1497.76	8.69	228.173	7.472	0.015	0.99	60000.0
157	1493.963	8.691	227.849	7.492	0.015	0.99	90000.0
158	1498.004	8.715	227.813	7.5	0.015	0.99	80000.0
159	1499.233	8.733	227.921	7.505	0.015	0.99	70000.0
160	1489.663	8.608	227.683	7.397	0.014	0.99	100000.0
161	1493.484	8.657	226.904	7.454	0.015	0.99	70000.0
162	1495.023	8.725	227.569	7.493	0.015	0.99	70000.0
163	1503.34	8.737	229.067	7.513	0.015	0.989	160000.0
164	1496.373	8.706	228.381	7.504	0.015	0.989	60000.0
165	1488.92	8.682	226.512	7.477	0.015	0.99	70000.0
166	1495.686	8.657	228.842	7.489	0.015	0.99	130000.0
167	1494.721	8.646	228.227	7.458	0.014	0.99	170000.0
168	1503.211	8.75	228.894	7.538	0.015	0.989	100000.0
169	1497.743	8.723	228.007	7.496	0.015	0.99	50000.0
170	1497.438	8.692	228.11	7.477	0.015	0.99	50000.0
171	1496.749	8.672	228.043	7.498	0.014	0.99	70000.0
172	1499.241	8.697	228.931	7.509	0.015	0.99	80000.0
173	1500.006	8.662	228.697	7.47	0.014	0.99	80000.0
174	1493.512	8.676	227.564	7.497	0.015	0.99	70000.0
175	1493.558	8.688	227.937	7.525	0.015	0.989	80000.0
176	1503.775	8.708	228.888	7.511	0.015	0.99	100000.0
177	1497.383	8.702	228.724	7.485	0.015	0.99	90000.0
178	1497.404	8.683	228.187	7.476	0.015	0.99	120000.0
179	1491.732	8.702	227.632	7.488	0.015	0.99	60000.0
180	1494.653	8.673	227.869	7.506	0.015	0.99	90000.0
181	1499.263	8.673	228.178	7.482	0.015	0.99	50000.0
182	1490.969	8.662	226.986	7.464	0.015	0.99	60000.0
183	1490.794	8.668	226.73	7.475	0.015	0.99	80000.0
184	1498.051	8.745	228.096	7.535	0.015	0.989	80000.0
185	1502.42	8.734	229.74	7.538	0.015	0.989	60000.0
186	1501.128	8.707	228.615	7.52	0.015	0.989	140000.0
187	1493.035	8.655	228.162	7.488	0.015	0.99	100000.0
188	1494.968	8.673	227.74	7.461	0.015	0.99	50000.0
189	1499.081	8.703	228.15	7.503	0.015	0.99	130000.0
190	1488.563	8.662	226.549	7.467	0.015	0.99	90000.0
191	1495.717	8.683	227.958	7.462	0.015	0.99	80000.0
192	1499.356	8.668	228.146	7.45	0.015	0.99	100000.0
193	1495.778	8.711	228.181	7.511	0.015	0.99	90000.0
194	1498.803	8.681	227.758	7.483	0.015	0.99	60000.0
195	1490.442	8.659	227.519	7.451	0.015	0.99	100000.0
196	1499.734	8.695	229.918	7.544	0.015	0.989	80000.0
197	1496.15	8.675	228.489	7.495	0.015	0.99	110000.0
198	1492.479	8.678	227.504	7.499	0.015	0.99	140000.0
199	1492.231	8.673	227.099	7.479	0.015	0.99	70000.0
200	1497.509	8.676	228.581	7.47	0.015	0.99	80000.0
201	1497.657	8.726	228.172	7.528	0.015	0.989	110000.0
202	1492.589	8.669	226.789	7.484	0.015	0.99	80000.0
203	1496.6	8.743	227.891	7.485	0.015	0.99	70000.0
204	1497.523	8.698	228.576	7.533	0.015	0.989	140000.0
205	1492.39	8.659	227.136	7.47	0.015	0.99	80000.0
206	1501.47	8.716	228.551	7.49	0.015	0.99	60000.0
207	1493.668	8.639	227.869	7.44	0.015	0.99	50000.0
208	1498.116	8.677	228.378	7.516	0.014	0.99	60000.0
209	1506.431	8.725	229.606	7.501	0.015	0.99	90000.0
210	1494.25	8.653	227.365	7.462	0.015	0.99	80000.0
211	1501.21	8.747	228.91	7.557	0.015	0.989	80000.0
212	1494.867	8.688	228.705	7.494	0.015	0.99	60000.0
213	1493.294	8.716	227.869	7.507	0.015	0.99	60000.0
214	1495.994	8.705	228.819	7.518	0.015	0.989	80000.0
215	1500.135	8.728	228.342	7.515	0.015	0.989	140000.0
216	1503.59	8.769	229.04	7.53	0.015	0.99	80000.0
217	1502.321	8.683	228.659	7.485	0.015	0.99	180000.0
218	1501.547	8.716	228.747	7.481	0.015	0.99	90000.0
219	1501.502	8.735	228.608	7.516	0.015	0.99	60000.0
220	1497.358	8.723	227.511	7.512	0.015	0.99	120000.0
221	1497.446	8.695	228.291	7.494	0.015	0.99	50000.0
222	1490.893	8.631	226.994	7.429	0.015	0.99	140000.0
223	1494.277	8.703	227.53	7.501	0.015	0.99	90000.0
224	1492.509	8.741	226.685	7.543	0.016	0.989	60000.0
225	1494.266	8.693	227.203	7.474	0.015	0.99	70000.0
226	1496.623	8.685	227.053	7.477	0.015	0.99	70000.0
227	1499.919	8.714	227.963	7.508	0.015	0.99	90000.0
228	1488.825	8.618	227.025	7.444	0.015	0.99	140000.0
229	1499.038	8.644	228.158	7.459	0.015	0.99	70000.0
230	1499.826	8.706	228.522	7.523	0.015	0.989	150000.0
231	1497.27	8.62	227.32	7.421	0.014	0.99	70000.0
232	1498.362	8.667	228.011	7.465	0.015	0.99	70000.0
233	1495.922	8.712	227.998	7.515	0.015	0.99	60000.0
234	1502.96	8.706	229.324	7.533	0.015	0.99	100000.0
235	1499.966	8.715	228.17	7.533	0.015	0.99	90000.0
236	1499.827	8.683	228.298	7.478	0.015	0.99	50000.0
237	1499.06	8.702	228.711	7.509	0.015	0.99	70000.0
238	1498.99	8.696	229.055	7.537	0.015	0.99	70000.0
239	1497.497	8.667	228.501	7.481	0.015	0.99	70000.0
240	1501.291	8.677	229.338	7.495	0.015	0.99	80000.0
241	1501.886	8.713	229.629	7.543	0.015	0.99	110000.0
242	1494.404	8.694	227.965	7.533	0.015	0.989	100000.0
243	1497.618	8.699	228.494	7.498	0.015	0.99	120000.0
244	1500.527	8.734	228.747	7.523	0.015	0.989	90000.0
245	1503.081	8.661	230.507	7.512	0.015	0.989	100000.0
246	1501.898	8.694	229.43	7.531	0.015	0.99	150000.0
247	1490.497	8.666	227.774	7.497	0.015	0.99	130000.0
248	1495.685	8.677	227.839	7.472	0.015	0.99	140000.0
249	1503.6	8.754	228.643	7.524	0.015	0.989	50000.0
250	1495.9	8.698	228.371	7.483	0.015	0.99	120000.0
251	1493.421	8.681	227.791	7.5	0.015	0.99	130000.0
252	1496.805	8.684	227.75	7.503	0.015	0.99	50000.0
253	1498.109	8.689	228.165	7.455	0.015	0.99	120000.0
254	1490.05	8.604	226.526	7.402	0.014	0.99	50000.0
255	1494.044	8.668	227.749	7.479	0.015	0.99	110000.0
256	1494.57	8.687	228.297	7.497	0.015	0.99	100000.0
257	1491.756	8.65	227.452	7.474	0.015	0.989	70000.0
258	1494.598	8.715	227.291	7.491	0.015	0.99	100000.0
259	1501.54	8.718	229.657	7.535	0.015	0.99	100000.0
260	1497.271	8.634	228.211	7.474	0.014	0.99	60000.0
261	1493.829	8.673	226.83	7.464	0.015	0.99	100000.0
262	1495.761	8.687	227.998	7.463	0.015	0.99	60000.0
263	1495.434	8.692	228.087	7.504	0.015	0.989	140000.0
264	1487.07	8.633	226.255	7.437	0.015	0.99	60000.0
265	1489.398	8.701	226.829	7.483	0.015	0.99	90000.0
266	1497.465	8.709	228.662	7.501	0.015	0.99	110000.0
267	1501.28	8.737	228.805	7.547	0.015	0.99	60000.0
268	1496.324	8.685	227.765	7.496	0.015	0.99	80000.0
269	1497.063	8.686	228.418	7.48	0.015	0.99	130000.0
270	1493.237	8.665	226.783	7.457	0.015	0.99	60000.0
271	1495.64	8.632	227.595	7.45	0.015	0.99	80000.0
272	1497.372	8.7	228.459	7.475	0.015	0.99	70000.0
273	1498.574	8.774	228.874	7.576	0.015	0.989	160000.0
274	1503.224	8.705	229.043	7.484	0.015	0.99	80000.0
275	1510.908	8.702	231.762	7.515	0.015	0.99	80000.0
276	1497.114	8.71	227.818	7.486	0.015	0.99	80000.0
277	1497.868	8.695	228.934	7.501	0.015	0.99	100000.0
278	1504.733	8.7	229.441	7.531	0.014	0.99	70000.0
279	1496.659	8.648	228.357	7.483	0.015	0.99	80000.0
280	1498.976	8.73	228.793	7.496	0.015	0.99	110000.0
281	1493.624	8.685	226.699	7.467	0.015	0.99	70000.0
282	1494.019	8.728	226.863	7.523	0.015	0.989	60000.0
283	1498.883	8.685	228.682	7.472	0.015	0.99	80000.0
284	1497.157	8.689	228.261	7.48	0.015	0.99	140000.0
285	1498.136	8.728	227.964	7.511	0.015	0.99	70000.0
286	1499.973	8.736	228.581	7.513	0.015	0.99	80000.0
287	1493.905	8.675	228.485	7.468	0.015	0.99	60000.0
288	1500.02	8.679	228.514	7.487	0.015	0.99	150000.0
289	1498.091	8.687	227.992	7.484	0.015	0.99	120000.0
290	1498.865	8.721	228.396	7.536	0.015	0.989	100000.0
291	1500.056	8.724	228.28	7.514	0.015	0.99	80000.0
292	1490.936	8.671	227.881	7.482	0.015	0.99	70000.0
293	1492.44	8.688	227.283	7.499	0.015	0.989	60000.0
294	1500.561	8.669	228.931	7.483	0.015	0.99	80000.0
295	1501.335	8.693	228.65	7.492	0.015	0.99	90000.0
296	1494.217	8.688	227.257	7.47	0.015	0.99	160000.0
297	1500.311	8.652	228.687	7.452	0.014	0.99	80000.0
298	1502.037	8.717	229.142	7.505	0.015	0.99	200000.0
299	1495.765	8.683	227.787	7.505	0.015	0.99	80000.0
300	1498.838	8.737	228.542	7.537	0.015	0.989	50000.0
301	1508.285	8.769	230.492	7.563	0.015	0.99	90000.0
302	1498.222	8.684	227.466	7.484	0.015	0.99	70000.0
303	1498.616	8.639	228.447	7.464	0.014	0.99	110000.0
304	1494.534	8.667	228.008	7.498	0.015	0.99	80000.0
305	1493.122	8.637	227.934	7.461	0.015	0.99	200000.0
306	1505.903	8.74	229.903	7.57	0.015	0.989	60000.0
307	1496.176	8.694	228.701	7.489	0.015	0.99	50000.0
308	1492.116	8.639	226.903	7.446	0.015	0.99	60000.0
309	1494.066	8.702	227.252	7.475	0.015	0.99	70000.0
310	1498.425	8.708	228.375	7.518	0.015	0.989	110000.0
311	1502.136	8.698	229.127	7.512	0.015	0.99	130000.0
312	1497.669	8.713	228.179	7.487	0.015	0.99	90000.0
313	1494.311	8.669	227.503	7.487	0.015	0.99	50000.0
314	1494.959	8.703	227.632	7.497	0.015	0.989	90000.0
315	1497.965	8.702	227.931	7.489	0.015	0.99	80000.0
316	1493.72	8.654	227.536	7.461	0.015	0.99	70000.0
317	1495.236	8.73	227.48	7.529	0.015	0.989	90000.0
318	1503.459	8.68	229.507	7.481	0.015	0.99	80000.0
319	1492.375	8.661	228.095	7.466	0.015	0.99	80000.0
320	1507.414	8.716	231.469	7.535	0.015	0.99	60000.0
321	1494.508	8.662	226.957	7.441	0.015	0.99	60000.0
322	1500.512	8.737	229.964	7.551	0.015	0.99	90000.0
323	1493.608	8.624	227.594	7.455	0.015	0.99	80000.0
324	1495.366	8.625	227.957	7.44	0.014	0.99	60000.0
325	1491.993	8.694	227.416	7.502	0.015	0.99	100000.0
326	1494.161	8.673	226.936	7.471	0.015	0.99	80000.0
327	1501.208	8.676	229.482	7.482	0.015	0.99	80000.0
328	1498.577	8.738	228.279	7.508	0.015	0.989	100000.0
329	1497.379	8.688	227.163	7.477	0.015	0.99	80000.0
330	1497.465	8.698	228.973	7.484	0.015	0.99	110000.0
331	1492.869	8.693	227.701	7.487	0.015	0.99	70000.0
332	1502.946	8.781	229.379	7.579	0.016	0.989	70000.0
333	1499.729	8.68	229.086	7.523	0.015	0.99	80000.0
334	1504.658	8.669	230.864	7.503	0.015	0.99	70000.0
335	1492.981	8.66	227.242	7.454	0.015	0.99	100000.0
336	1499.299	8.69	229.002	7.491	0.015	0.99	100000.0
337	1501.857	8.704	229.78	7.537	0.015	0.99	60000.0
338	1499.761	8.732	229.079	7.526	0.015	0.99	50000.0
339	1496.989	8.689	228.343	7.476	0.015	0.99	90000.0
340	1497.571	8.7	227.461	7.482	0.015	0.99	60000.0
341	1494.437	8.707	227.093	7.482	0.015	0.99	80000.0
342	1498.514	8.708	228.494	7.499	0.015	0.99	60000.0
343	1491.371	8.619	227.747	7.441	0.015	0.99	50000.0
344	1497.598	8.669	227.88	7.482	0.015	0.99	70000.0
345	1500.295	8.719	228.872	7.509	0.015	0.99	120000.0
346	1491.61	8.653	226.913	7.45	0.015	0.99	90000.0
347	1499.603	8.71	229.27	7.53	0.015	0.989	70000.0
348	1499.71	8.743	228.366	7.53	0.016	0.989	70000.0
349	1501.733	8.732	229.912	7.579	0.015	0.989	100000.0
350	1496.086	8.702	228.412	7.512	0.015	0.99	130000.0
351	1495.035	8.687	227.328	7.499	0.015	0.99	130000.0
352	1491.248	8.685	226.42	7.464	0.015	0.99	110000.0
353	1502.612	8.731	228.894	7.51	0.015	0.99	90000.0
354	1500.383	8.672	229.251	7.509	0.015	0.99	100000.0
355	1490.309	8.682	227.35	7.499	0.015	0.99	80000.0
356	1494.787	8.717	228.51	7.529	0.015	0.989	70000.0
357	1504.939	8.737	229.704	7.528	0.015	0.99	80000.0
358	1495.446	8.654	227.742	7.474	0.015	0.99	70000.0
359	1491.559	8.656	227.21	7.483	0.015	0.99	60000.0
360	1502.694	8.723	230.077	7.568	0.015	0.989	140000.0
361	1492.139	8.633	227.264	7.452	0.014	0.99	110000.0
362	1494.503	8.667	227.536	7.458	0.015	0.99	80000.0
363	1500.914	8.749	228.856	7.53	0.015	0.989	110000.0
364	1493.688	8.713	228.212	7.537	0.015	0.99	160000.0
365	1497.331	8.656	227.153	7.473	0.015	0.99	80000.0
366	1505.369	8.706	229.764	7.546	0.015	0.99	80000.0
367	1499.962	8.664	228.957	7.466	0.015	0.99	100000.0
368	1497.479	8.691	228.471	7.496	0.015	0.99	90000.0
369	1497.125	8.687	227.95	7.487	0.015	0.99	90000.0
370	1493.657	8.728	227.227	7.512	0.015	0.989	120000.0
371	1489.36	8.637	226.513	7.471	0.015	0.99	160000.0
372	1497.166	8.702	228.408	7.53	0.015	0.989	110000.0
373	1496.895	8.738	227.84	7.514	0.015	0.989	70000.0
374	1494.178	8.695	227.451	7.473	0.015	0.99	70000.0
375	1494.63	8.668	227.342	7.448	0.015	0.99	90000.0
376	1493.791	8.725	227.909	7.534	0.015	0.989	70000.0
377	1493.18	8.662	227.824	7.457	0.015	0.99	90000.0
378	1497.281	8.713	228.213	7.495	0.015	0.99	70000.0
379	1494.774	8.72	227.513	7.491	0.015	0.989	140000.0
380	1493.013	8.668	227.328	7.453	0.015	0.99	70000.0
381	1500.45	8.731	228.297	7.52	0.015	0.99	110000.0
382	1497.695	8.702	228.536	7.514	0.015	0.989	80000.0
383	1501.735	8.694	228.823	7.495	0.015	0.99	110000.0
384	1493.275	8.689	228.24	7.523	0.015	0.989	90000.0
385	1492.006	8.679	227.28	7.493	0.015	0.989	90000.0
386	1500.217	8.7	228.5	7.474	0.015	0.99	80000.0
387	1494.404	8.674	227.771	7.474	0.015	0.99	60000.0
388	1496.079	8.681	227.592	7.491	0.015	0.99	60000.0
389	1498.066	8.712	227.645	7.49	0.015	0.99	120000.0
390	1492.562	8.691	227.81	7.486	0.015	0.99	90000.0
391	1494.037	8.664	227.336	7.456	0.015	0.99	70000.0
392	1498.295	8.659	228.244	7.461	0.014	0.99	80000.0
393	1497.074	8.716	228.037	7.52	0.015	0.989	110000.0
394	1496.633	8.685	228.141	7.489	0.015	0.99	70000.0
395	1502.502	8.734	228.874	7.542	0.015	0.989	180000.0
396	1495.659	8.674	227.861	7.461	0.015	0.99	90000.0
397	1491.42	8.649	227.304	7.456	0.015	0.99	100000.0
398	1500.304	8.706	228.508	7.482	0.015	0.99	100000.0
399	1498.274	8.672	228.254	7.512	0.015	0.99	140000.0
400	1507.613	8.743	229.842	7.542	0.015	0.99	90000.0
401	1494.696	8.669	227.239	7.482	0.015	0.99	90000.0
402	1501.942	8.736	228.963	7.52	0.015	0.99	100000.0
403	1501.613	8.707	228.342	7.505	0.015	0.989	170000.0
404	1501.874	8.77	229.417	7.57	0.015	0.989	90000.0
405	1489.901	8.663	226.26	7.453	0.015	0.99	80000.0
406	1500.518	8.687	228.213	7.496	0.015	0.99	70000.0
407	1494.018	8.718	227.79	7.496	0.015	0.989	70000.0
408	1492.265	8.635	227.833	7.436	0.015	0.99	90000.0
409	1493.875	8.737	228.28	7.572	0.015	0.989	50000.0
410	1499.859	8.737	228.641	7.535	0.015	0.989	80000.0
411	1508.277	8.78	230.09	7.577	0.015	0.989	100000.0
412	1494.037	8.64	227.254	7.427	0.014	0.99	100000.0
413	1495.279	8.667	227.679	7.471	0.015	0.99	90000.0
414	1494.903	8.711	228.714	7.5	0.015	0.989	110000.0
415	1496.566	8.695	228.727	7.527	0.015	0.99	120000.0
416	1491.132	8.682	226.875	7.498	0.015	0.989	100000.0
417	1493.443	8.675	227.638	7.475	0.015	0.99	80000.0
418	1493.685	8.666	226.941	7.494	0.015	0.99	70000.0
419	1502.999	8.714	229.168	7.523	0.015	0.99	80000.0
420	1493.709	8.673	227.517	7.469	0.015	0.99	90000.0
421	1491.658	8.671	227.494	7.476	0.015	0.99	140000.0
422	1491.582	8.685	226.923	7.459	0.015	0.99	100000.0
423	1500.107	8.739	228.112	7.513	0.015	0.99	80000.0
424	1502.338	8.718	229.098	7.506	0.015	0.99	80000.0
425	1489.834	8.647	226.909	7.449	0.015	0.99	80000.0
426	1494.049	8.696	228.199	7.515	0.015	0.989	120000.0
427	1491.186	8.666	227.456	7.469	0.015	0.99	60000.0
428	1502.007	8.713	229.245	7.533	0.015	0.99	80000.0
429	1499.219	8.689	228.777	7.474	0.015	0.99	80000.0
430	1498.867	8.726	228.247	7.516	0.015	0.989	80000.0
431	1503.84	8.784	229.019	7.551	0.016	0.989	60000.0
432	1496.71	8.746	227.827	7.515	0.016	0.989	60000.0
433	1498.261	8.705	228.357	7.499	0.015	0.989	70000.0
434	1499.278	8.702	228.794	7.537	0.015	0.99	100000.0
435	1497.472	8.731	228.091	7.538	0.015	0.989	70000.0
436	1496.131	8.673	227.922	7.489	0.015	0.99	50000.0
437	1491.371	8.669	227.04	7.473	0.015	0.99	80000.0
438	1493.719	8.7	228.16	7.495	0.015	0.99	80000.0
439	1496.95	8.727	228.42	7.509	0.015	0.99	70000.0
440	1496.079	8.706	228.17	7.501	0.015	0.989	50000.0
441	1494.469	8.694	228.113	7.506	0.015	0.99	120000.0
442	1496.241	8.674	228.6	7.502	0.015	0.99	80000.0
443	1500.649	8.708	229.472	7.518	0.015	0.99	160000.0
444	1492.498	8.629	227.658	7.456	0.014	0.99	110000.0
445	1495.688	8.687	228.341	7.492	0.015	0.99	70000.0
446	1491.527	8.682	226.793	7.446	0.015	0.99	80000.0
447	1497.191	8.679	227.969	7.483	0.015	0.99	120000.0
448	1507.422	8.736	230.244	7.55	0.015	0.989	70000.0
449	1494.861	8.726	227.367	7.497	0.015	0.99	50000.0
450	1497.581	8.676	228.086	7.459	0.015	0.99	150000.0
451	1491.888	8.663	226.897	7.46	0.015	0.989	110000.0
452	1495.249	8.691	227.594	7.487	0.015	0.99	90000.0
453	1494.517	8.64	227.534	7.445	0.015	0.99	60000.0
454	1497.643	8.687	227.708	7.482	0.015	0.99	90000.0
455	1496.036	8.681	227.927	7.445	0.015	0.99	50000.0
456	1496.984	8.713	228.854	7.515	0.015	0.99	70000.0
457	1495.45	8.679	228.533	7.485	0.015	0.99	130000.0
458	1503.115	8.788	229.437	7.566	0.015	0.989	90000.0
459	1492.655	8.669	227.249	7.478	0.015	0.989	140000.0
460	1498.113	8.747	228.292	7.552	0.015	0.989	80000.0
461	1497.788	8.662	228.061	7.474	0.014	0.99	100000.0
462	1495.365	8.749	227.316	7.516	0.015	0.989	60000.0
463	1500.119	8.718	228.773	7.523	0.015	0.99	80000.0
464	1501.095	8.675	228.73	7.475	0.015	0.99	120000.0
465	1497.293	8.694	228.402	7.49	0.015	0.99	170000.0
466	1495.595	8.672	227.646	7.501	0.015	0.99	140000.0
467	1498.838	8.697	228.719	7.507	0.015	0.99	80000.0
468	1500.36	8.72	228.483	7.513	0.015	0.99	90000.0
469	1496.336	8.663	228.351	7.509	0.015	0.99	110000.0
470	1494.702	8.662	228.125	7.468	0.015	0.99	80000.0
471	1493.922	8.696	227.41	7.471	0.015	0.99	70000.0
472	1499.936	8.679	229.107	7.501	0.015	0.99	100000.0
473	1497.203	8.688	228.324	7.487	0.015	0.99	60000.0
474	1494.38	8.682	226.952	7.482	0.015	0.99	70000.0
475	1499.395	8.704	228.202	7.509	0.015	0.989	110000.0
476	1494.755	8.699	227.824	7.496	0.015	0.99	70000.0
477	1495.219	8.685	227.504	7.475	0.015	0.99	110000.0
478	1500.183	8.723	228.967	7.507	0.015	0.99	90000.0
479	1501.027	8.737	228.938	7.524	0.016	0.989	70000.0
480	1494.464	8.705	228.22	7.52	0.015	0.99	50000.0
481	1494.89	8.694	228.365	7.507	0.015	0.989	70000.0
482	1492.575	8.645	227.418	7.44	0.015	0.99	80000.0
483	1492.572	8.639	227.779	7.474	0.015	0.99	80000.0
484	1499.82	8.692	229.056	7.489	0.015	0.99	120000.0
485	1492.169	8.64	227.467	7.449	0.015	0.99	70000.0
486	1489.849	8.659	226.686	7.436	0.015	0.99	90000.0
487	1498.434	8.676	228.223	7.49	0.015	0.99	90000.0
488	1492.081	8.661	227.783	7.471	0.015	0.99	60000.0
489	1495.523	8.664	227.079	7.47	0.015	0.99	90000.0
490	1497.748	8.691	227.844	7.479	0.015	0.99	100000.0
491	1496.596	8.752	228.238	7.535	0.015	0.989	100000.0
492	1496.505	8.701	227.631	7.481	0.015	0.99	70000.0
493	1493.893	8.654	227.504	7.455	0.015	0.99	130000.0
494	1494.655	8.714	227.87	7.523	0.015	0.989	80000.0
495	1490.846	8.67	226.952	7.476	0.015	0.99	60000.0
496	1486.497	8.629	226.279	7.438	0.015	0.99	50000.0
497	1492.443	8.67	227.699	7.464	0.015	0.99	90000.0
498	1501.212	8.689	229.491	7.528	0.015	0.99	180000.0
499	1494.286	8.67	227.824	7.465	0.015	0.99	90000.0
500	1496.461	8.729	228.425	7.54	0.015	0.989	80000.0
