Samples	SBS96A	SBS96B	SBS96C	SBS96D	SBS96E
LP2000104-DNA_A01_vs_LP2000101-DNA_A01__pv	31296	5586	1971	2498	3098
LP2000105-DNA_A01_vs_LP2000102-DNA_A01__pv	10722	5449	0	9110	3231
LP2000106-DNA_A01_vs_LP2000102-DNA_A01__pv	7132	1801	0	6482	4072
LP2000107-DNA_A01_vs_LP2000102-DNA_A01__pv	9199	3832	0	7247	1889
LP2000108-DNA_A01_vs_LP2000103-DNA_A01__pv	557	2424	829	2103	2218
LP2000109-DNA_A01_vs_LP2000103-DNA_A01__pv	529	2060	729	1897	1984
LP2000110-DNA_A01_vs_LP2000101-DNA_A01__pv	25025	2359	1810	2470	807
LP2000111-DNA_A01_vs_LP2000102-DNA_A01__pv	1742	629	0	1406	825
LP2000112-DNA_A01_vs_LP2000102-DNA_A01__pv	3579	1231	0	3115	1649
LP2000113-DNA_A01_vs_LP2000103-DNA_A01__pv	551	2210	661	2029	2181
LP2000114-DNA_A01_vs_LP2000103-DNA_A01__pv	575	1320	724	1973	3568
LP2000325-DNA_A01_vs_LP2000317-DNA_A01__pv	11387	3947	3236	5464	1631
LP2000327-DNA_A01_vs_LP2000319-DNA_A01__pv	11311	2605	1313	1969	1392
LP2000328-DNA_A01_vs_LP2000320-DNA_A01__pv	4090	2968	4286	2100	2790
LP2000329-DNA_A01_vs_LP2000321-DNA_A01__pv	9551	1253	4280	4635	4153
LP2000330-DNA_A01_vs_LP2000316-DNA_A01__pv	3505	5289	1344	4484	1437
LP2000331-DNA_A01_vs_LP2000322-DNA_A01__pv	2684	785	3682	3652	1696
LP2000332-DNA_A01_vs_LP2000323-DNA_A01__pv	15637	1707	4776	7530	1668
LP2000333-DNA_A01_vs_LP2000324-DNA_A01__pv	5386	1362	1335	3338	1418
LP2000334-DNA_A01_vs_LP2000324-DNA_A01__pv	3593	1439	1473	3006	563
LP2000335-DNA_A01_vs_LP2000317-DNA_A01__pv	7601	2896	2050	2956	829
LP2000336-DNA_A01_vs_LP2000316-DNA_A01__pv	980	637	2005	1855	526
LP2000346-DNA_A01_vs_SM-4JPUU__pv	1735	3466	1641	8194	3030
LP2000350-DNA_A01_vs_SM-4JPUU__pv	1401	1710	3044	6138	2704
LP2000352-DNA_A01_vs_LP2000359-DNA_A01__pv	8887	4764	1794	3434	852
LP2000353-DNA_A01_vs_LP2000359-DNA_A01__pv	28270	7489	2076	3581	1000
LP2000355-DNA_A01_vs_LP2000359-DNA_A01__pv	9331	5188	1840	3534	1035
LP2000356-DNA_A01_vs_LP2000359-DNA_A01__pv	10285	6306	1865	3803	1016
LP2000357-DNA_A01_vs_LP2000359-DNA_A01__pv	9424	4747	2138	3428	931
LP2000366-DNA_A01_vs_SM-4JPUU__pv	2377	3035	1801	7692	2889
LP2000367-DNA_A01_vs_SM-4JPUU__pv	1748	3224	1804	8092	3088
LP2000368-DNA_A01_vs_SM-4JPUU__pv	1723	3052	1375	7289	2747
LP2000369-DNA_A01_vs_SM-4JPUU__pv	1491	2728	1334	6915	2596
LP2000370-DNA_A01_vs_SM-4JPUU__pv	1826	3521	1882	8649	3234
LP2000371-DNA_A01_vs_SM-4JPUU__pv	1453	1725	2986	6154	2716
LP2000372-DNA_A01_vs_LP2000359-DNA_A01__pv	9992	6867	1519	4281	1239
LP2000373-DNA_A01_vs_LP2000359-DNA_A01__pv	7535	3072	2260	2573	669
LP2101132-DNA_A01_vs_LP2101131-DNA_A01__pv	12877	4976	2399	6844	1209
LP2101136-DNA_A01_vs_LP2101133-DNA_A01__pv	1178	8104	2928	5417	4078
LP2101137-DNA_A01_vs_LP2101134-DNA_A01__pv	1165	759	1604	1103	580
LP2101140-DNA_A01_vs_LP2101155-DNA_A01__pv	5498	10026	1723	18125	2738
LP2101141-DNA_A01_vs_LP2101139-DNA_A01__pv	1248	4743	2194	2093	3560
LP2101142-DNA_A01_vs_LP2101143-DNA_A01__pv	1540	0	41362	4921	0
LP2101144-DNA_A01_vs_LP2101145-DNA_A01__pv	909	3374	2062	2833	1333
LP2101146-DNA_A01_vs_LP2101147-DNA_A01__pv	1355	4504	3012	6048	1779
LP2101148-DNA_A01_vs_LP2101149-DNA_A01__pv	752	9549	896	2818	3008
LP2101151-DNA_A01_vs_LP2101152-DNA_A01__pv	4698	6860	487	7812	3702
LP2101153-DNA_A01_vs_LP2101154-DNA_A01__pv	30338	13170	7852	5716	3804
LP2101156-DNA_A01_vs_LP2101157-DNA_A01__pv	2501	5175	66166	2849	0
LP2101158-DNA_A01_vs_LP2101159-DNA_A01__pv	16060	1405	8624	12943	2509
LP2101160-DNA_A01_vs_LP2101161-DNA_A01__pv	4599	3655	3669	3313	2524
LP2101162-DNA_B01_vs_LP2101163-DNA_B01__pv	492	479	305	974	294
LP2101164-DNA_A01_vs_LP2101165-DNA_A01__pv	493	2618	1350	4981	1183
LP2101166-DNA_A01_vs_LP2101167-DNA_A01__pv	2297	2550	1564	6176	1626
LP2101168-DNA_A01_vs_LP2101169-DNA_A01__pv	451	3211	2649	2287	1976
LP2101170-DNA_A01_vs_LP2101511-DNA_A01__pv	540	3033	514	1698	721
LP2101512-DNA_A01_vs_LP2101513-DNA_A01__pv	15507	3540	2308	4559	1631
LP6005334-DNA_A02_vs_LP6005333-DNA_A02__pv	3853	1567	3242	6373	1788
LP6005334-DNA_A03_vs_LP6005333-DNA_A03__pv	7432	2677	3407	6996	1958
LP6005334-DNA_A04_vs_LP6005333-DNA_A04__pv	4644	1916	2048	3409	2902
LP6005334-DNA_B01_vs_SM-4JPUU__pv	1257	835	2200	5362	2247
LP6005334-DNA_B02_vs_LP6005333-DNA_B02__pv	7255	777	5009	9295	1816
LP6005334-DNA_C01_vs_LP6005333-DNA_C01__pv	1008	7779	64	3658	3351
LP6005334-DNA_C02_vs_LP6005333-DNA_C02__pv	881	3168	927	2182	1449
LP6005334-DNA_C03_vs_LP6005333-DNA_C03__pv	2748	600	7185	4285	2375
LP6005334-DNA_D01_vs_LP6005333-DNA_D01__pv	0	209	114	39	316
LP6005334-DNA_D02_vs_LP6005333-DNA_D02__pv	19740	1794	0	3488	4806
LP6005334-DNA_D03_vs_LP6005333-DNA_D03__pv	325	1519	0	4429	3809
LP6005334-DNA_E01_vs_LP6005333-DNA_E01__pv	2102	4158	3656	5868	2787
LP6005334-DNA_E02_vs_LP6005333-DNA_E02__pv	2891	541	651	817	733
LP6005334-DNA_E03_vs_LP6005333-DNA_E03__pv	3180	10362	614	3713	3741
LP6005334-DNA_F01_vs_LP6005333-DNA_F01__pv	4342	4477	1544	13246	2867
LP6005334-DNA_F02_vs_LP6005333-DNA_F02__pv	20979	8379	1732	6379	1634
LP6005334-DNA_F03_vs_LP6005333-DNA_F03__pv	487	948	513	772	175
LP6005334-DNA_G01_vs_LP6005333-DNA_G01__pv	9154	0	2556	8382	12637
LP6005334-DNA_G02_vs_LP6005333-DNA_G02__pv	16042	5285	2408	7610	3132
LP6005334-DNA_G03_vs_LP6005333-DNA_G03__pv	4173	2287	1163	3397	1635
LP6005334-DNA_H01_vs_LP6005333-DNA_H01__pv	9942	5559	2645	7292	4899
LP6005334-DNA_H02_vs_LP6005333-DNA_H02__pv	31257	8094	1131	7992	2157
LP6005334-DNA_H03_vs_LP6005333-DNA_H03__pv	32080	0	2617	7996	2339
LP6005335-DNA_A01_vs_LP6005333-DNA_A03__pv	9575	1900	2144	5470	1050
LP6005409-DNA_A01_vs_LP6005408-DNA_A01__pv	185	986	1369	2303	3035
LP6005409-DNA_A02_vs_LP6005408-DNA_A02__pv	1761	3818	294	3603	1352
LP6005409-DNA_A03_vs_LP6005408-DNA_A03__pv	24710	0	16816	7129	1487
LP6005409-DNA_A04_vs_LP6005408-DNA_A04__pv	9123	2634	1081	3466	3127
LP6005409-DNA_B01_vs_LP6005408-DNA_B01__pv	53548	5974	0	9928	1170
LP6005409-DNA_B02_vs_LP6005408-DNA_B02__pv	1833	1428	4059	5992	1944
LP6005409-DNA_B04_vs_LP6005408-DNA_B04__pv	1111	3230	959	742	5356
LP6005409-DNA_C01_vs_LP6005408-DNA_C01__pv	1771	79	3480	2334	1963
LP6005409-DNA_C02_vs_LP6005408-DNA_C02__pv	1528	621	633	2913	332
LP6005409-DNA_C04_vs_LP6005408-DNA_C04__pv	663	5297	959	2591	1535
LP6005409-DNA_D01_vs_LP6005408-DNA_D01__pv	24635	4156	3483	5141	2954
LP6005409-DNA_D02_vs_LP6005408-DNA_D02__pv	17399	5246	5199	6103	4651
LP6005409-DNA_D03_vs_LP6005408-DNA_D03__pv	36773	1550	2342	4643	3250
LP6005409-DNA_E01_vs_LP6005408-DNA_E01__pv	731	2256	2304	3045	2045
LP6005409-DNA_E02_vs_LP6005408-DNA_E02__pv	2105	1280	2380	2950	1543
LP6005409-DNA_E03_vs_LP6005408-DNA_E03__pv	16566	5906	3274	5944	2388
LP6005409-DNA_F01_vs_LP6005408-DNA_F01__pv	14600	2396	2411	4787	78
LP6005409-DNA_F02_vs_LP6005408-DNA_F02__pv	5181	1124	1750	5313	2339
LP6005409-DNA_F03_vs_LP6005408-DNA_F03__pv	285	1262	1500	1678	1173
LP6005409-DNA_G02_vs_LP6005408-DNA_G02__pv	11711	4167	1356	2212	1336
LP6005409-DNA_G03_vs_LP6005408-DNA_G03__pv	18115	790	2620	4257	1483
LP6005409-DNA_H01_vs_LP6005408-DNA_H01__pv	391	991	6066	2864	1273
LP6005409-DNA_H02_vs_LP6005408-DNA_H02__pv	8394	3370	2130	5097	1132
LP6005409-DNA_H03_vs_LP6005408-DNA_H03__pv	6882	2162	1191	1145	644
LP6005496-DNA_A01_vs_LP6005408-DNA_B03__pv	10191	17680	16122	793	1074
LP6005496-DNA_B01_vs_LP6005408-DNA_C03__pv	8352	1508	3010	3718	3385
LP6005500-DNA_A01_vs_LP6005499-DNA_A01__pv	2429	3359	2013	4112	2488
LP6005500-DNA_A02_vs_LP6005499-DNA_A02__pv	7599	5712	6031	5775	2212
LP6005500-DNA_A03_vs_LP6005499-DNA_A03__pv	4630	4549	755	4110	2086
LP6005500-DNA_B01_vs_LP6005499-DNA_B01__pv	6448	3232	2466	3285	1965
LP6005500-DNA_B02_vs_LP6005499-DNA_B02__pv	14829	8001	3625	5846	2798
LP6005500-DNA_B03_vs_LP6005499-DNA_B03__pv	8027	7717	809	2504	1140
LP6005500-DNA_C01_vs_LP6005499-DNA_C01__pv	3084	2543	577	5064	948
LP6005500-DNA_C02_vs_LP6005499-DNA_C02__pv	4046	1944	10774	5576	1880
LP6005500-DNA_C03_vs_LP6005499-DNA_C03__pv	13700	2704	3977	3440	1581
LP6005500-DNA_D01_vs_LP6005499-DNA_D01__pv	5102	3310	1787	4044	1242
LP6005500-DNA_D02_vs_LP6005499-DNA_D02__pv	10003	1770	1575	12333	821
LP6005500-DNA_D03_vs_LP6005499-DNA_D03__pv	6922	3410	2837	3424	1775
LP6005500-DNA_E02_vs_LP6005499-DNA_E02__pv	31009	3326	1238	3456	1544
LP6005500-DNA_E03_vs_LP6005499-DNA_E03__pv	64839	7264	923	4823	3044
LP6005500-DNA_F01_vs_LP6005499-DNA_F01__pv	8161	5498	713	4354	3130
LP6005500-DNA_F02_vs_LP6005499-DNA_F02__pv	4624	3663	4842	7355	10437
LP6005500-DNA_F03_vs_LP6005499-DNA_F03__pv	3821	946	10611	9683	2242
LP6005500-DNA_G01_vs_LP6005499-DNA_G01__pv	39237	0	2707	3631	1515
LP6005500-DNA_G02_vs_LP6005499-DNA_G02__pv	0	0	2414	729	846
LP6005500-DNA_G03_vs_LP6005499-DNA_G03__pv	14711	3086	3802	3242	450
LP6005500-DNA_H01_vs_LP6005499-DNA_H01__pv	7401	1902	4143	4891	3309
LP6005500-DNA_H02_vs_LP6005499-DNA_H02__pv	6704	373	4132	2439	4582
LP6005500-DNA_H03_vs_LP6005499-DNA_H03__pv	9170	4605	3056	3927	2345
LP6005501-DNA_A01_vs_LP6005499-DNA_A01__pv	425	862	623	1480	329
LP6005501-DNA_B01_vs_LP6005499-DNA_B01__pv	5897	3786	2370	3304	1975
LP6005501-DNA_C01_vs_LP6005499-DNA_C01__pv	3457	1871	4663	8885	1441
LP6005501-DNA_D01_vs_LP6005499-DNA_D01__pv	3865	2128	3536	5792	2302
LP6005501-DNA_E01_vs_LP6005499-DNA_E01__pv	989	640	733	758	426
LP6005501-DNA_F01_vs_LP6005499-DNA_F01__pv	13891	5622	978	3831	2784
LP6005690-DNA_A02_vs_LP6005689-DNA_A02__pv	955	2352	1513	7185	1060
LP6005690-DNA_B01_vs_LP6005689-DNA_B01__pv	8100	2298	1216	4504	1206
LP6005690-DNA_B03_vs_LP6005777-DNA_A01__pv	17662	4610	2999	3174	1538
LP6005690-DNA_C02_vs_LP6005689-DNA_C02__pv	458	1846	4188	7403	1933
LP6005690-DNA_C03_vs_LP6005689-DNA_C03__pv	16969	5063	1939	8189	2060
LP6005690-DNA_D02_vs_LP6005689-DNA_D02__pv	25633	3550	3287	3515	3559
LP6005690-DNA_D03_vs_LP6005689-DNA_D03__pv	21708	2874	1160	3275	2680
LP6005690-DNA_E01_vs_LP6005689-DNA_E01__pv	13445	4922	925	12085	2731
LP6005690-DNA_E02_vs_LP6005689-DNA_E02__pv	3	0	29	2	10
LP6005690-DNA_E03_vs_LP6005689-DNA_E03__pv	2763	2087	2635	5252	877
LP6005690-DNA_F01_vs_LP6005689-DNA_F01__pv	14989	4409	3085	5233	2169
LP6005690-DNA_F02_vs_LP6005689-DNA_F02__pv	27695	6555	2099	2317	2130
LP6005690-DNA_F03_vs_LP6005689-DNA_F03__pv	3630	2770	2805	4998	2736
LP6005690-DNA_G02_vs_LP6005689-DNA_G02__pv	13099	3478	2264	5613	1724
LP6005690-DNA_H02_vs_LP6005689-DNA_H02__pv	43497	1745	3431	4724	1641
LP6005691-DNA_A01_vs_LP6005689-DNA_C01__pv	2161	363	2605	5312	515
LP6005691-DNA_A02_vs_LP6005689-DNA_F03__pv	1139	658	1425	1759	711
LP6005691-DNA_B01_vs_LP6005689-DNA_E01__pv	14602	5138	873	12315	2324
LP6005691-DNA_C01_vs_LP6005689-DNA_A02__pv	635	584	1999	5916	1096
LP6005691-DNA_D01_vs_LP6005689-DNA_B02__pv	60105	3918	2174	2640	1274
LP6005691-DNA_E01_vs_LP6005689-DNA_D01__pv	2457	2240	1164	983	300
LP6005691-DNA_F01_vs_LP6005689-DNA_F01__pv	14614	1949	1991	3396	901
LP6005691-DNA_G01_vs_LP6005689-DNA_G01__pv	2	42	144	58	27
LP6005691-DNA_H01_vs_LP6005689-DNA_H01__pv	3349	690	473	1449	414
LP6005935-DNA_A01_vs_LP6005979-DNA_A01__pv	21487	6158	5446	10824	3020
LP6005935-DNA_A02_vs_LP6005934-DNA_A02__pv	19328	600	2815	3074	3120
LP6005935-DNA_A03_vs_LP6005934-DNA_A03__pv	435	908	3890	4994	920
LP6005935-DNA_B01_vs_LP6005934-DNA_B01__pv	1515	6292	563	3734	1340
LP6005935-DNA_B02_vs_LP6005934-DNA_B02__pv	15214	8859	148	5228	3301
LP6005935-DNA_B03_vs_LP6005934-DNA_B03__pv	34748	2612	0	7796	3921
LP6005935-DNA_B04_vs_LP6005934-DNA_B04__pv	1869	585	4999	8472	1510
LP6005935-DNA_C01_vs_LP6005934-DNA_C01__pv	15700	44591	119948	0	3105
LP6005935-DNA_C02_vs_LP6005979-DNA_B01__pv	14364	4983	4151	6297	3139
LP6005935-DNA_C03_vs_LP6005934-DNA_C03__pv	755	911	1473	1878	590
LP6005935-DNA_C04_vs_LP6005934-DNA_C04__pv	31721	7833	4535	8068	4771
LP6005935-DNA_D01_vs_LP6005934-DNA_D01__pv	19761	4495	2466	9278	1632
LP6005935-DNA_D02_vs_LP6005934-DNA_D02__pv	14414	6619	1340	2850	1628
LP6005935-DNA_D04_vs_LP6005934-DNA_C03__pv	2160	1032	952	3229	545
LP6005935-DNA_E01_vs_LP6005934-DNA_E01__pv	27468	4401	5005	5242	1652
LP6005935-DNA_E02_vs_LP6005934-DNA_E02__pv	8965	6207	2292	3598	1320
LP6005935-DNA_E03_vs_LP6005934-DNA_E03__pv	6964	2715	2406	5191	2958
LP6005935-DNA_E04_vs_LP6005934-DNA_E02__pv	4422	1280	1332	2589	243
LP6005935-DNA_F01_vs_LP6005934-DNA_F01__pv	189	4140	453	1223	2772
LP6005935-DNA_F02_vs_LP6005934-DNA_F02__pv	69458	24501	6015	0	3214
LP6005935-DNA_F03_vs_LP6005934-DNA_F03__pv	1663	0	54251	4217	1456
LP6005935-DNA_F04_vs_LP6007426-DNA_A01__pv	45710	3958	0	1876	9532
LP6005935-DNA_G01_vs_LP6005934-DNA_G01__pv	19733	1328	6027	2434	3150
LP6005935-DNA_G02_vs_LP6005979-DNA_C01__pv	1227	4262	620	12644	2228
LP6005935-DNA_G03_vs_LP6005934-DNA_G03__pv	1283	2840	549	3844	1616
LP6005935-DNA_H01_vs_LP6005934-DNA_H01__pv	12042	6762	1763	9315	2371
LP6005935-DNA_H02_vs_LP6005934-DNA_H02__pv	6191	6047	2923	5916	3443
LP6005935-DNA_H03_vs_LP6005934-DNA_H03__pv	1852	4704	54609	4502	0
LP6007358-DNA_A01_vs_LP6007553-DNA_A01__pv	4037	3332	1028	6266	1367
LP6007394-DNA_A01_vs_LP6007393-DNA_A01__pv	5724	1826	2792	2319	684
LP6007396-DNA_A01_vs_LP6007395-DNA_A01__pv	6555	3290	3627	4765	2369
LP6007398-DNA_A01_vs_LP6007397-DNA_A01__pv	2893	3099	3247	3053	2372
LP6007399-DNA_A01_vs_LP6007397-DNA_A01__pv	2916	2921	3182	3007	2264
LP6007401-DNA_A01_vs_LP6007400-DNA_A01__pv	20127	9264	2218	5214	2514
LP6007402-DNA_A01_vs_LP6007400-DNA_A01__pv	11331	1384	1412	2490	690
LP6007404-DNA_A01_vs_LP6007403-DNA_A01__pv	1430	2146	2608	5427	917
LP6007405-DNA_A01_vs_LP6007403-DNA_A01__pv	2479	809	645	1801	145
LP6007407-DNA_A01_vs_LP6007406-DNA_A01__pv	14990	4661	4525	6662	3373
LP6007409-DNA_A01_vs_LP6007408-DNA_A01__pv	2176	1713	4660	4339	1199
LP6007410-DNA_A01_vs_LP6007408-DNA_A01__pv	8330	2358	3032	5561	861
LP6007414-DNA_A02_vs_LP6007413-DNA_A02__pv	600	1745	2267	5101	1285
LP6007416-DNA_A01_vs_LP6007415-DNA_A01__pv	2711	3404	3563	6274	2778
LP6007418-DNA_A02_vs_LP6007417-DNA_A02__pv	8425	9666	3025	3089	1701
LP6007420-DNA_A01_vs_LP6007419-DNA_A01__pv	30043	6605	507	1977	7086
LP6007422-DNA_A01_vs_LP6007421-DNA_A01__pv	2663	3315	2620	3722	957
LP6007424-DNA_A01_vs_LP6007423-DNA_A01__pv	7589	9671	1679	3947	2658
LP6007425-DNA_A01_vs_LP6007423-DNA_A01__pv	7749	9513	1621	3934	2525
LP6007427-DNA_A01_vs_LP6007426-DNA_A01__pv	58199	6074	0	1837	12533
LP6007428-DNA_A01_vs_LP6007426-DNA_A01__pv	405	1338	803	583	226
LP6007430-DNA_A01_vs_LP6007429-DNA_A01__pv	5056	1829	4291	8442	1664
LP6007432-DNA_A01_vs_LP6007431-DNA_A01__pv	35637	5398	488	1655	2946
LP6007434-DNA_A01_vs_LP6007433-DNA_A01__pv	10629	5222	1607	6013	1608
LP6007436-DNA_A01_vs_LP6007435-DNA_A01__pv	23544	3294	3285	4471	2721
LP6007438-DNA_A01_vs_LP6007437-DNA_A01__pv	410	3846	1317	1311	2050
LP6007440-DNA_A01_vs_LP6007439-DNA_A01__pv	41375	5633	4185	7219	4783
LP6007442-DNA_A01_vs_LP6007441-DNA_A01__pv	91980	4925	0	19224	4098
LP6007504-DNA_A01_vs_LP6007566-DNA_A01__pv	4083	1883	939	1852	962
LP6007506-DNA_A01_vs_LP6007505-DNA_A01__pv	3610	1815	2596	5273	3035
LP6007508-DNA_A01_vs_LP6007507-DNA_A01__pv	2776	2944	2030	2391	2076
LP6007512-DNA_A01_vs_LP6007511-DNA_A01__pv	10485	1859	5799	4656	2972
LP6007514-DNA_A01_vs_LP6007513-DNA_A01__pv	1658	2730	2647	4464	956
LP6007516-DNA_A01_vs_LP6007515-DNA_A01__pv	2243	6171	2394	4312	2423
LP6007518-DNA_A01_vs_LP6007517-DNA_A01__pv	24043	10661	224	5353	3207
LP6007520-DNA_A01_vs_LP6007519-DNA_A01__pv	1335	2304	1863	5043	902
LP6007521-DNA_A01_vs_LP6007519-DNA_A01__pv	318	796	1211	1824	422
LP6007523-DNA_A01_vs_LP6007522-DNA_A01__pv	1116	2469	2071	7425	1170
LP6007529-DNA_A01_vs_LP6007528-DNA_A01__pv	10750	2352	1796	6839	4180
LP6007531-DNA_A01_vs_LP6007530-DNA_A01__pv	20496	4874	2855	3652	2984
LP6007533-DNA_A01_vs_LP6007532-DNA_A01__pv	1183	1729	1590	3129	2025
LP6007535-DNA_A01_vs_LP6007534-DNA_A01__pv	1390	1704	1179	1869	1930
LP6007536-DNA_A01_vs_LP6007534-DNA_A01__pv	935	1910	468	1556	4023
LP6007538-DNA_A01_vs_LP6007537-DNA_A01__pv	15014	3597	1863	4771	1868
LP6007540-DNA_A01_vs_LP6007539-DNA_A01__pv	7592	460	3212	6286	995
LP6007542-DNA_A01_vs_LP6007541-DNA_A01__pv	6623	9127	2790	7192	5007
LP6007544-DNA_A01_vs_LP6007569-DNA_A01__pv	4523	2677	2491	7771	1650
LP6007546-DNA_A01_vs_LP6007568-DNA_A01__pv	2707	0	2902	3604	2455
LP6007548-DNA_A01_vs_LP6007547-DNA_A01__pv	1842	821	753	1712	1341
LP6007550-DNA_A01_vs_LP6007549-DNA_A01__pv	19845	469	2312	5651	3270
LP6007552-DNA_A01_vs_LP6007551-DNA_A01__pv	6905	4294	854	3838	4365
LP6007567-DNA_A01_vs_LP6007524-DNA_A01__pv	6863	2419	2901	4380	1563
LP6007591_vs_LP6007590__pv	36910	0	6074	7427	7900
LP6007592_vs_LP6007590__pv	2777	550	3158	3823	1045
LP6007594_vs_LP6007593__pv	1142	2624	5388	7205	956
LP6007595_vs_LP6007593__pv	4334	1648	1961	4182	193
LP6007597_vs_LP6007596__pv	17051	10365	4028	5947	546
LP6007598_vs_LP6007596__pv	5400	2679	1316	2653	239
LP6007600_vs_LP6007599__pv	157	1785	1765	1718	542
LP6007602_vs_LP6007601__pv	59965	0	5	2391	2602
LP6008017-DNA_A01_vs_LP6008018-DNA_B01__pv	31262	3295	2068	5027	493
LP6008017-DNA_A02_vs_LP6008018-DNA_B01__pv	47808	5103	2223	4984	0
LP6008017-DNA_A03_vs_LP6008018-DNA_C01__pv	34918	3751	2165	8147	1299
LP6008017-DNA_A04_vs_LP6008018-DNA_A01__pv	10108	1723	3683	5301	8927
LP6008017-DNA_B01_vs_LP6008018-DNA_B01__pv	41943	3231	2040	4911	366
LP6008017-DNA_B02_vs_LP6008018-DNA_B01__pv	30636	3105	1643	4614	482
LP6008017-DNA_B03_vs_LP6008018-DNA_C01__pv	35379	4003	2401	8465	1334
LP6008017-DNA_B04_vs_LP6008018-DNA_A01__pv	4991	1455	1437	2750	1594
LP6008017-DNA_C01_vs_LP6008018-DNA_B01__pv	55257	3351	1557	5674	442
LP6008017-DNA_C02_vs_LP6008018-DNA_C01__pv	34118	3873	1833	8030	1127
LP6008017-DNA_C03_vs_LP6008018-DNA_C01__pv	35153	3811	2148	8109	1256
LP6008017-DNA_C04_vs_LP6008018-DNA_C01__pv	6	38	53	13	25
LP6008017-DNA_D01_vs_LP6008018-DNA_B01__pv	44413	3285	1857	5375	370
LP6008017-DNA_D02_vs_LP6008018-DNA_C01__pv	35123	5087	1963	8655	1296
LP6008017-DNA_D03_vs_LP6008018-DNA_A01__pv	9693	2475	3813	5526	4757
LP6008017-DNA_E01_vs_LP6008018-DNA_B01__pv	52283	3899	1666	5592	419
LP6008017-DNA_E02_vs_LP6008018-DNA_C01__pv	35181	6037	1539	9284	1394
LP6008017-DNA_E03_vs_LP6008018-DNA_A01__pv	9407	2481	3145	5298	3607
LP6008017-DNA_F01_vs_LP6008018-DNA_B01__pv	34514	3646	1640	5907	463
LP6008017-DNA_F02_vs_LP6008018-DNA_C01__pv	36615	4800	2009	8612	1321
LP6008017-DNA_F03_vs_LP6008018-DNA_A01__pv	6927	1585	1619	3246	3604
LP6008017-DNA_G01_vs_LP6008018-DNA_B01__pv	35580	3561	2116	5140	475
LP6008017-DNA_G02_vs_LP6008018-DNA_C01__pv	39255	6051	1794	9400	1683
LP6008017-DNA_G03_vs_LP6008018-DNA_A01__pv	9539	2767	2982	5992	5381
LP6008017-DNA_H01_vs_LP6008018-DNA_B01__pv	45762	3386	1612	5571	460
LP6008017-DNA_H02_vs_LP6008018-DNA_C01__pv	34833	5191	1574	8989	1318
LP6008017-DNA_H03_vs_LP6008018-DNA_A01__pv	11578	1845	3855	5166	8895
LP6008031-DNA_A01_vs_LP6008032-DNA_A01__pv	4926	8968	413	4979	6438
LP6008031-DNA_A02_vs_LP6008032-DNA_C02__pv	5501	4748	2664	12161	6352
LP6008031-DNA_A03_vs_LP6008032-DNA_E03__pv	1682	1035	2111	5338	1803
LP6008031-DNA_A04_vs_LP6008032-DNA_D03__pv	19891	2904	2685	3702	2113
LP6008031-DNA_B01_vs_LP6008032-DNA_B01__pv	5234	789	2465	2448	1593
LP6008031-DNA_B02_vs_LP6008032-DNA_D02__pv	1673	2072	1238	11146	1168
LP6008031-DNA_B03_vs_LP6008032-DNA_F03__pv	509	908	2981	4458	1994
LP6008031-DNA_B04_vs_LP6008032-DNA_C02__pv	407	1134	864	2103	400
LP6008031-DNA_C01_vs_LP6008032-DNA_C01__pv	13047	1398	5667	8812	3606
LP6008031-DNA_C02_vs_LP6008032-DNA_E02__pv	6914	3137	3745	7432	996
LP6008031-DNA_C03_vs_LP6008032-DNA_G03__pv	0	0	109	66	6
LP6008031-DNA_D01_vs_LP6008032-DNA_D01__pv	4731	4269	669	3972	1595
LP6008031-DNA_D02_vs_LP6008032-DNA_F02__pv	9796	2965	2935	4499	983
LP6008031-DNA_D03_vs_LP6008032-DNA_H03__pv	1046	4761	929	5929	3142
LP6008031-DNA_E01_vs_LP6008032-DNA_E01__pv	8001	15963	36504	5772	0
LP6008031-DNA_E02_vs_LP6008032-DNA_G02__pv	12670	4934	713	11438	1529
LP6008031-DNA_E03_vs_LP6008032-DNA_A04__pv	14281	15220	64354	1110	0
LP6008031-DNA_F01_vs_LP6008032-DNA_F01__pv	5729	2750	1963	5932	1055
LP6008031-DNA_F02_vs_LP6008032-DNA_H02__pv	4398	1491	1604	1079	856
LP6008031-DNA_F03_vs_LP6008032-DNA_H01__pv	19496	5434	5988	6884	3097
LP6008031-DNA_G01_vs_LP6008032-DNA_G01__pv	9508	3797	1785	3652	1579
LP6008031-DNA_G02_vs_LP6008032-DNA_A03__pv	2415	5041	1926	4701	2376
LP6008031-DNA_G03_vs_LP6008032-DNA_A02__pv	8755	18006	0	8124	3555
LP6008031-DNA_H01_vs_LP6008032-DNA_B02__pv	8381	2187	5628	4999	1799
LP6008031-DNA_H02_vs_LP6008032-DNA_B03__pv	2358	6743	36115	5412	205
LP6008031-DNA_H03_vs_LP6008032-DNA_C03__pv	35052	0	38839	2746	855
LP6008051-DNA_A01_vs_LP6008050-DNA_C02__pv	63	1251	1204	3217	2814
LP6008051-DNA_A02_vs_LP6008050-DNA_E01__pv	4141	2764	2382	3330	1203
LP6008051-DNA_A03_vs_LP6008050-DNA_G02__pv	40656	2805	651	5297	3773
LP6008051-DNA_B01_vs_LP6008138-DNA_B03__pv	12591	4552	2062	2021	1676
LP6008051-DNA_B02_vs_LP6008050-DNA_F01__pv	7429	46	4542	8914	2936
LP6008051-DNA_B03_vs_LP6008050-DNA_G02__pv	39012	2464	636	4784	3602
LP6008051-DNA_C01_vs_LP6008050-DNA_E02__pv	9761	2555	4073	5199	2143
LP6008051-DNA_C02_vs_LP6008050-DNA_G01__pv	7891	5718	1722	2849	2056
LP6008051-DNA_C03_vs_LP6008050-DNA_G02__pv	40549	4184	1093	5418	3860
LP6008051-DNA_D01_vs_LP6008050-DNA_F02__pv	8324	4193	4161	9574	1609
LP6008051-DNA_D03_vs_LP6008050-DNA_G02__pv	38999	731	288	6288	3795
LP6008051-DNA_E01_vs_LP6008050-DNA_A01__pv	5525	6536	3088	4073	1186
LP6008051-DNA_E02_vs_LP6008050-DNA_A02__pv	3740	8589	0	11193	137
LP6008051-DNA_E03_vs_LP6008050-DNA_G02__pv	39340	1549	836	5094	3449
LP6008051-DNA_F01_vs_LP6008050-DNA_B01__pv	6892	2746	4019	5510	1607
LP6008051-DNA_F02_vs_LP6008050-DNA_B02__pv	2557	12437	1699	7320	4542
LP6008051-DNA_F03_vs_LP6008050-DNA_G02__pv	39109	1118	1154	4736	3488
LP6008051-DNA_G01_vs_LP6008050-DNA_C01__pv	4688	3538	912	1792	5858
LP6008051-DNA_G02_vs_LP6008050-DNA_B02__pv	399	381	1446	2391	555
LP6008051-DNA_G03_vs_LP6008050-DNA_G02__pv	39695	2928	982	5276	3601
LP6008051-DNA_H03_vs_LP6008050-DNA_G02__pv	39163	1691	811	4818	3534
LP6008139-DNA_A01_vs_LP6008140-DNA_A01__pv	14940	5382	1521	5651	1312
LP6008139-DNA_A02_vs_LP6008140-DNA_A01__pv	13481	4790	1117	4963	1158
LP6008139-DNA_A03_vs_LP2000102-DNA_A01__pv	8673	3440	0	8377	5622
LP6008139-DNA_B01_vs_LP6008140-DNA_A01__pv	15043	5502	1434	6067	1248
LP6008139-DNA_B02_vs_LP6008140-DNA_A01__pv	10824	3637	1078	3265	915
LP6008139-DNA_B03_vs_LP6005408-DNA_H03__pv	17556	6163	3431	3072	1495
LP6008139-DNA_C01_vs_LP6008140-DNA_A01__pv	12685	4569	1630	4849	1129
LP6008139-DNA_C02_vs_LP6008140-DNA_A01__pv	19040	4260	1656	4905	1420
LP6008139-DNA_C03_vs_LP6005408-DNA_H03__pv	17450	5906	3579	2738	1510
LP6008139-DNA_D01_vs_LP6008140-DNA_A01__pv	11561	4678	1982	4914	1136
LP6008139-DNA_D02_vs_LP6008140-DNA_A01__pv	14291	4844	1657	4798	1171
LP6008139-DNA_D03_vs_LP6008140-DNA_A01__pv	12331	1968	1611	2677	669
LP6008139-DNA_E01_vs_LP6008140-DNA_A01__pv	18751	4629	1825	4884	1498
LP6008139-DNA_E02_vs_LP6008140-DNA_A01__pv	14740	5223	1676	5638	1317
LP6008139-DNA_F01_vs_LP6008140-DNA_A01__pv	15302	5596	1883	5270	1353
LP6008139-DNA_F02_vs_LP6008140-DNA_A01__pv	12063	4549	1898	5387	1131
LP6008139-DNA_G01_vs_LP6008140-DNA_A01__pv	14732	6031	1664	6027	1414
LP6008139-DNA_G02_vs_LP6008140-DNA_A01__pv	7218	909	522	579	114
LP6008139-DNA_H01_vs_LP6008140-DNA_A01__pv	13572	5327	1563	5263	1243
LP6008139-DNA_H02_vs_LP2000102-DNA_A01__pv	8626	3564	0	8687	5642
LP6008141-DNA_A01_vs_LP6008138-DNA_A01__pv	9648	951	6966	9083	2077
LP6008141-DNA_A02_vs_LP6008138-DNA_A02__pv	63116	11287	219	10512	0
LP6008141-DNA_A03_vs_LP6008138-DNA_F01__pv	8112	950	1330	1239	535
LP6008141-DNA_B01_vs_LP6008138-DNA_B01__pv	10309	1414	3355	4179	3696
LP6008141-DNA_B02_vs_LP6008138-DNA_B02__pv	4467	2849	2554	7024	1700
LP6008141-DNA_B03_vs_LP6008138-DNA_H01__pv	6272	696	3045	4409	380
LP6008141-DNA_C01_vs_LP6008138-DNA_C01__pv	6296	1405	2253	6879	2023
LP6008141-DNA_C02_vs_LP6008138-DNA_C02__pv	42070	2728	4034	8234	1398
LP6008141-DNA_C03_vs_LP6008032-DNA_A03__pv	2345	4738	1965	4618	2343
LP6008141-DNA_D01_vs_LP6008138-DNA_D01__pv	5341	8476	0	5049	14691
LP6008141-DNA_D02_vs_LP6008138-DNA_D02__pv	52516	3297	0	1908	11152
LP6008141-DNA_E01_vs_LP6008138-DNA_E01__pv	7537	5746	3070	5165	2625
LP6008141-DNA_E02_vs_LP6008138-DNA_E02__pv	13129	4594	2974	3560	3166
LP6008141-DNA_F01_vs_LP6008138-DNA_F01__pv	5799	5488	1265	2221	1886
LP6008141-DNA_F02_vs_LP6008138-DNA_F02__pv	42552	4295	770	5340	2574
LP6008141-DNA_G01_vs_LP6008138-DNA_G01__pv	1328	1368	3618	3460	2391
LP6008141-DNA_G02_vs_LP6008138-DNA_G02__pv	17944	2557	2205	5871	2080
LP6008141-DNA_H01_vs_LP6008138-DNA_H01__pv	1399	6586	1152	3253	1513
LP6008141-DNA_H02_vs_LP6008138-DNA_H02__pv	2613	2187	0	10901	1846
LP6008143-DNA_A01_vs_LP6008144-DNA_A01__pv	12560	3121	5190	8254	1095
LP6008143-DNA_A02_vs_LP6008144-DNA_A01__pv	7072	1429	4550	7519	913
LP6008143-DNA_B01_vs_LP6008144-DNA_A01__pv	11619	2986	4820	8039	1003
LP6008143-DNA_B02_vs_LP6008144-DNA_A01__pv	4417	1254	1125	2513	187
LP6008143-DNA_C01_vs_LP6008144-DNA_A01__pv	17698	5454	5600	8378	944
LP6008143-DNA_C02_vs_LP6008144-DNA_A01__pv	26866	8865	6083	7538	443
LP6008143-DNA_D01_vs_LP6008144-DNA_A01__pv	17424	4699	5122	8314	910
LP6008143-DNA_D02_vs_LP6008144-DNA_A01__pv	15663	4884	5226	8286	918
LP6008143-DNA_E01_vs_LP6008144-DNA_A01__pv	15015	4541	5139	8020	898
LP6008143-DNA_E02_vs_LP6008144-DNA_A01__pv	15160	4747	4908	7969	884
LP6008143-DNA_F01_vs_LP6008144-DNA_A01__pv	509	116	102	418	31
LP6008143-DNA_F02_vs_LP6008144-DNA_A01__pv	17539	5614	5369	8416	967
LP6008143-DNA_G01_vs_LP6008144-DNA_A01__pv	12517	3452	5099	7951	996
LP6008143-DNA_G02_vs_LP6008144-DNA_A01__pv	15491	4755	5189	8192	871
LP6008143-DNA_H01_vs_LP6008144-DNA_A01__pv	13323	4436	4156	7064	785
LP6008143-DNA_H02_vs_LP6008144-DNA_A01__pv	19159	5703	5210	8016	800
LP6008202-DNA_A01_vs_LP6008201-DNA_A01__pv	2964	118148	67267	0	14768
LP6008202-DNA_A02_vs_LP6008201-DNA_A02__pv	37024	1311	3222	1014	4274
LP6008202-DNA_A03_vs_LP6008201-DNA_A03__pv	191	1880	0	1447	2222
LP6008202-DNA_B01_vs_LP6008201-DNA_B01__pv	22210	6145	642	6750	4314
LP6008202-DNA_B02_vs_LP6008201-DNA_B02__pv	6395	3733	4438	9748	1355
LP6008202-DNA_B03_vs_LP6008201-DNA_B03__pv	4335	0	0	134	280
LP6008202-DNA_C01_vs_LP6008201-DNA_C01__pv	10751	25413	13172	6106	5490
LP6008202-DNA_C02_vs_LP6008201-DNA_C02__pv	2136	1772	2018	3150	1431
LP6008202-DNA_C03_vs_LP6008201-DNA_C03__pv	7587	3317	3044	4871	1001
LP6008202-DNA_D01_vs_LP6008201-DNA_D01__pv	0	49263	27897	0	5970
LP6008202-DNA_D02_vs_LP6008201-DNA_D02__pv	2381	2767	3131	6486	2402
LP6008202-DNA_D03_vs_LP6008201-DNA_D03__pv	9069	2790	184	2571	4858
LP6008202-DNA_E01_vs_LP6008201-DNA_E01__pv	14609	15164	402	14238	2441
LP6008202-DNA_E02_vs_LP6008201-DNA_E02__pv	3856	3239	3320	3215	1220
LP6008202-DNA_E03_vs_LP6008201-DNA_D01__pv	0	41612	21080	1331	5653
LP6008202-DNA_F02_vs_LP6008201-DNA_F02__pv	3224	2620	3499	4174	1741
LP6008202-DNA_G01_vs_LP6008201-DNA_G01__pv	884	6909	4022	7237	1074
LP6008202-DNA_G02_vs_LP6008201-DNA_G02__pv	15162	6633	1312	2938	2187
LP6008202-DNA_H01_vs_LP6008201-DNA_H01__pv	13442	16746	10686	2665	3382
LP6008202-DNA_H02_vs_LP6008201-DNA_H02__pv	7117	4239	2365	2809	3087
LP6008208-DNA_A01_vs_LP6008203-DNA_A01__pv	0	1134	1736	2264	839
LP6008208-DNA_A02_vs_LP6005979-DNA_A01__pv	40551	6073	3745	4963	2485
LP6008208-DNA_B01_vs_LP6008203-DNA_A01__pv	8	151	123	134	142
LP6008208-DNA_B02_vs_LP6005979-DNA_A01__pv	0	69	26	0	0
LP6008208-DNA_C01_vs_LP6008203-DNA_A01__pv	0	1132	1799	3334	884
LP6008208-DNA_C02_vs_LP6005979-DNA_A01__pv	11568	2188	5117	6832	3382
LP6008208-DNA_D01_vs_LP6008203-DNA_A01__pv	13	1031	2157	2136	805
LP6008208-DNA_E01_vs_LP6008203-DNA_A01__pv	0	895	2211	2130	808
LP6008208-DNA_F01_vs_LP6008203-DNA_A01__pv	12	1089	2179	2030	874
LP6008208-DNA_G01_vs_LP6008203-DNA_A01__pv	38	945	1935	1680	849
LP6008208-DNA_H01_vs_LP6005979-DNA_A01__pv	11302	2043	5055	6727	3136
LP6008221-DNA_A01_vs_LP6008220-DNA_A01__pv	27601	1639	2574	3182	1533
LP6008221-DNA_A02_vs_LP6008220-DNA_A02__pv	1042	5514	1359	11748	552
LP6008221-DNA_A03_vs_LP6008220-DNA_A03__pv	2017	1244	3620	8116	1428
LP6008221-DNA_A04_vs_LP6008050-DNA_H01__pv	7412	10484	1624	5081	1632
LP6008221-DNA_B01_vs_LP6008220-DNA_B01__pv	121	660	367	742	371
LP6008221-DNA_B02_vs_LP6008220-DNA_B02__pv	4990	3659	865	2474	2546
LP6008221-DNA_B03_vs_LP6008220-DNA_B03__pv	9237	3269	3301	4483	1807
LP6008221-DNA_C01_vs_LP6008220-DNA_C01__pv	21439	4252	4032	4407	4640
LP6008221-DNA_C02_vs_LP6008220-DNA_C02__pv	338	870	2231	2349	780
LP6008221-DNA_C03_vs_LP6008220-DNA_C03__pv	3053	3456	1384	4388	1927
LP6008221-DNA_D01_vs_LP6008220-DNA_D01__pv	12583	6577	5402	7298	4732
LP6008221-DNA_D02_vs_LP6008220-DNA_D02__pv	10509	2606	1027	4051	4552
LP6008221-DNA_D03_vs_LP6008220-DNA_D03__pv	26640	4434	3325	2372	2855
LP6008221-DNA_E01_vs_LP6008220-DNA_E01__pv	25804	8826	2714	1899	353
LP6008221-DNA_E02_vs_LP6008220-DNA_E02__pv	26651	4606	2410	2830	1259
LP6008221-DNA_E03_vs_LP6008220-DNA_E03__pv	26361	5487	4213	4993	2413
LP6008221-DNA_F01_vs_LP6008220-DNA_F01__pv	3802	5915	1302	3362	1297
LP6008221-DNA_F02_vs_LP6008220-DNA_F02__pv	3121	25262	28357	0	2063
LP6008221-DNA_F03_vs_LP6008220-DNA_F03__pv	17821	8174	4446	6569	1371
LP6008221-DNA_G01_vs_LP6008220-DNA_G01__pv	85	3776	1429	1887	1752
LP6008221-DNA_G02_vs_LP6008220-DNA_G02__pv	5586	3365	958	9105	1296
LP6008221-DNA_G03_vs_LP6008220-DNA_H02__pv	1242	631	912	1224	591
LP6008221-DNA_H01_vs_LP6008220-DNA_H01__pv	3389	0	4544	3038	6301
LP6008221-DNA_H02_vs_LP6008220-DNA_H02__pv	3067	9007	975	6402	2639
LP6008221-DNA_H03_vs_LP6008220-DNA_D03__pv	2468	477	749	1376	320
LP6008267-DNA_A01_vs_LP6008266-DNA_A01__pv	36208	4255	4439	5771	1454
LP6008267-DNA_A02_vs_LP6008266-DNA_G01__pv	1838	1929	2083	5403	899
LP6008267-DNA_B01_vs_LP6008266-DNA_B01__pv	62914	2781	3547	3662	2777
LP6008267-DNA_B02_vs_LP6008266-DNA_H01__pv	14260	7366	3379	6195	2147
LP6008267-DNA_C01_vs_LP6008266-DNA_C01__pv	13191	4928	3976	6191	2128
LP6008267-DNA_C02_vs_LP6008266-DNA_H01__pv	1533	715	2972	3302	773
LP6008267-DNA_D01_vs_LP6008201-DNA_F01__pv	2553	4323	1468	2710	1777
LP6008267-DNA_D02_vs_LP6008266-DNA_A02__pv	2149	11191	3834	5838	8548
LP6008267-DNA_E01_vs_LP6008266-DNA_D01__pv	7460	2917	2918	5899	1681
LP6008267-DNA_E02_vs_LP6008266-DNA_A02__pv	3621	6313	1477	6692	1675
LP6008267-DNA_F01_vs_LP6008266-DNA_E01__pv	21553	4778	2631	3894	1995
LP6008267-DNA_G01_vs_LP6008266-DNA_F01__pv	1678	4484	0	3756	9821
LP6008267-DNA_H01_vs_LP6008266-DNA_G01__pv	1806	2354	4362	6051	2433
LP6008269-DNA_A02_vs_LP6008268-DNA_C02__pv	312	878	1476	1903	521
LP6008269-DNA_A03_vs_LP6008268-DNA_C03__pv	139045	0	1149	1072	1620
LP6008269-DNA_A04_vs_LP6008268-DNA_C04__pv	2255	805	1666	2171	556
LP6008269-DNA_A05_vs_LP6008268-DNA_C05__pv	3868	0	4037	7137	1642
LP6008269-DNA_A06_vs_LP6008268-DNA_B06__pv	555	1450	2511	3046	1228
LP6008269-DNA_A08_vs_LP6008268-DNA_A08__pv	10403	2698	2644	5847	1883
LP6008269-DNA_A09_vs_LP6008268-DNA_A09__pv	3290	1562	2733	6139	1409
LP6008269-DNA_A10_vs_LP6008268-DNA_A10__pv	2146	3432	2793	6627	1514
LP6008269-DNA_B02_vs_LP6008268-DNA_D02__pv	2204	838	3153	3630	870
LP6008269-DNA_B03_vs_LP6008268-DNA_D03__pv	1407	1165	1691	1522	450
LP6008269-DNA_B05_vs_LP6008268-DNA_D05__pv	12939	4816	2061	5463	1502
LP6008269-DNA_B06_vs_LP6008268-DNA_C06__pv	26789	5818	5859	6268	2347
LP6008269-DNA_B07_vs_LP6008268-DNA_B07__pv	67	3439	1690	2322	1009
LP6008269-DNA_B08_vs_LP6008268-DNA_B08__pv	6773	2234	1267	2171	640
LP6008269-DNA_B09_vs_LP6008268-DNA_B09__pv	1453	1197	4106	6642	1487
LP6008269-DNA_B10_vs_LP6008268-DNA_B10__pv	5930	6629	2250	10303	2404
LP6008269-DNA_C04_vs_LP6008268-DNA_E04__pv	0	578717	429277	0	69200
LP6008269-DNA_C05_vs_LP6008268-DNA_E05__pv	18939	1708	3238	5560	1103
LP6008269-DNA_C06_vs_LP6008268-DNA_D06__pv	1999	9559	916	5830	997
LP6008269-DNA_C07_vs_LP6008268-DNA_C07__pv	3306	2192	4525	6333	3085
LP6008269-DNA_C08_vs_LP6008268-DNA_C08__pv	17297	5412	1675	9248	1829
LP6008269-DNA_C09_vs_LP6008268-DNA_C09__pv	20053	2773	871	2078	1867
LP6008269-DNA_C10_vs_LP6008268-DNA_C10__pv	4900	0	4020	2883	734
LP6008269-DNA_D02_vs_LP6008268-DNA_F02__pv	4400	3594	3641	4834	2717
LP6008269-DNA_D03_vs_LP6008268-DNA_F03__pv	5666	0	6554	6359	1266
LP6008269-DNA_D04_vs_LP6008268-DNA_F04__pv	817	208	1714	2205	434
LP6008269-DNA_D05_vs_LP6008268-DNA_F05__pv	4674	4021	49522	2910	520
LP6008269-DNA_D06_vs_LP6008268-DNA_E06__pv	3868	2105	2339	4325	1023
LP6008269-DNA_D07_vs_LP6008268-DNA_D07__pv	11654	2004	2732	7796	1425
LP6008269-DNA_D08_vs_LP6008268-DNA_D08__pv	103517	0	875	5225	1718
LP6008269-DNA_D09_vs_LP6008268-DNA_D09__pv	0	580256	433358	0	70323
LP6008269-DNA_D10_vs_LP6008268-DNA_D10__pv	7212	6208	3197	7695	2423
LP6008269-DNA_E01_vs_LP6008268-DNA_E01__pv	2977	2939	2173	6042	941
LP6008269-DNA_E02_vs_LP6008268-DNA_G02__pv	12086	951	2671	3450	3152
LP6008269-DNA_E03_vs_LP6008268-DNA_G03__pv	2215	1029	3233	4467	1094
LP6008269-DNA_E04_vs_LP6008268-DNA_G04__pv	33201	3573	2252	7327	1237
LP6008269-DNA_E06_vs_LP6008268-DNA_F06__pv	407	2661	1693	1761	841
LP6008269-DNA_E07_vs_LP6008268-DNA_E07__pv	9403	16576	65147	10059	0
LP6008269-DNA_E08_vs_LP6008268-DNA_E08__pv	6614	4005	1727	3436	2051
LP6008269-DNA_E09_vs_LP6008268-DNA_E09__pv	484	1581	1825	1440	925
LP6008269-DNA_E10_vs_LP6008268-DNA_E10__pv	10321	6143	2001	6198	2319
LP6008269-DNA_F01_vs_LP6008268-DNA_H01__pv	919	768	1201	1090	306
LP6008269-DNA_F02_vs_LP6008268-DNA_H02__pv	4465	4370	1698	4107	1834
LP6008269-DNA_F03_vs_LP6008268-DNA_H03__pv	3463	3714	2314	6343	3061
LP6008269-DNA_F04_vs_LP6008268-DNA_H04__pv	1652	594	2233	5055	1466
LP6008269-DNA_F06_vs_LP6008268-DNA_G06__pv	2268	2573	2269	3625	1015
LP6008269-DNA_F07_vs_LP6008268-DNA_F07__pv	183	0	2907	858	540
LP6008269-DNA_F08_vs_LP6008268-DNA_F08__pv	12494	6566	1228	3629	2011
LP6008269-DNA_F09_vs_LP6008268-DNA_F09__pv	2306	2619	3669	4025	1407
LP6008269-DNA_G01_vs_LP6008268-DNA_A02__pv	11795	557	889	1178	586
LP6008269-DNA_G02_vs_LP6008268-DNA_A03__pv	3093	2261	2706	3372	1933
LP6008269-DNA_G03_vs_LP6008268-DNA_A04__pv	34478	1930	2487	4788	1572
LP6008269-DNA_G04_vs_LP6008268-DNA_A05__pv	1585	336	3479	1971	779
LP6008269-DNA_G06_vs_LP6008268-DNA_H06__pv	30696	90	4273	5124	3018
LP6008269-DNA_G07_vs_LP6008268-DNA_G07__pv	15896	281	1429	1809	769
LP6008269-DNA_G08_vs_LP6008268-DNA_G08__pv	6139	3395	3001	3521	1407
LP6008269-DNA_G09_vs_LP6008268-DNA_G09__pv	3	29	58	11	0
LP6008269-DNA_H01_vs_LP6008268-DNA_B02__pv	82	365	658	271	128
LP6008269-DNA_H02_vs_LP6008268-DNA_B03__pv	27892	3475	4628	3210	1631
LP6008269-DNA_H03_vs_LP6008268-DNA_B04__pv	3659	260	3492	2980	2121
LP6008269-DNA_H05_vs_LP6008268-DNA_A06__pv	6034	5619	4605	7326	4091
LP6008269-DNA_H06_vs_LP6008268-DNA_A07__pv	8954	5609	2900	4975	2008
LP6008269-DNA_H07_vs_LP6008268-DNA_H07__pv	15762	103	1368	3245	1603
LP6008269-DNA_H08_vs_LP6008268-DNA_H08__pv	3232	11906	115	5579	5645
LP6008269-DNA_H09_vs_LP6008268-DNA_H09__pv	38272	11240	2712	0	4386
LP6008280-DNA_A01_vs_LP6008264-DNA_A01__pv	4924	2321	2180	5944	1739
LP6008280-DNA_A02_vs_LP6008264-DNA_A02__pv	6347	3369	947	3028	734
LP6008280-DNA_A03_vs_LP6008264-DNA_A03__pv	2002	0	7578	6306	2385
LP6008280-DNA_A04_vs_LP6008264-DNA_H03__pv	7559	4684	629	1711	2383
LP6008280-DNA_A05_vs_LP6008264-DNA_H04__pv	2349	1212	1013	1843	264
LP6008280-DNA_A07_vs_LP6008264-DNA_H06__pv	3631	1195	1560	1406	478
LP6008280-DNA_B01_vs_LP6008264-DNA_B01__pv	2973	4691	34913	6880	394
LP6008280-DNA_B02_vs_LP6008264-DNA_B02__pv	69	272	3702	2841	762
LP6008280-DNA_B03_vs_LP6008264-DNA_B03__pv	679	411	2133	3805	4559
LP6008280-DNA_B04_vs_LP6008264-DNA_A04__pv	17	92	61	0	5
LP6008280-DNA_B05_vs_LP6008264-DNA_A05__pv	12255	3986	2021	11388	1024
LP6008280-DNA_C01_vs_LP6008264-DNA_C01__pv	32392	5178	4177	5055	1759
LP6008280-DNA_C02_vs_LP6008264-DNA_C02__pv	20620	3094	2975	2524	4782
LP6008280-DNA_C03_vs_LP6008264-DNA_C03__pv	3603	0	0	11011	19646
LP6008280-DNA_C04_vs_LP6008264-DNA_B04__pv	6	116	99	0	8
LP6008280-DNA_C05_vs_LP6008264-DNA_B05__pv	2665	1469	3647	2972	849
LP6008280-DNA_C06_vs_LP6008264-DNA_B06__pv	9548	986	1535	1733	450
LP6008280-DNA_D02_vs_LP6008264-DNA_D02__pv	10287	5674	1661	2676	2031
LP6008280-DNA_D03_vs_LP6008264-DNA_H01__pv	3	102	214	39	26
LP6008280-DNA_D05_vs_LP6008264-DNA_E04__pv	5400	897	2267	1703	928
LP6008280-DNA_E01_vs_LP6008264-DNA_E01__pv	10189	5887	2889	5773	1396
LP6008280-DNA_E02_vs_LP6008264-DNA_E02__pv	21835	4313	3247	4829	3856
LP6008280-DNA_E03_vs_LP6008264-DNA_D03__pv	8436	1614	1030	1997	752
LP6008280-DNA_E04_vs_LP6008264-DNA_D04__pv	11730	231	5470	10002	952
LP6008280-DNA_E05_vs_LP6008264-DNA_D05__pv	9663	38	1091	911	538
LP6008280-DNA_F01_vs_LP6008264-DNA_F01__pv	16172	12792	2931	7302	2921
LP6008280-DNA_F02_vs_LP6008264-DNA_F02__pv	7816	2343	6706	6372	1303
LP6008280-DNA_F03_vs_LP6008264-DNA_E03__pv	46774	1450	2426	3461	2301
LP6008280-DNA_F05_vs_LP6008264-DNA_E05__pv	4947	1310	1873	3120	944
LP6008280-DNA_F06_vs_LP6008264-DNA_E06__pv	6054	252	4543	4150	557
LP6008280-DNA_G01_vs_LP6008264-DNA_G01__pv	976	387	283	76	81
LP6008280-DNA_G02_vs_LP6008264-DNA_G02__pv	595	2047	1888	3396	1104
LP6008280-DNA_G03_vs_LP6008264-DNA_F03__pv	1200	1496	2936	3402	928
LP6008280-DNA_G04_vs_LP6008264-DNA_F04__pv	2213	1110	2337	2314	1979
LP6008280-DNA_G05_vs_LP6008264-DNA_F05__pv	5682	711	3956	5237	1137
LP6008280-DNA_G06_vs_LP6008264-DNA_F06__pv	78	574	907	948	283
LP6008280-DNA_H01_vs_LP6008264-DNA_H01__pv	2706	2155	3456	5775	1097
LP6008280-DNA_H02_vs_LP6008264-DNA_H02__pv	23317	9085	1184	5061	3883
LP6008280-DNA_H04_vs_LP6008264-DNA_G04__pv	9105	1374	5423	4924	1274
LP6008280-DNA_H05_vs_LP6008264-DNA_G05__pv	4244	1911	2089	2543	531
LP6008280-DNA_H06_vs_LP6008264-DNA_G06__pv	19612	2414	743	7132	1273
LP6008334-DNA_A01_vs_LP6008335-DNA_A01__pv	114264	19657	4916	0	0
LP6008334-DNA_A03_vs_LP6008335-DNA_E02__pv	9223	2419	1926	7302	9982
LP6008334-DNA_A04_vs_LP6008335-DNA_E03__pv	3491	3402	4625	8992	1561
LP6008334-DNA_B01_vs_LP6008335-DNA_B01__pv	7663	2783	3147	5138	1611
LP6008334-DNA_B02_vs_LP6008335-DNA_F01__pv	5845	4132	338	5420	1253
LP6008334-DNA_B03_vs_LP6008335-DNA_F02__pv	68641	13724	119853	12181	0
LP6008334-DNA_C01_vs_LP6008335-DNA_C01__pv	5193	3300	3257	6404	1825
LP6008334-DNA_C02_vs_LP6008335-DNA_G01__pv	6334	2827	834	10541	6841
LP6008334-DNA_C03_vs_LP6008335-DNA_G02__pv	7163	5530	5590	4689	2573
LP6008334-DNA_D01_vs_LP6008335-DNA_D01__pv	5098	2519	2109	4170	1978
LP6008334-DNA_D02_vs_LP6008335-DNA_H01__pv	14475	8105	1681	5765	3068
LP6008334-DNA_D03_vs_LP6008335-DNA_H02__pv	18450	9609	0	20245	1607
LP6008334-DNA_E01_vs_LP6008335-DNA_A01__pv	5512	579	743	935	1739
LP6008334-DNA_E02_vs_LP6008335-DNA_A02__pv	6553	4255	1682	5724	1423
LP6008334-DNA_E03_vs_LP6008335-DNA_A03__pv	6450	7440	3939	8226	2477
LP6008334-DNA_F01_vs_LP6008335-DNA_B01__pv	897	0	4487	10020	614
LP6008334-DNA_F02_vs_LP6008335-DNA_B02__pv	8820	2249	1496	4351	844
LP6008334-DNA_F03_vs_LP6008335-DNA_B03__pv	913	1146	3907	5566	1018
LP6008334-DNA_G01_vs_LP6008335-DNA_C01__pv	1976	963	1062	2021	340
LP6008334-DNA_G02_vs_LP6008335-DNA_C02__pv	6628	4116	1611	4001	1874
LP6008334-DNA_G03_vs_LP6008335-DNA_C03__pv	0	1302	2648	2694	2055
LP6008334-DNA_H01_vs_LP6008335-DNA_D01__pv	2799	3039	2232	4256	1026
LP6008334-DNA_H02_vs_LP6008335-DNA_D02__pv	3021	5954	3417	5724	1721
LP6008334-DNA_H03_vs_LP6008335-DNA_D03__pv	14566	3493	3487	4856	4819
LP6008336-DNA_A01_vs_LP6008333-DNA_A01__pv	188	4209	1900	5396	1018
LP6008336-DNA_A02_vs_LP6008333-DNA_A02__pv	18	1104	2395	2009	930
LP6008336-DNA_A03_vs_LP6008333-DNA_A03__pv	64	1429	578	1923	623
LP6008336-DNA_B01_vs_LP6008333-DNA_B01__pv	787	1684	1779	2915	1453
LP6008336-DNA_B02_vs_LP6008333-DNA_B02__pv	4130	16	3571	1862	1733
LP6008336-DNA_B03_vs_LP6008333-DNA_B03__pv	68	429	847	324	152
LP6008336-DNA_C01_vs_LP6008333-DNA_C01__pv	664	4314	166	8889	2167
LP6008336-DNA_C02_vs_LP6008333-DNA_C02__pv	3708	1179	686	2202	256
LP6008336-DNA_C03_vs_LP6008333-DNA_C03__pv	1207	2604	2397	4215	2357
LP6008336-DNA_D01_vs_LP6008333-DNA_D01__pv	3809	13675	48612	3088	1137
LP6008336-DNA_D02_vs_LP6008333-DNA_D02__pv	0	100	70	0	1
LP6008336-DNA_D03_vs_LP6008333-DNA_D03__pv	19052	7628	856	8004	2516
LP6008336-DNA_E01_vs_LP6008333-DNA_E01__pv	11826	6860	1281	4469	1742
LP6008336-DNA_E02_vs_LP6008333-DNA_E02__pv	37953	997	3420	4326	1693
LP6008336-DNA_E03_vs_LP6008333-DNA_E03__pv	735	1354	1508	1016	612
LP6008336-DNA_F02_vs_LP6008333-DNA_F02__pv	2002	3248	806	3532	2852
LP6008336-DNA_F03_vs_LP6008333-DNA_F03__pv	1975	4147	3801	6406	11410
LP6008336-DNA_G01_vs_LP6008333-DNA_G01__pv	2352	2820	2242	3690	866
LP6008336-DNA_G02_vs_LP6008333-DNA_G02__pv	5990	5960	1161	1511	1616
LP6008336-DNA_G03_vs_LP6008333-DNA_G03__pv	4607	7422	57	9296	1938
LP6008336-DNA_H01_vs_LP6008333-DNA_H01__pv	5058	4871	1716	9786	2042
LP6008336-DNA_H02_vs_LP6008333-DNA_H02__pv	1	33	95	0	2
LP6008336-DNA_H03_vs_LP6008333-DNA_H03__pv	862	889	0	12411	758
LP6008337-DNA_A01_vs_LP6008338-DNA_A01__pv	2158	1293	824	1341	530
LP6008337-DNA_A02_vs_LP6008338-DNA_A02__pv	2321	1831	1313	2644	1057
LP6008337-DNA_A03_vs_LP6008338-DNA_A03__pv	6695	3858	1389	3583	2401
LP6008337-DNA_A04_vs_LP6008338-DNA_A04__pv	2368	763	923	1462	323
LP6008337-DNA_A06_vs_LP6008338-DNA_G05__pv	6878	3964	2239	6985	2107
LP6008337-DNA_A07_vs_LP6008338-DNA_E06__pv	0	170	0	301	12384
LP6008337-DNA_B02_vs_LP6008338-DNA_B02__pv	628	925	1395	1332	532
LP6008337-DNA_B03_vs_LP6008338-DNA_B03__pv	2748	1188	1534	2285	647
LP6008337-DNA_B04_vs_LP6008338-DNA_B04__pv	0	598181	444608	0	70011
LP6008337-DNA_B05_vs_LP6008338-DNA_A05__pv	5090	1393	1291	2067	534
LP6008337-DNA_B07_vs_LP6008338-DNA_F06__pv	3591	5355	2239	8686	1368
LP6008337-DNA_C01_vs_LP6008338-DNA_C01__pv	8532	2024	3698	4559	1906
LP6008337-DNA_C02_vs_LP6008338-DNA_C02__pv	184	764	2082	3753	811
LP6008337-DNA_C03_vs_LP6008338-DNA_C03__pv	7679	559	4052	5643	1313
LP6008337-DNA_C04_vs_LP6008338-DNA_C04__pv	8928	953	1128	1805	898
LP6008337-DNA_C05_vs_LP6008338-DNA_B05__pv	5666	1952	1029	5046	548
LP6008337-DNA_D01_vs_LP6008338-DNA_D01__pv	713	697	2079	1876	414
LP6008337-DNA_D02_vs_LP6008338-DNA_D02__pv	691	610	810	736	213
LP6008337-DNA_D03_vs_LP6008338-DNA_D03__pv	2054	1645	3265	4111	933
LP6008337-DNA_D04_vs_LP6008338-DNA_D04__pv	1024	1107	473	1242	204
LP6008337-DNA_D05_vs_LP6008338-DNA_C05__pv	249	251	1749	2368	342
LP6008337-DNA_D06_vs_LP6008338-DNA_A06__pv	44127	9347	1038	15329	1987
LP6008337-DNA_E01_vs_LP6008338-DNA_E01__pv	8854	1153	1670	3024	398
LP6008337-DNA_E03_vs_LP6008338-DNA_E03__pv	5224	2137	2025	2591	992
LP6008337-DNA_E04_vs_LP6008338-DNA_E04__pv	9230	1891	1173	7525	590
LP6008337-DNA_E05_vs_LP6008338-DNA_D05__pv	4941	627	1999	1946	463
LP6008337-DNA_F01_vs_LP6008338-DNA_F01__pv	359	566	571	810	270
LP6008337-DNA_F02_vs_LP6008338-DNA_F02__pv	5272	2701	2799	4897	1468
LP6008337-DNA_F03_vs_LP6008338-DNA_F03__pv	5063	1612	1185	3735	563
LP6008337-DNA_F04_vs_LP6008338-DNA_F04__pv	14421	1906	5767	6372	700
LP6008337-DNA_F05_vs_LP6008338-DNA_E05__pv	7922	3037	4518	12123	2757
LP6008337-DNA_F06_vs_LP6008338-DNA_C06__pv	24944	2590	2021	3423	1023
LP6008337-DNA_G01_vs_LP6008338-DNA_G01__pv	4524	1393	3830	6342	1308
LP6008337-DNA_G02_vs_LP6008338-DNA_G02__pv	6694	2319	1325	3095	516
LP6008337-DNA_G03_vs_LP6008338-DNA_G03__pv	10934	2164	2167	6359	979
LP6008337-DNA_G04_vs_LP6008338-DNA_G04__pv	4710	907	3388	2699	445
LP6008337-DNA_G05_vs_LP6008338-DNA_F05__pv	3628	2335	1129	2434	801
LP6008337-DNA_G06_vs_LP6008338-DNA_C06__pv	23538	2784	4190	5376	884
LP6008337-DNA_H01_vs_LP6008338-DNA_H01__pv	1006	132	1888	1902	329
LP6008337-DNA_H02_vs_LP6008338-DNA_H02__pv	82117	4588	2556	7051	1709
LP6008337-DNA_H03_vs_LP6008338-DNA_H03__pv	2817	2113	2112	2157	436
LP6008337-DNA_H04_vs_LP6008338-DNA_H04__pv	9080	1089	1502	2343	851
LP6008337-DNA_H06_vs_LP6008338-DNA_D06__pv	29002	4667	1496	6251	2586
LP6008341-DNA_A01_vs_LP6008340-DNA_A01__pv	7025	11	3280	5415	708
LP6008341-DNA_A03_vs_LP6008340-DNA_F02__pv	2127	602476	443510	0	70671
LP6008341-DNA_B01_vs_LP6008340-DNA_B01__pv	22786	3905	893	3440	3290
LP6008341-DNA_B03_vs_LP6008340-DNA_G02__pv	1498	629	1962	1558	564
LP6008341-DNA_C01_vs_LP6008340-DNA_C01__pv	9794	1677	2527	3053	1711
LP6008341-DNA_D01_vs_LP6008340-DNA_D01__pv	23554	5352	4561	7640	3648
LP6008341-DNA_D02_vs_LP6008340-DNA_A02__pv	7	71	109	18	23
LP6008341-DNA_E01_vs_LP6008340-DNA_E01__pv	7694	1003	654	2021	1257
LP6008341-DNA_E02_vs_LP6008340-DNA_B02__pv	14534	2863	1019	4409	694
LP6008341-DNA_F01_vs_LP6008340-DNA_F01__pv	5040	1216	1426	3903	502
LP6008341-DNA_F02_vs_LP6008340-DNA_C02__pv	4341	3477	2331	3653	1916
LP6008341-DNA_G01_vs_LP6008340-DNA_G01__pv	6638	2267	4021	4981	1361
LP6008341-DNA_G02_vs_LP6008340-DNA_D02__pv	1534	809	1888	1855	691
LP6008341-DNA_H01_vs_LP6008340-DNA_H01__pv	21096	5560	3801	9333	4572
LP6008341-DNA_H02_vs_LP6008340-DNA_E02__pv	7498	312	1612	2408	703
LP6008460-DNA_A01_vs_LP6008340-DNA_A02__pv	5375	1226	5382	2999	2099
LP6008460-DNA_A02_vs_LP6008340-DNA_C04__pv	11511	1403	4010	4605	2106
LP6008460-DNA_A03_vs_LP6008340-DNA_G04__pv	6690	3756	1200	5534	3218
LP6008460-DNA_A04_vs_LP6008340-DNA_D05__pv	3143	2926	5154	5399	1917
LP6008460-DNA_B01_vs_LP6008340-DNA_A03__pv	1538	0	6034	4157	2240
LP6008460-DNA_B02_vs_LP6008340-DNA_D02__pv	7324	8377	4281	7125	2806
LP6008460-DNA_B03_vs_LP6008340-DNA_H03__pv	1359	1395	2823	3961	2199
LP6008460-DNA_B04_vs_LP6008340-DNA_F02__pv	2236	542502	377669	0	62990
LP6008460-DNA_C01_vs_LP6008340-DNA_B03__pv	3348	6950	1267	7174	7633
LP6008460-DNA_C02_vs_LP6008340-DNA_D03__pv	276	1710	1328	2583	1584
LP6008460-DNA_C03_vs_LP6008340-DNA_H05__pv	5025	2113	2717	2170	1136
LP6008460-DNA_C04_vs_LP6008340-DNA_F03__pv	4608	24667	81789	0	0
LP6008460-DNA_D01_vs_LP6008340-DNA_E02__pv	22298	0	1013	3670	4435
LP6008460-DNA_D02_vs_LP6008340-DNA_E03__pv	583	5192	0	3952	1196
LP6008460-DNA_D03_vs_LP6008340-DNA_A05__pv	3289	1902	3248	2634	2191
LP6008460-DNA_E01_vs_LP6008340-DNA_F04__pv	2224	2405	1569	3687	1334
LP6008460-DNA_E02_vs_LP6008340-DNA_E04__pv	469	6057	734	8827	2975
LP6008460-DNA_E03_vs_LP6008340-DNA_B06__pv	3094	5398	2853	13603	2534
LP6008460-DNA_E04_vs_LP6008340-DNA_H02__pv	5204	3371	2939	6050	2307
LP6008460-DNA_F01_vs_LP6008340-DNA_B02__pv	15724	4008	2867	5234	1300
LP6008460-DNA_F02_vs_LP6008340-DNA_E05__pv	7762	4419	2349	18977	1919
LP6008460-DNA_F03_vs_LP6008340-DNA_C03__pv	53532	5090	2653	3227	822
LP6008460-DNA_F04_vs_LP6008340-DNA_H04__pv	5441	8289	2753	7997	2269
LP6008460-DNA_G01_vs_LP6008340-DNA_B04__pv	11740	17799	71337	0	0
LP6008460-DNA_G02_vs_LP6008340-DNA_G02__pv	5303	3598	2683	5850	1911
LP6008460-DNA_G03_vs_LP6008340-DNA_C05__pv	17704	4735	3007	4719	2424
LP6008460-DNA_H01_vs_LP6008340-DNA_C02__pv	5244	2598	2671	3692	2228
LP6008460-DNA_H02_vs_LP6008340-DNA_G03__pv	7056	1738	1808	2077	716
LP6008460-DNA_H03_vs_LP6008340-DNA_D04__pv	14989	2986	2272	4606	1742
PD44724a_vs_PD44724b__pv	15129	1900	5111	6017	3910
PD44725a_vs_PD44725b__pv	5754	1705	3452	3450	1101
PD44726a_vs_PD44726b__pv	2844	787	1183	2747	746
PD44727a_vs_PD44727b__pv	13719	5626	3600	2913	2079
PD44728a_vs_PD44728b__pv	2141	4440	2946	5209	3118
PD44729a_vs_PD44729b__pv	625	1300	4077	5824	1386
PD44730a_vs_PD44730b__pv	7487	3559	2701	4197	1888
PD44731a_vs_PD44731b__pv	1360	0	4869	3561	1642
PD44732a_vs_PD44732b__pv	340	666	2715	2634	1588
PD44733a_vs_PD44733b__pv	1767	17325	71612	0	0
PD44734a_vs_PD44734b__pv	9245	5713	2708	5696	2659
PD44735a_vs_PD44735b__pv	5796	1369	5576	7612	2144
PD44736a_vs_PD44736b__pv	5211	4076	3576	6066	1808
PD44737a_vs_PD44737b__pv	4880	2945	3464	7851	2192
PD44738a_vs_PD44738b__pv	19070	8352	3933	7172	2603
PD44739a_vs_PD44739b__pv	7805	3714	2309	5452	1130
PD44740a_vs_PD44740b__pv	57549	11607	4265	4421	2840
PD44741a_vs_PD44741b__pv	1349	3495	3028	2908	2514
PD44742a_vs_PD44742b__pv	9020	6252	2138	5420	5695
PD44743a_vs_PD44743b__pv	2876	2858	2709	5225	1447
PD44744a_vs_PD44744b__pv	26605	1043	3890	3380	7015
PD44745a_vs_PD44745b__pv	25927	7971	4853	7431	5569
PD44746a_vs_PD44746b__pv	399	1366	1532	2709	889
PD44747a_vs_PD44747b__pv	6896	1872	1972	3762	1196
PD44749a_vs_PD44749b__pv	5536	2063	870	1319	1679
PD44751a_vs_PD44751b__pv	1809	150	1139	1251	208
PD44752a_vs_PD44752b__pv	2699	1431	1517	9357	1226
PD44753a_vs_PD44753b__pv	1082	3712	2488	2687	1720
PD44758a_vs_PD44758b__pv	9435	2431	2244	1917	964
PD44759a_vs_PD44759b__pv	4699	3552	1953	5345	1253
PD44760a_vs_PD44760b__pv	5082	2882	2537	3193	1447
PD44761a_vs_PD44761b__pv	1265	2536	5044	5262	1310
PD44762a_vs_PD44762b__pv	300	1389	2408	1662	1295
PD44763a_vs_PD44763b__pv	5413	2823	3097	5417	1844
PD44764a_vs_PD44764b__pv	1753	2923	2097	2324	3847
PD44765a_vs_PD44765b__pv	45111	1216	3721	5863	4441
PD44766a_vs_PD44766b__pv	3790	0	86379	1578	0
PD44767a_vs_PD44767b__pv	23408	3658	3387	3343	2817
PD44769a_vs_PD44769b__pv	226	2355	2057	3295	1250
PD44770a_vs_PD44770b__pv	7505	0	33079	1748	487
PD44772a_vs_PD44772b__pv	4769	6845	1713	8228	4614
PD44773a_vs_PD44773b__pv	7045	0	9855	4958	1658
PD44774a_vs_PD44774b__pv	419	340	3964	1539	1836
PD44775a_vs_PD44775b__pv	53	0	97945	8952	0
PD44776a_vs_PD44776b__pv	28004	5775	1387	2895	3703
PD44777a_vs_PD44777b__pv	1277	2042	3294	6791	896
PD44778a_vs_PD44778b__pv	8302	4300	4327	3032	2772
PD44780a_vs_PD44780b__pv	99	754	1120	3315	593
PD44781a_vs_PD44781b__pv	24239	5841	4824	3543	3756
PD44782a_vs_PD44782b__pv	36413	2902	2127	4611	5195
PD44783a_vs_PD44783b__pv	5049	10168	719	4214	970
PD44784a_vs_PD44784b__pv	1189	4445	3032	9639	1470
PD44785a_vs_PD44785b__pv	18502	6039	2653	2832	1689
PD44786a_vs_PD44786b__pv	1350	982	1810	1280	898
PD44787a_vs_PD44787b__pv	2100	1658	2248	8009	1333
PD44788a_vs_PD44788b__pv	4537	4633	898	9153	3089
PD44789a_vs_PD44789b__pv	8856	5751	3258	6098	4109
PD44790a_vs_PD44790b__pv	11592	2883	1211	4475	1678
PD44791a_vs_PD44791b__pv	6065	712	1294	1608	127
PD44792a_vs_PD44792b__pv	24337	3683	685	4316	2671
PD44793a_vs_PD44793b__pv	758	909	3034	3532	1231
PD44794a_vs_PD44794b__pv	469	4763	955	4606	2797
PD44795a_vs_PD44795b__pv	27650	1671	1360	3415	1092
PD44796a_vs_PD44796b__pv	4651	7785	4247	6065	2668
PD44797a_vs_PD44797b__pv	7256	5464	4069	11306	2889
PD44798a_vs_PD44798b__pv	2061	1502	2200	4008	950
PD44799a_vs_PD44799b__pv	2374	1877	3388	4996	1269
PD44800a_vs_PD44800b__pv	5515	2778	2721	6568	2189
PD44801a_vs_PD44801b__pv	7635	481	3647	6327	796
PD44802a_vs_PD44802b__pv	384	1006	1507	1439	539
PD44803a_vs_PD44803b__pv	10082	5079	3721	11588	1756
PD44804a_vs_PD44804b__pv	2009	1250	1204	1653	425
PD44805a_vs_PD44805b__pv	36578	0	3056	3574	5490
PD44807a_vs_PD44807b__pv	492	2110	1669	1415	1767
PD44808a_vs_PD44808b__pv	1219	4218	1863	3456	4179
PD44809a_vs_PD44809b__pv	3028	3842	2784	4918	1876
PD44810a_vs_PD44810b__pv	12340	3824	5987	3343	5737
PD44811a_vs_PD44811b__pv	4935	2630	1922	3520	1431
PD44813a_vs_PD44813b__pv	6873	2381	3142	2716	1643
PD44814a_vs_PD44814b__pv	1438	5347	2711	5776	1551
PD44815a_vs_PD44815b__pv	3935	3808	1228	2573	2452
PD44816a_vs_PD44816b__pv	2613	880	5099	5919	1444
PD44817a_vs_PD44817b__pv	0	4243	0	6544	1796
PD44818a_vs_PD44818b__pv	13335	2318	2060	3537	1424
PD44819a_vs_PD44819b__pv	34045	6229	3372	7174	2627
PD44820a_vs_PD44820b__pv	2923	1330	2809	4202	1361
PD44821a_vs_PD44821b__pv	9169	2638	3023	5204	2009
PD44823a_vs_PD44823b__pv	1492	2164	1980	2298	1472
PD44824a_vs_PD44824b__pv	7606	1048	5083	6288	3596
PD44825a_vs_PD44825b__pv	12609	11134	86773	6524	3992
PD44826a_vs_PD44826b__pv	4208	2692	3648	5937	1981
PD44827a_vs_PD44827b__pv	2471	2769	1902	3571	1156
PD44828a_vs_PD44828b__pv	18066	1718	4029	6095	1405
PD44829a_vs_PD44829b__pv	5439	7167	5921	15011	2903
PD44830a_vs_PD44830b__pv	5641	1194	2472	11435	1218
PD44831a_vs_PD44831b__pv	36421	8076	5945	431	3645
PD44832a_vs_PD44832b__pv	5891	0	62244	7567	2001
PD44833a_vs_PD44833b__pv	27902	5494	1976	4762	1400
PD44834a_vs_PD44834b__pv	3994	4266	2731	2387	2460
PD44835a_vs_PD44835b__pv	3419	3206	0	6999	2173
PD44836a_vs_PD44836b__pv	5616	5089	7668	6752	2991
PD44837a_vs_PD44837b__pv	1324	800	894	1775	480
PD44838a_vs_PD44838b__pv	1144	6285	3797	8253	3842
PD44839a_vs_PD44839b__pv	2105	1647	3282	3171	3701
PD44840a_vs_PD44840b__pv	7785	2764	2777	3618	1192
PD44841a_vs_PD44841b__pv	14984	13272	65758	1252	852
PD44842a_vs_PD44842b__pv	947	985	2256	3248	1401
PD44843a_vs_PD44843b__pv	16098	3410	4369	7507	3450
PD44844a_vs_PD44844b__pv	470	1189	1921	4749	1062
PD44845a_vs_PD44845b__pv	3955	2242	2882	5982	2124
PD44846a_vs_PD44846b__pv	8671	4032	2142	3759	596
PD44847a_vs_PD44847b__pv	4979	898	4095	3865	1336
PD44848a_vs_PD44848b__pv	23778	11007	3933	6012	6357
PD44849a_vs_PD44849b__pv	917	4145	2899	8796	2691
PD44850a_vs_PD44850b__pv	12610	1206	5901	4312	2382
PD44851a_vs_PD44851b__pv	4502	1168	3662	3677	3434
PD44852a_vs_PD44852b__pv	6195	5553	4066	5561	1549
PD44853a_vs_PD44853b__pv	4263	53	2666	6648	850
PD44854a_vs_PD44854b__pv	4720	2842	3022	4654	2447
PD44855a_vs_PD44855b__pv	6264	3280	2186	5486	1418
PD44856a_vs_PD44856b__pv	20819	3242	4590	4198	1668
PD44857a_vs_PD44857b__pv	27546	2498	2878	3280	1333
PD44859a_vs_PD44859b__pv	14229	8771	31282	413	1940
PD44861a_vs_PD44861b__pv	6315	5469	2692	5771	2379
PD44862a_vs_PD44862b__pv	3244	4151	1188	506	8041
PD44863a_vs_PD44863b__pv	9872	0	1859	6934	3246
PD44864a_vs_PD44864b__pv	13569	3112	2072	3642	2472
PD44904a_vs_PD44904b__pv	19997	14048	3993	6031	1903
PD44905a_vs_PD44905b__pv	1992	6830	2518	2729	4001
PD44906a_vs_PD44906b__pv	4197	4524	1643	2598	1223
PD44908a_vs_PD44908b__pv	13634	2273	3518	3058	1779
PD44909a_vs_PD44909b__pv	476	0	3186	4264	443
PD44910a_vs_PD44910b__pv	7942	2144	3608	6941	1861
PD44912a_vs_PD44912b__pv	36467	6713	2425	6913	3450
PD44913a_vs_PD44913b__pv	2365	4647	2115	3853	1374
PD44914a_vs_PD44914b__pv	3517	7578	2499	3767	3374
PD44915a_vs_PD44915b__pv	6040	2098	587	5231	1149
PD44916a_vs_PD44916b__pv	1455	2173	2367	2868	1996
PD44917a_vs_PD44917b__pv	69	1093	606	933	809
PD44918a_vs_PD44918b__pv	7175	784	2417	3880	2058
PD44919a_vs_PD44919b__pv	7406	2323	3257	3130	1156
PD44920a_vs_PD44920b__pv	13644	3567	2344	2390	1137
PD44921a_vs_PD44921b__pv	2467	1238	1176	973	523
PD44922a_vs_PD44922b__pv	48187	13385	1882	4107	5339
PD44923a_vs_PD44923b__pv	4167	11339	4691	8722	5194
PD44924a_vs_PD44924b__pv	1442	208	5373	4712	1670
PD44925a_vs_PD44925b__pv	5663	6442	558	10007	2641
PD44926a_vs_PD44926b__pv	1660	411	4029	5068	1137
PD44927a_vs_PD44927b__pv	12454	1804	3499	3967	1569
PD44928a_vs_PD44928b__pv	5288	1977	4002	7817	820
PD44929a_vs_PD44929b__pv	10248	3105	3928	3410	1744
PD44930a_vs_PD44930b__pv	15472	6668	1073	5704	6359
PD44931a_vs_PD44931b__pv	25487	4830	66660	1138	0
PD44932a_vs_PD44932b__pv	10887	3644	2226	4216	620
PD44933a_vs_PD44933b__pv	82	1224	1401	454	6057
PD44934a_vs_PD44934b__pv	50083	10509	3911	3776	1634
PD44935a_vs_PD44935b__pv	2423	5159	1368	5821	1381
PD44936a_vs_PD44936b__pv	2040	991	2315	1588	781
PD44937a_vs_PD44937b__pv	8366	5254	3359	5461	4622
PD44938a_vs_PD44938b__pv	8571	5802	2612	4357	1187
PD44939a_vs_PD44939b__pv	2466	2476	3517	5619	2197
PD44941a_vs_PD44941b__pv	1677	3927	2206	5323	1354
PD44942a_vs_PD44942b__pv	7320	1125	3736	4566	1072
PD44943a_vs_PD44943b__pv	582	2045	1822	3460	463
PD44944a_vs_PD44944b__pv	5913	3575	2939	5091	1014
PD44945a_vs_PD44945b__pv	31298	4387	694	5698	2320
PD44946a_vs_PD44946b__pv	5351	2186	2835	4517	1469
PD44947a_vs_PD44947b__pv	782	906	594	1391	471
PD44948a_vs_PD44948b__pv	14845	2092	1953	2885	6291
PD44949a_vs_PD44949b__pv	4758	228	3149	2944	4056
PD44950a_vs_PD44950b__pv	1085	757	630	2462	521
PD46225a_vs_PD46225b__pv	5420	1590	2796	8544	3211
PD46226a_vs_PD46226b__pv	2104	1832	6325	6234	3058
PD46227a_vs_PD46227b__pv	26391	14489	989	4085	3956
PD46228a_vs_PD46228b__pv	13116	397	1630	7764	931
PD46229a_vs_PD46229b__pv	22700	3197	2715	6307	2542
PD46230a_vs_PD46230b__pv	4074	2696	1085	5183	8524
PD46231a_vs_PD46231b__pv	218	1223	1058	2016	1780
PD46232a_vs_PD46232b__pv	4041	2667	1818	4163	1417
PD46233a_vs_PD46233b__pv	9950	10082	3449	4338	3871
PD46234a_vs_PD46234b__pv	155	2859	1518	2655	1078
PD46235a_vs_PD46235b__pv	6602	170	6170	6332	2373
PD46236a_vs_PD46236b__pv	3125	1742	3743	7785	1083
PD46237a_vs_PD46237b__pv	16838	10072	4741	5802	2041
PD46238a_vs_PD46238b__pv	2150	9195	0	3271	1552
PD46239a_vs_PD46239b__pv	4975	1503	3044	3305	1245
PD46240a_vs_PD46240b__pv	1271	2548	2450	2290	773
PD46241a_vs_PD46241b__pv	22892	5707	5963	8737	1960
PD46242a_vs_PD46242b__pv	84352	0	0	4622	7711
PD46243a_vs_PD46243b__pv	1848	3109	4670	4116	4063
PD46244a_vs_PD46244b__pv	175	0	3781	4894	916
PD46245a_vs_PD46245b__pv	77	7246	0	6303	3007
PD46246a_vs_PD46246b__pv	8570	8624	4760	5464	3939
PD46247a_vs_PD46247b__pv	6479	328	8433	5726	2866
PD46248a_vs_PD46248b__pv	29225	4548	4502	2783	1504
PD46249a_vs_PD46249b__pv	20377	3499	4941	7973	953
PD46250a_vs_PD46250b__pv	164	4102	453	1180	4934
PD46251a_vs_PD46251b__pv	1255	2472	37596	2164	0
PD46252a_vs_PD46252b__pv	2599	0	0	31503	0
PD46253a_vs_PD46253b__pv	13763	1663	5512	5810	3753
PD46254a_vs_PD46254b__pv	10232	2164	3076	4608	1736
PD46255a_vs_PD46255b__pv	1481	948	3969	5015	1965
PD46256a_vs_PD46256b__pv	5511	298	4368	3325	1097
PD46257a_vs_PD46257b__pv	116	0	4279	4725	947
PD46258a_vs_PD46258b__pv	7133	4347	1621	4725	2083
PD46259a_vs_PD46259b__pv	4765	5227	1633	3199	2898
PD46260a_vs_PD46260b__pv	570	1610	1323	2796	4893
PD46261a_vs_PD46261b__pv	823	1572	1930	2253	935
PD46262a_vs_PD46262b__pv	1405	907	1286	1569	1339
PD46263a_vs_PD46263b__pv	7146	2239	434	5716	341
PD46264a_vs_PD46264b__pv	5825	4101	521	3914	2055
PD46265a_vs_PD46265b__pv	11990	2172	3517	4764	2073
PD46267a_vs_PD46267b__pv	25	278	117	93	89
PD46268a_vs_PD46268b__pv	1859	2435	2524	4019	1426
SLX-16751	3322	499	1558	1950	482
SLX-16752	17443	1405	1708	2060	716
SLX-18929	296401	144779	97937	188284	76379
SLX-18949	32483	3594	3952	5022	1373
SLX-18950	731	936	900	857	200
SM-4AX82_vs_SM-4AWN8__pv	3847	3384	2449	7547	873
SM-4AX83_vs_SM-4AWN9__pv	1986	2135	606	1570	1000
SM-4AX84_vs_SM-4AWNA__pv	15989	2306	2281	6489	985
SM-4AX85_vs_SM-4AWNB__pv	629	3829	3718	5244	1960
SM-4AX86_vs_SM-4AWNC__pv	8759	3224	1393	4037	2735
SM-4AX87_vs_SM-4AWND__pv	205	819	502	3148	296
SM-4B295_vs_SM-4AWNE__pv	13450	6754	2232	4765	2759
SM-4B296_vs_SM-4AWNF__pv	16085	15117	912	4645	10769
SM-4JPP6_vs_SM-4JPUS__pv	2521	6480	556	9359	1478
SM-4JPP7_vs_SM-4JPUT__pv	2312	2182	2360	2268	1770
SM-4JPP9_vs_SM-4JPUT__pv	2464	2129	2237	2143	1666
SM-4JPPA_vs_LP6005333-DNA_B01__pv	4423	3173	6212	12325	3589
SM-4JPPB_vs_LP6005333-DNA_B01__pv	3989	2885	6143	12243	3612
SM-4JPPC_vs_LP6005333-DNA_B01__pv	4518	3071	6291	12300	3612
SM-4JPUV_vs_SM-4JPUS__pv	324	1444	1088	1736	521
SM-4JPUW_vs_SM-4JPUS__pv	3	89	31	18	9
SM-4JPUX_vs_SM-4JPUT__pv	1138	2556	1823	1856	1318
SM-4JPUY_vs_LP6005333-DNA_B01__pv	6602	3585	6296	12542	3606
SM-4JPUZ_vs_LP6005333-DNA_B01__pv	6417	3947	5607	12041	3496
SM-4JPV1_vs_SM-4JPUS__pv	2258	5516	597	7926	1295
SM-4JPV2_vs_SM-4JPUS__pv	3375	6159	542	9443	1457
SS6003109_vs_SS6003108__pv	9279	4524	756	3795	5060
SS6003111_vs_SS6003110__pv	5959	4741	3602	7862	2204
SS6003113_vs_SS6003112__pv	11391	0	1058	4234	782
SS6003115_vs_SS6003114__pv	19272	3667	1944	4694	1688
SS6003117_vs_SS6003116__pv	27	0	992	1659	8158
SS6003119_vs_SS6003118__pv	384	2045	1474	2003	675
SS6003121_vs_SS6003120__pv	38183	0	2438	4475	3752
SS6003125_vs_SS6003124__pv	10747	1968	1153	4546	1066
SS6003129_vs_SS6003128__pv	13997	4168	4442	7789	2829
SS6003131_vs_SS6003130__pv	516	936	1926	3269	841
SS6003133_vs_SS6003132__pv	349	0	0	10655	4191
SS6003135_vs_SS6003134__pv	25776	3562	1977	2723	1726
SS6003137_vs_SS6003136__pv	2864	2080	2407	6492	562
SS6003149_vs_SS6003148__pv	47332	10264	4477	2058	6648
SS6003302_vs_SS6003301__pv	6570	3358	1911	4915	1746
SS6003303_vs_SS6003301__pv	4579	2070	1148	3688	1297
SS6003305_vs_SS6003304__pv	357	5473	1239	3235	2784
SS6003306_vs_SS6003304__pv	521	2990	1477	2093	1646
SS6003308_vs_SS6003307__pv	1334	1284	1974	2439	1737
SS6003309_vs_SS6003307__pv	1420	1993	2182	3310	2406
SS6003311_vs_SS6003310__pv	0	1034	0	20200	0
SS6003312_vs_SS6003310__pv	0	110	0	19223	0
SS6003314_vs_SS6003313__pv	10966	2800	1681	2366	2436
SS6003315_vs_SS6003313__pv	11054	2767	1718	2329	2452
SS6003317_vs_SS6003316__pv	25730	3937	2620	4321	1347
SS6003318_vs_SS6003316__pv	25773	4138	2669	4385	1419
SS6003320_vs_SS6003319__pv	12984	1962	4454	4622	2249
SS6003321_vs_SS6003319__pv	12523	2021	4023	4465	1903
SS6003323_vs_SS6003322__pv	6491	3225	4174	3875	1838
SS6003324_vs_SS6003322__pv	4752	2906	3466	3418	1701
