Samples	SBS96A	SBS96B	SBS96C
LP2000104-DNA_A01_vs_LP2000101-DNA_A01__pv	32934	3425	8090
LP2000105-DNA_A01_vs_LP2000102-DNA_A01__pv	11372	1903	15237
LP2000106-DNA_A01_vs_LP2000102-DNA_A01__pv	7097	387	12003
LP2000107-DNA_A01_vs_LP2000102-DNA_A01__pv	9679	1608	10880
LP2000108-DNA_A01_vs_LP2000103-DNA_A01__pv	666	1652	5813
LP2000109-DNA_A01_vs_LP2000103-DNA_A01__pv	620	1438	5141
LP2000110-DNA_A01_vs_LP2000101-DNA_A01__pv	25833	2847	3791
LP2000111-DNA_A01_vs_LP2000102-DNA_A01__pv	1796	51	2755
LP2000112-DNA_A01_vs_LP2000102-DNA_A01__pv	3653	287	5634
LP2000113-DNA_A01_vs_LP2000103-DNA_A01__pv	649	1399	5584
LP2000114-DNA_A01_vs_LP2000103-DNA_A01__pv	573	947	6640
LP2000325-DNA_A01_vs_LP2000317-DNA_A01__pv	11882	5489	8294
LP2000327-DNA_A01_vs_LP2000319-DNA_A01__pv	11879	2247	4464
LP2000328-DNA_A01_vs_LP2000320-DNA_A01__pv	4264	5513	6457
LP2000329-DNA_A01_vs_LP2000321-DNA_A01__pv	9299	5168	9405
LP2000330-DNA_A01_vs_LP2000316-DNA_A01__pv	4064	3765	8230
LP2000331-DNA_A01_vs_LP2000322-DNA_A01__pv	2572	4600	5327
LP2000332-DNA_A01_vs_LP2000323-DNA_A01__pv	15515	6872	8931
LP2000333-DNA_A01_vs_LP2000324-DNA_A01__pv	5423	2247	5169
LP2000334-DNA_A01_vs_LP2000324-DNA_A01__pv	3699	2566	3809
LP2000335-DNA_A01_vs_LP2000317-DNA_A01__pv	8073	3539	4720
LP2000336-DNA_A01_vs_LP2000316-DNA_A01__pv	964	2644	2395
LP2000346-DNA_A01_vs_SM-4JPUU__pv	1854	3954	12258
LP2000350-DNA_A01_vs_SM-4JPUU__pv	1372	4550	9075
LP2000352-DNA_A01_vs_LP2000359-DNA_A01__pv	9793	3932	6006
LP2000353-DNA_A01_vs_LP2000359-DNA_A01__pv	30576	4714	7126
LP2000355-DNA_A01_vs_LP2000359-DNA_A01__pv	10313	4089	6526
LP2000356-DNA_A01_vs_LP2000359-DNA_A01__pv	11532	4503	7240
LP2000357-DNA_A01_vs_LP2000359-DNA_A01__pv	10320	4295	6053
LP2000366-DNA_A01_vs_SM-4JPUU__pv	2460	3917	11417
LP2000367-DNA_A01_vs_SM-4JPUU__pv	1842	4019	12095
LP2000368-DNA_A01_vs_SM-4JPUU__pv	1826	3404	10956
LP2000369-DNA_A01_vs_SM-4JPUU__pv	1574	3217	10273
LP2000370-DNA_A01_vs_SM-4JPUU__pv	1936	4283	12893
LP2000371-DNA_A01_vs_SM-4JPUU__pv	1425	4497	9112
LP2000372-DNA_A01_vs_LP2000359-DNA_A01__pv	11281	4330	8287
LP2000373-DNA_A01_vs_LP2000359-DNA_A01__pv	8085	3810	4214
LP2101132-DNA_A01_vs_LP2101131-DNA_A01__pv	13621	5271	9413
LP2101136-DNA_A01_vs_LP2101133-DNA_A01__pv	1611	6134	13960
LP2101137-DNA_A01_vs_LP2101134-DNA_A01__pv	1187	2100	1924
LP2101140-DNA_A01_vs_LP2101155-DNA_A01__pv	6189	8163	23758
LP2101141-DNA_A01_vs_LP2101139-DNA_A01__pv	1510	3645	8683
LP2101142-DNA_A01_vs_LP2101143-DNA_A01__pv	792	46078	953
LP2101144-DNA_A01_vs_LP2101145-DNA_A01__pv	1102	3716	5693
LP2101146-DNA_A01_vs_LP2101147-DNA_A01__pv	1580	5677	9441
LP2101148-DNA_A01_vs_LP2101149-DNA_A01__pv	1391	3972	11660
LP2101151-DNA_A01_vs_LP2101152-DNA_A01__pv	5275	3445	14839
LP2101153-DNA_A01_vs_LP2101154-DNA_A01__pv	33118	12908	14854
LP2101156-DNA_A01_vs_LP2101157-DNA_A01__pv	1537	74438	716
LP2101158-DNA_A01_vs_LP2101159-DNA_A01__pv	15556	11844	14141
LP2101160-DNA_A01_vs_LP2101161-DNA_A01__pv	4879	5390	7491
LP2101162-DNA_B01_vs_LP2101163-DNA_B01__pv	515	630	1399
LP2101164-DNA_A01_vs_LP2101165-DNA_A01__pv	606	3120	6899
LP2101166-DNA_A01_vs_LP2101167-DNA_A01__pv	2397	3456	8360
LP2101168-DNA_A01_vs_LP2101169-DNA_A01__pv	571	4058	5945
LP2101170-DNA_A01_vs_LP2101511-DNA_A01__pv	771	1752	3983
LP2101512-DNA_A01_vs_LP2101513-DNA_A01__pv	16114	4096	7335
LP6005334-DNA_A02_vs_LP6005333-DNA_A02__pv	3784	4927	8112
LP6005334-DNA_A03_vs_LP6005333-DNA_A03__pv	7505	5588	9377
LP6005334-DNA_A04_vs_LP6005333-DNA_A04__pv	4670	2943	7306
LP6005334-DNA_B01_vs_SM-4JPUU__pv	1185	3289	7427
LP6005334-DNA_B02_vs_LP6005333-DNA_B02__pv	6930	7152	10070
LP6005334-DNA_C01_vs_LP6005333-DNA_C01__pv	1546	2446	11868
LP6005334-DNA_C02_vs_LP6005333-DNA_C02__pv	1098	2190	5319
LP6005334-DNA_C03_vs_LP6005333-DNA_C03__pv	2536	8234	6423
LP6005334-DNA_D01_vs_LP6005333-DNA_D01__pv	1	138	539
LP6005334-DNA_D02_vs_LP6005333-DNA_D02__pv	19745	145	9938
LP6005334-DNA_D03_vs_LP6005333-DNA_D03__pv	371	241	9470
LP6005334-DNA_E01_vs_LP6005333-DNA_E01__pv	2277	5975	10319
LP6005334-DNA_E02_vs_LP6005333-DNA_E02__pv	2925	884	1824
LP6005334-DNA_E03_vs_LP6005333-DNA_E03__pv	4216	3766	13628
LP6005334-DNA_F01_vs_LP6005333-DNA_F01__pv	4502	5261	16713
LP6005334-DNA_F02_vs_LP6005333-DNA_F02__pv	22836	5155	11112
LP6005334-DNA_F03_vs_LP6005333-DNA_F03__pv	572	1011	1312
LP6005334-DNA_G01_vs_LP6005333-DNA_G01__pv	8338	2502	21889
LP6005334-DNA_G02_vs_LP6005333-DNA_G02__pv	16692	5113	12672
LP6005334-DNA_G03_vs_LP6005333-DNA_G03__pv	4359	2357	5939
LP6005334-DNA_H01_vs_LP6005333-DNA_H01__pv	10377	5137	14823
LP6005334-DNA_H02_vs_LP6005333-DNA_H02__pv	33183	4594	12854
LP6005334-DNA_H03_vs_LP6005333-DNA_H03__pv	31511	3893	9628
LP6005335-DNA_A01_vs_LP6005333-DNA_A03__pv	9672	3826	6641
LP6005409-DNA_A01_vs_LP6005408-DNA_A01__pv	170	1695	6013
LP6005409-DNA_A02_vs_LP6005408-DNA_A02__pv	2099	1951	6778
LP6005409-DNA_A03_vs_LP6005408-DNA_A03__pv	24290	19591	6261
LP6005409-DNA_A04_vs_LP6005408-DNA_A04__pv	9353	2033	8045
LP6005409-DNA_B01_vs_LP6005408-DNA_B01__pv	55357	2939	12324
LP6005409-DNA_B02_vs_LP6005408-DNA_B02__pv	1771	5640	7845
LP6005409-DNA_B04_vs_LP6005408-DNA_B04__pv	1228	1106	9064
LP6005409-DNA_C01_vs_LP6005408-DNA_C01__pv	1608	3810	4209
LP6005409-DNA_C02_vs_LP6005408-DNA_C02__pv	1518	1419	3090
LP6005409-DNA_C04_vs_LP6005408-DNA_C04__pv	1022	2977	7046
LP6005409-DNA_D01_vs_LP6005408-DNA_D01__pv	25347	5324	9698
LP6005409-DNA_D02_vs_LP6005408-DNA_D02__pv	17926	7512	13160
LP6005409-DNA_D03_vs_LP6005408-DNA_D03__pv	36915	3079	8564
LP6005409-DNA_E01_vs_LP6005408-DNA_E01__pv	795	3468	6118
LP6005409-DNA_E02_vs_LP6005408-DNA_E02__pv	2100	3282	4876
LP6005409-DNA_E03_vs_LP6005408-DNA_E03__pv	17527	5959	10592
LP6005409-DNA_F01_vs_LP6005408-DNA_F01__pv	15041	4284	4947
LP6005409-DNA_F02_vs_LP6005408-DNA_F02__pv	5050	2913	7744
LP6005409-DNA_F03_vs_LP6005408-DNA_F03__pv	313	2164	3421
LP6005409-DNA_G02_vs_LP6005408-DNA_G02__pv	12692	2815	5275
LP6005409-DNA_G03_vs_LP6005408-DNA_G03__pv	18018	3577	5670
LP6005409-DNA_H01_vs_LP6005408-DNA_H01__pv	312	7136	4137
LP6005409-DNA_H02_vs_LP6005408-DNA_H02__pv	8804	4154	7165
LP6005409-DNA_H03_vs_LP6005408-DNA_H03__pv	7392	2009	2623
LP6005496-DNA_A01_vs_LP6005408-DNA_B03__pv	12486	24901	8473
LP6005496-DNA_B01_vs_LP6005408-DNA_C03__pv	8258	3863	7852
LP6005500-DNA_A01_vs_LP6005499-DNA_A01__pv	2621	3607	8173
LP6005500-DNA_A02_vs_LP6005499-DNA_A02__pv	8125	9170	10034
LP6005500-DNA_A03_vs_LP6005499-DNA_A03__pv	5149	2604	8377
LP6005500-DNA_B01_vs_LP6005499-DNA_B01__pv	6803	3954	6639
LP6005500-DNA_B02_vs_LP6005499-DNA_B02__pv	16143	7030	11926
LP6005500-DNA_B03_vs_LP6005499-DNA_B03__pv	9618	3406	7173
LP6005500-DNA_C01_vs_LP6005499-DNA_C01__pv	3277	2273	6666
LP6005500-DNA_C02_vs_LP6005499-DNA_C02__pv	3899	12938	7383
LP6005500-DNA_C03_vs_LP6005499-DNA_C03__pv	14089	5518	5795
LP6005500-DNA_D01_vs_LP6005499-DNA_D01__pv	5467	3570	6448
LP6005500-DNA_D02_vs_LP6005499-DNA_D02__pv	9819	4684	11999
LP6005500-DNA_D03_vs_LP6005499-DNA_D03__pv	7317	4495	6556
LP6005500-DNA_E02_vs_LP6005499-DNA_E02__pv	32056	2464	6053
LP6005500-DNA_E03_vs_LP6005499-DNA_E03__pv	67509	2680	10704
LP6005500-DNA_F01_vs_LP6005499-DNA_F01__pv	8910	2650	10296
LP6005500-DNA_F02_vs_LP6005499-DNA_F02__pv	4482	5970	20469
LP6005500-DNA_F03_vs_LP6005499-DNA_F03__pv	3526	13009	10768
LP6005500-DNA_G01_vs_LP6005499-DNA_G01__pv	39257	3194	4639
LP6005500-DNA_G02_vs_LP6005499-DNA_G02__pv	0	2541	1448
LP6005500-DNA_G03_vs_LP6005499-DNA_G03__pv	15385	5684	4222
LP6005500-DNA_H01_vs_LP6005499-DNA_H01__pv	7317	5391	8938
LP6005500-DNA_H02_vs_LP6005499-DNA_H02__pv	6353	4167	7710
LP6005500-DNA_H03_vs_LP6005499-DNA_H03__pv	9777	5028	8298
LP6005501-DNA_A01_vs_LP6005499-DNA_A01__pv	469	1203	2047
LP6005501-DNA_B01_vs_LP6005499-DNA_B01__pv	6334	4035	6963
LP6005501-DNA_C01_vs_LP6005499-DNA_C01__pv	3385	7127	9805
LP6005501-DNA_D01_vs_LP6005499-DNA_D01__pv	3858	5241	8524
LP6005501-DNA_E01_vs_LP6005499-DNA_E01__pv	1033	1079	1434
LP6005501-DNA_F01_vs_LP6005499-DNA_F01__pv	14979	2891	9236
LP6005690-DNA_A02_vs_LP6005689-DNA_A02__pv	1041	3667	8357
LP6005690-DNA_B01_vs_LP6005689-DNA_B01__pv	8334	2683	6307
LP6005690-DNA_B03_vs_LP6005777-DNA_A01__pv	18726	4915	6342
LP6005690-DNA_C02_vs_LP6005689-DNA_C02__pv	454	6203	9171
LP6005690-DNA_C03_vs_LP6005689-DNA_C03__pv	17676	4873	11671
LP6005690-DNA_D02_vs_LP6005689-DNA_D02__pv	26281	4501	8762
LP6005690-DNA_D03_vs_LP6005689-DNA_D03__pv	22292	2093	7312
LP6005690-DNA_E01_vs_LP6005689-DNA_E01__pv	13790	4438	15880
LP6005690-DNA_E02_vs_LP6005689-DNA_E02__pv	2	30	12
LP6005690-DNA_E03_vs_LP6005689-DNA_E03__pv	2836	4433	6345
LP6005690-DNA_F01_vs_LP6005689-DNA_F01__pv	15656	5265	8964
LP6005690-DNA_F02_vs_LP6005689-DNA_F02__pv	29709	4071	7016
LP6005690-DNA_F03_vs_LP6005689-DNA_F03__pv	3721	4415	8803
LP6005690-DNA_G02_vs_LP6005689-DNA_G02__pv	13551	4316	8311
LP6005690-DNA_H02_vs_LP6005689-DNA_H02__pv	44001	4696	6341
LP6005691-DNA_A01_vs_LP6005689-DNA_C01__pv	2041	3860	5055
LP6005691-DNA_A02_vs_LP6005689-DNA_F03__pv	1132	1971	2589
LP6005691-DNA_B01_vs_LP6005689-DNA_E01__pv	15029	4588	15635
LP6005691-DNA_C01_vs_LP6005689-DNA_A02__pv	595	3309	6326
LP6005691-DNA_D01_vs_LP6005689-DNA_B02__pv	62033	3313	4765
LP6005691-DNA_E01_vs_LP6005689-DNA_D01__pv	2831	2191	2122
LP6005691-DNA_F01_vs_LP6005689-DNA_F01__pv	14968	3200	4683
LP6005691-DNA_G01_vs_LP6005689-DNA_G01__pv	1	177	95
LP6005691-DNA_H01_vs_LP6005689-DNA_H01__pv	3422	935	2018
LP6005935-DNA_A01_vs_LP6005979-DNA_A01__pv	22144	9402	15389
LP6005935-DNA_A02_vs_LP6005934-DNA_A02__pv	19092	3124	6721
LP6005935-DNA_A03_vs_LP6005934-DNA_A03__pv	396	5248	5503
LP6005935-DNA_B01_vs_LP6005934-DNA_B01__pv	2071	3093	8280
LP6005935-DNA_B02_vs_LP6005934-DNA_B02__pv	16934	2949	12867
LP6005935-DNA_B03_vs_LP6005934-DNA_B03__pv	35028	857	13192
LP6005935-DNA_B04_vs_LP6005934-DNA_B04__pv	1715	6885	8835
LP6005935-DNA_C01_vs_LP6005934-DNA_C01__pv	17139	153210	12995
LP6005935-DNA_C02_vs_LP6005979-DNA_B01__pv	14932	6677	11325
LP6005935-DNA_C03_vs_LP6005934-DNA_C03__pv	776	2160	2671
LP6005935-DNA_C04_vs_LP6005934-DNA_C04__pv	33082	7888	15958
LP6005935-DNA_D01_vs_LP6005934-DNA_D01__pv	20331	5604	11697
LP6005935-DNA_D02_vs_LP6005934-DNA_D02__pv	16011	3579	7261
LP6005935-DNA_D04_vs_LP6005934-DNA_C03__pv	2187	1910	3821
LP6005935-DNA_E01_vs_LP6005934-DNA_E01__pv	28398	7371	7999
LP6005935-DNA_E02_vs_LP6005934-DNA_E02__pv	10063	4874	7445
LP6005935-DNA_E03_vs_LP6005934-DNA_E03__pv	7072	3930	9232
LP6005935-DNA_E04_vs_LP6005934-DNA_E02__pv	4562	2327	2977
LP6005935-DNA_F01_vs_LP6005934-DNA_F01__pv	391	1449	6937
LP6005935-DNA_F02_vs_LP6005934-DNA_F02__pv	78890	13295	11003
LP6005935-DNA_F03_vs_LP6005934-DNA_F03__pv	641	58553	2393
LP6005935-DNA_F04_vs_LP6007426-DNA_A01__pv	46148	0	14928
LP6005935-DNA_G01_vs_LP6005934-DNA_G01__pv	19693	6726	6253
LP6005935-DNA_G02_vs_LP6005979-DNA_C01__pv	1420	4201	15360
LP6005935-DNA_G03_vs_LP6005934-DNA_G03__pv	1461	1949	6722
LP6005935-DNA_H01_vs_LP6005934-DNA_H01__pv	12870	5384	13999
LP6005935-DNA_H02_vs_LP6005934-DNA_H02__pv	6733	5595	12192
LP6005935-DNA_H03_vs_LP6005934-DNA_H03__pv	1078	62030	2559
LP6007358-DNA_A01_vs_LP6007553-DNA_A01__pv	4288	3174	8568
LP6007394-DNA_A01_vs_LP6007393-DNA_A01__pv	5938	3958	3449
LP6007396-DNA_A01_vs_LP6007395-DNA_A01__pv	6780	5489	8337
LP6007398-DNA_A01_vs_LP6007397-DNA_A01__pv	3068	4686	6910
LP6007399-DNA_A01_vs_LP6007397-DNA_A01__pv	3078	4568	6644
LP6007401-DNA_A01_vs_LP6007400-DNA_A01__pv	22140	5520	11677
LP6007402-DNA_A01_vs_LP6007400-DNA_A01__pv	11585	2264	3458
LP6007404-DNA_A01_vs_LP6007403-DNA_A01__pv	1495	4440	6593
LP6007405-DNA_A01_vs_LP6007403-DNA_A01__pv	2560	1289	2030
LP6007407-DNA_A01_vs_LP6007406-DNA_A01__pv	15445	7025	11741
LP6007409-DNA_A01_vs_LP6007408-DNA_A01__pv	2165	6241	5681
LP6007410-DNA_A01_vs_LP6007408-DNA_A01__pv	8497	4992	6653
LP6007414-DNA_A02_vs_LP6007413-DNA_A02__pv	634	3793	6571
LP6007416-DNA_A01_vs_LP6007415-DNA_A01__pv	2821	5710	10199
LP6007418-DNA_A02_vs_LP6007417-DNA_A02__pv	10060	6708	9138
LP6007420-DNA_A01_vs_LP6007419-DNA_A01__pv	31523	1244	13451
LP6007422-DNA_A01_vs_LP6007421-DNA_A01__pv	2929	4546	5802
LP6007424-DNA_A01_vs_LP6007423-DNA_A01__pv	9048	5039	11457
LP6007425-DNA_A01_vs_LP6007423-DNA_A01__pv	9218	4939	11185
LP6007427-DNA_A01_vs_LP6007426-DNA_A01__pv	59095	0	19548
LP6007428-DNA_A01_vs_LP6007426-DNA_A01__pv	515	1464	1376
LP6007430-DNA_A01_vs_LP6007429-DNA_A01__pv	4961	6600	9721
LP6007432-DNA_A01_vs_LP6007431-DNA_A01__pv	37533	1424	7167
LP6007434-DNA_A01_vs_LP6007433-DNA_A01__pv	11403	4165	9511
LP6007436-DNA_A01_vs_LP6007435-DNA_A01__pv	24096	4839	8380
LP6007438-DNA_A01_vs_LP6007437-DNA_A01__pv	615	2556	5763
LP6007440-DNA_A01_vs_LP6007439-DNA_A01__pv	42405	6505	14285
LP6007442-DNA_A01_vs_LP6007441-DNA_A01__pv	92993	1747	25487
LP6007504-DNA_A01_vs_LP6007566-DNA_A01__pv	4341	1775	3603
LP6007506-DNA_A01_vs_LP6007505-DNA_A01__pv	3562	3873	8894
LP6007508-DNA_A01_vs_LP6007507-DNA_A01__pv	3004	3227	5986
LP6007512-DNA_A01_vs_LP6007511-DNA_A01__pv	10397	7207	8167
LP6007514-DNA_A01_vs_LP6007513-DNA_A01__pv	1795	4521	6139
LP6007516-DNA_A01_vs_LP6007515-DNA_A01__pv	2707	5016	9820
LP6007518-DNA_A01_vs_LP6007517-DNA_A01__pv	26603	3468	13417
LP6007520-DNA_A01_vs_LP6007519-DNA_A01__pv	1435	3623	6389
LP6007521-DNA_A01_vs_LP6007519-DNA_A01__pv	336	1863	2372
LP6007523-DNA_A01_vs_LP6007522-DNA_A01__pv	1196	4320	8735
LP6007529-DNA_A01_vs_LP6007528-DNA_A01__pv	10674	3300	11943
LP6007531-DNA_A01_vs_LP6007530-DNA_A01__pv	21470	4543	8848
LP6007533-DNA_A01_vs_LP6007532-DNA_A01__pv	1223	2524	5909
LP6007535-DNA_A01_vs_LP6007534-DNA_A01__pv	1465	1840	4767
LP6007536-DNA_A01_vs_LP6007534-DNA_A01__pv	973	674	7245
LP6007538-DNA_A01_vs_LP6007537-DNA_A01__pv	15606	3676	7831
LP6007540-DNA_A01_vs_LP6007539-DNA_A01__pv	7325	4671	6549
LP6007542-DNA_A01_vs_LP6007541-DNA_A01__pv	7457	6330	16952
LP6007544-DNA_A01_vs_LP6007569-DNA_A01__pv	4593	4804	9715
LP6007546-DNA_A01_vs_LP6007568-DNA_A01__pv	2491	3392	5785
LP6007548-DNA_A01_vs_LP6007547-DNA_A01__pv	1843	1173	3453
LP6007550-DNA_A01_vs_LP6007549-DNA_A01__pv	19422	3164	8961
LP6007552-DNA_A01_vs_LP6007551-DNA_A01__pv	7302	2107	10847
LP6007567-DNA_A01_vs_LP6007524-DNA_A01__pv	7030	4460	6636
LP6007591_vs_LP6007590__pv	35988	6559	15764
LP6007592_vs_LP6007590__pv	2660	4125	4568
LP6007594_vs_LP6007593__pv	1175	7956	8184
LP6007595_vs_LP6007593__pv	4447	3457	4414
LP6007597_vs_LP6007596__pv	19241	8807	9889
LP6007598_vs_LP6007596__pv	5877	2788	3622
LP6007600_vs_LP6007599__pv	220	2820	2927
LP6007602_vs_LP6007601__pv	60044	0	4919
LP6008017-DNA_A01_vs_LP6008018-DNA_B01__pv	32241	3931	5973
LP6008017-DNA_A02_vs_LP6008018-DNA_B01__pv	49858	4613	5647
LP6008017-DNA_A03_vs_LP6008018-DNA_C01__pv	35688	4715	9877
LP6008017-DNA_A04_vs_LP6008018-DNA_A01__pv	9694	4020	16028
LP6008017-DNA_B01_vs_LP6008018-DNA_B01__pv	43142	3795	5554
LP6008017-DNA_B02_vs_LP6008018-DNA_B01__pv	31609	3327	5544
LP6008017-DNA_B03_vs_LP6008018-DNA_C01__pv	36190	5097	10295
LP6008017-DNA_B04_vs_LP6008018-DNA_A01__pv	5060	2266	4901
LP6008017-DNA_C01_vs_LP6008018-DNA_B01__pv	56667	3331	6283
LP6008017-DNA_C02_vs_LP6008018-DNA_C01__pv	34956	4393	9632
LP6008017-DNA_C03_vs_LP6008018-DNA_C01__pv	35954	4705	9818
LP6008017-DNA_C04_vs_LP6008018-DNA_C01__pv	8	69	58
LP6008017-DNA_D01_vs_LP6008018-DNA_B01__pv	45631	3678	5991
LP6008017-DNA_D02_vs_LP6008018-DNA_C01__pv	36265	4954	10905
LP6008017-DNA_D03_vs_LP6008018-DNA_A01__pv	9620	5128	11516
LP6008017-DNA_E01_vs_LP6008018-DNA_B01__pv	53844	3605	6410
LP6008017-DNA_E02_vs_LP6008018-DNA_C01__pv	36552	4845	12038
LP6008017-DNA_E03_vs_LP6008018-DNA_A01__pv	9427	4577	9934
LP6008017-DNA_F01_vs_LP6008018-DNA_B01__pv	35599	3703	6868
LP6008017-DNA_F02_vs_LP6008018-DNA_C01__pv	37698	4898	10761
LP6008017-DNA_F03_vs_LP6008018-DNA_A01__pv	6874	2245	7862
LP6008017-DNA_G01_vs_LP6008018-DNA_B01__pv	36723	4050	6099
LP6008017-DNA_G02_vs_LP6008018-DNA_C01__pv	40656	5063	12464
LP6008017-DNA_G03_vs_LP6008018-DNA_A01__pv	9483	4315	12863
LP6008017-DNA_H01_vs_LP6008018-DNA_B01__pv	47012	3442	6337
LP6008017-DNA_H02_vs_LP6008018-DNA_C01__pv	35979	4615	11311
LP6008017-DNA_H03_vs_LP6008018-DNA_A01__pv	11168	4219	15952
LP6008031-DNA_A01_vs_LP6008032-DNA_A01__pv	5731	2810	17183
LP6008031-DNA_A02_vs_LP6008032-DNA_C02__pv	5565	5688	20173
LP6008031-DNA_A03_vs_LP6008032-DNA_E03__pv	1624	3351	6994
LP6008031-DNA_A04_vs_LP6008032-DNA_D03__pv	20427	4057	6811
LP6008031-DNA_B01_vs_LP6008032-DNA_B01__pv	5157	3088	4284
LP6008031-DNA_B02_vs_LP6008032-DNA_D02__pv	1705	4063	11529
LP6008031-DNA_B03_vs_LP6008032-DNA_F03__pv	466	3994	6390
LP6008031-DNA_B04_vs_LP6008032-DNA_C02__pv	458	1668	2782
LP6008031-DNA_C01_vs_LP6008032-DNA_C01__pv	12669	7617	12244
LP6008031-DNA_C02_vs_LP6008032-DNA_E02__pv	7092	6383	8749
LP6008031-DNA_C03_vs_LP6008032-DNA_G03__pv	0	130	51
LP6008031-DNA_D01_vs_LP6008032-DNA_D01__pv	5267	2497	7472
LP6008031-DNA_D02_vs_LP6008032-DNA_F02__pv	10178	4831	6169
LP6008031-DNA_D03_vs_LP6008032-DNA_H03__pv	1290	3103	11414
LP6008031-DNA_E01_vs_LP6008032-DNA_E01__pv	8871	49238	8131
LP6008031-DNA_E02_vs_LP6008032-DNA_G02__pv	13140	4338	13806
LP6008031-DNA_E03_vs_LP6008032-DNA_A04__pv	14695	78051	2219
LP6008031-DNA_F01_vs_LP6008032-DNA_F01__pv	5927	3998	7504
LP6008031-DNA_F02_vs_LP6008032-DNA_H02__pv	4622	2260	2546
LP6008031-DNA_F03_vs_LP6008032-DNA_H01__pv	20177	8912	11810
LP6008031-DNA_G01_vs_LP6008032-DNA_G01__pv	10119	3473	6729
LP6008031-DNA_G02_vs_LP6008032-DNA_A03__pv	2782	4204	9473
LP6008031-DNA_G03_vs_LP6008032-DNA_A02__pv	11350	4849	22241
LP6008031-DNA_H01_vs_LP6008032-DNA_B02__pv	8409	7430	7155
LP6008031-DNA_H02_vs_LP6008032-DNA_B03__pv	2074	43006	5753
LP6008031-DNA_H03_vs_LP6008032-DNA_C03__pv	34288	41980	1224
LP6008051-DNA_A01_vs_LP6008050-DNA_C02__pv	74	1842	6633
LP6008051-DNA_A02_vs_LP6008050-DNA_E01__pv	4397	3923	5500
LP6008051-DNA_A03_vs_LP6008050-DNA_G02__pv	41179	1441	10562
LP6008051-DNA_B01_vs_LP6008138-DNA_B03__pv	13625	3597	5680
LP6008051-DNA_B02_vs_LP6008050-DNA_F01__pv	6951	6153	10763
LP6008051-DNA_B03_vs_LP6008050-DNA_G02__pv	39467	1268	9763
LP6008051-DNA_C01_vs_LP6008050-DNA_E02__pv	9881	5851	7999
LP6008051-DNA_C02_vs_LP6008050-DNA_G01__pv	8845	3715	7676
LP6008051-DNA_C03_vs_LP6008050-DNA_G02__pv	41490	2278	11336
LP6008051-DNA_D01_vs_LP6008050-DNA_F02__pv	8567	7477	11817
LP6008051-DNA_D03_vs_LP6008050-DNA_G02__pv	38710	799	10592
LP6008051-DNA_E01_vs_LP6008050-DNA_A01__pv	6373	6128	7907
LP6008051-DNA_E02_vs_LP6008050-DNA_A02__pv	4567	4840	14252
LP6008051-DNA_E03_vs_LP6008050-DNA_G02__pv	39472	1369	9427
LP6008051-DNA_F01_vs_LP6008050-DNA_B01__pv	7035	6041	7698
LP6008051-DNA_F02_vs_LP6008050-DNA_B02__pv	3475	6324	18756
LP6008051-DNA_F03_vs_LP6008050-DNA_G02__pv	39106	1527	8972
LP6008051-DNA_G01_vs_LP6008050-DNA_C01__pv	4891	1264	10633
LP6008051-DNA_G02_vs_LP6008050-DNA_B02__pv	375	2040	2757
LP6008051-DNA_G03_vs_LP6008050-DNA_G02__pv	40259	1876	10347
LP6008051-DNA_H03_vs_LP6008050-DNA_G02__pv	39357	1302	9358
LP6008139-DNA_A01_vs_LP6008140-DNA_A01__pv	15966	4015	8825
LP6008139-DNA_A02_vs_LP6008140-DNA_A01__pv	14422	3301	7786
LP6008139-DNA_A03_vs_LP2000102-DNA_A01__pv	8863	156	17093
LP6008139-DNA_B01_vs_LP6008140-DNA_A01__pv	16077	4055	9162
LP6008139-DNA_B02_vs_LP6008140-DNA_A01__pv	11592	2636	5491
LP6008139-DNA_B03_vs_LP6005408-DNA_H03__pv	19003	5825	6889
LP6008139-DNA_C01_vs_LP6008140-DNA_A01__pv	13534	3815	7513
LP6008139-DNA_C02_vs_LP6008140-DNA_A01__pv	19937	3563	7781
LP6008139-DNA_C03_vs_LP6005408-DNA_H03__pv	18854	5843	6486
LP6008139-DNA_D01_vs_LP6008140-DNA_A01__pv	12373	4278	7620
LP6008139-DNA_D02_vs_LP6008140-DNA_A01__pv	15256	3857	7648
LP6008139-DNA_D03_vs_LP6008140-DNA_A01__pv	12756	2702	3798
LP6008139-DNA_E01_vs_LP6008140-DNA_A01__pv	19726	3844	8017
LP6008139-DNA_E02_vs_LP6008140-DNA_A01__pv	15714	4145	8735
LP6008139-DNA_F01_vs_LP6008140-DNA_A01__pv	16405	4380	8619
LP6008139-DNA_F02_vs_LP6008140-DNA_A01__pv	12828	4253	7947
LP6008139-DNA_G01_vs_LP6008140-DNA_A01__pv	15851	4432	9585
LP6008139-DNA_G02_vs_LP6008140-DNA_A01__pv	7563	872	907
LP6008139-DNA_H01_vs_LP6008140-DNA_A01__pv	14583	4010	8375
LP6008139-DNA_H02_vs_LP2000102-DNA_A01__pv	8819	303	17397
LP6008141-DNA_A01_vs_LP6008138-DNA_A01__pv	9286	9229	10210
LP6008141-DNA_A02_vs_LP6008138-DNA_A02__pv	67197	5437	12500
LP6008141-DNA_A03_vs_LP6008138-DNA_F01__pv	8315	1836	2015
LP6008141-DNA_B01_vs_LP6008138-DNA_B01__pv	10144	4200	8609
LP6008141-DNA_B02_vs_LP6008138-DNA_B02__pv	4578	4786	9230
LP6008141-DNA_B03_vs_LP6008138-DNA_H01__pv	6165	4322	4315
LP6008141-DNA_C01_vs_LP6008138-DNA_C01__pv	6168	3913	8775
LP6008141-DNA_C02_vs_LP6008138-DNA_C02__pv	42528	6342	9594
LP6008141-DNA_C03_vs_LP6008032-DNA_A03__pv	2678	4139	9192
LP6008141-DNA_D01_vs_LP6008138-DNA_D01__pv	5729	0	27828
LP6008141-DNA_D02_vs_LP6008138-DNA_D02__pv	52314	0	16559
LP6008141-DNA_E01_vs_LP6008138-DNA_E01__pv	8185	5645	10313
LP6008141-DNA_E02_vs_LP6008138-DNA_E02__pv	13815	4666	8942
LP6008141-DNA_F01_vs_LP6008138-DNA_F01__pv	6686	3092	6881
LP6008141-DNA_F02_vs_LP6008138-DNA_F02__pv	43797	2287	9447
LP6008141-DNA_G01_vs_LP6008138-DNA_G01__pv	1284	4563	6318
LP6008141-DNA_G02_vs_LP6008138-DNA_G02__pv	18188	3904	8565
LP6008141-DNA_H01_vs_LP6008138-DNA_H01__pv	1949	3758	8196
LP6008141-DNA_H02_vs_LP6008138-DNA_H02__pv	2646	2443	12458
LP6008143-DNA_A01_vs_LP6008144-DNA_A01__pv	12723	8050	9447
LP6008143-DNA_A02_vs_LP6008144-DNA_A01__pv	6943	6693	7847
LP6008143-DNA_B01_vs_LP6008144-DNA_A01__pv	11772	7581	9114
LP6008143-DNA_B02_vs_LP6008144-DNA_A01__pv	4569	2084	2843
LP6008143-DNA_C01_vs_LP6008144-DNA_A01__pv	18461	9296	10317
LP6008143-DNA_C02_vs_LP6008144-DNA_A01__pv	28848	10783	10164
LP6008143-DNA_D01_vs_LP6008144-DNA_A01__pv	18032	8504	9933
LP6008143-DNA_D02_vs_LP6008144-DNA_A01__pv	16271	8696	10010
LP6008143-DNA_E01_vs_LP6008144-DNA_A01__pv	15557	8452	9604
LP6008143-DNA_E02_vs_LP6008144-DNA_A01__pv	15763	8250	9655
LP6008143-DNA_F01_vs_LP6008144-DNA_A01__pv	513	227	436
LP6008143-DNA_F02_vs_LP6008144-DNA_A01__pv	18336	9086	10483
LP6008143-DNA_G01_vs_LP6008144-DNA_A01__pv	12774	8032	9209
LP6008143-DNA_G02_vs_LP6008144-DNA_A01__pv	16079	8609	9810
LP6008143-DNA_H01_vs_LP6008144-DNA_A01__pv	13910	7181	8673
LP6008143-DNA_H02_vs_LP6008144-DNA_A01__pv	20074	8880	9934
LP6008202-DNA_A01_vs_LP6008201-DNA_A01__pv	8869	125179	69099
LP6008202-DNA_A02_vs_LP6008201-DNA_A02__pv	37288	3055	6502
LP6008202-DNA_A03_vs_LP6008201-DNA_A03__pv	287	0	5453
LP6008202-DNA_B01_vs_LP6008201-DNA_B01__pv	23224	2850	13987
LP6008202-DNA_B02_vs_LP6008201-DNA_B02__pv	6545	7714	11410
LP6008202-DNA_B03_vs_LP6008201-DNA_B03__pv	4381	0	368
LP6008202-DNA_C01_vs_LP6008201-DNA_C01__pv	13487	24032	23413
LP6008202-DNA_C02_vs_LP6008201-DNA_C02__pv	2202	3130	5175
LP6008202-DNA_C03_vs_LP6008201-DNA_C03__pv	7953	5115	6752
LP6008202-DNA_D01_vs_LP6008201-DNA_D01__pv	1712	52825	28593
LP6008202-DNA_D02_vs_LP6008201-DNA_D02__pv	2441	5122	9604
LP6008202-DNA_D03_vs_LP6008201-DNA_D03__pv	9268	609	9595
LP6008202-DNA_E01_vs_LP6008201-DNA_E01__pv	16763	7159	22932
LP6008202-DNA_E02_vs_LP6008201-DNA_E02__pv	4147	5148	5555
LP6008202-DNA_E03_vs_LP6008201-DNA_D01__pv	1714	40948	27014
LP6008202-DNA_F02_vs_LP6008201-DNA_F02__pv	3340	5169	6749
LP6008202-DNA_G01_vs_LP6008201-DNA_G01__pv	1241	8165	10720
LP6008202-DNA_G02_vs_LP6008201-DNA_G02__pv	16699	3421	8112
LP6008202-DNA_H01_vs_LP6008201-DNA_H01__pv	15957	17698	13266
LP6008202-DNA_H02_vs_LP6008201-DNA_H02__pv	7621	3847	8149
LP6008208-DNA_A01_vs_LP6008203-DNA_A01__pv	15	2555	3403
LP6008208-DNA_A02_vs_LP6005979-DNA_A01__pv	42261	6122	9434
LP6008208-DNA_B01_vs_LP6008203-DNA_A01__pv	12	185	361
LP6008208-DNA_B02_vs_LP6005979-DNA_A01__pv	4	64	27
LP6008208-DNA_C01_vs_LP6008203-DNA_A01__pv	1	2815	4333
LP6008208-DNA_C02_vs_LP6005979-DNA_A01__pv	11447	6900	10740
LP6008208-DNA_D01_vs_LP6008203-DNA_A01__pv	18	2953	3171
LP6008208-DNA_E01_vs_LP6008203-DNA_A01__pv	0	2951	3093
LP6008208-DNA_F01_vs_LP6008203-DNA_A01__pv	19	2963	3202
LP6008208-DNA_G01_vs_LP6008203-DNA_A01__pv	42	2586	2819
LP6008208-DNA_H01_vs_LP6005979-DNA_A01__pv	11171	6815	10277
LP6008221-DNA_A01_vs_LP6008220-DNA_A01__pv	28006	3510	5013
LP6008221-DNA_A02_vs_LP6008220-DNA_A02__pv	1350	5575	13290
LP6008221-DNA_A03_vs_LP6008220-DNA_A03__pv	1938	5645	8842
LP6008221-DNA_A04_vs_LP6008050-DNA_H01__pv	8996	5672	11565
LP6008221-DNA_B01_vs_LP6008220-DNA_B01__pv	150	698	1413
LP6008221-DNA_B02_vs_LP6008220-DNA_B02__pv	5434	2009	7091
LP6008221-DNA_B03_vs_LP6008220-DNA_B03__pv	9586	5148	7363
LP6008221-DNA_C01_vs_LP6008220-DNA_C01__pv	21974	5543	11253
LP6008221-DNA_C02_vs_LP6008220-DNA_C02__pv	332	3007	3229
LP6008221-DNA_C03_vs_LP6008220-DNA_C03__pv	3316	3097	7795
LP6008221-DNA_D01_vs_LP6008220-DNA_D01__pv	13181	8468	14943
LP6008221-DNA_D02_vs_LP6008220-DNA_D02__pv	10603	1873	10269
LP6008221-DNA_D03_vs_LP6008220-DNA_D03__pv	27760	4589	7277
LP6008221-DNA_E01_vs_LP6008220-DNA_E01__pv	28739	5720	5137
LP6008221-DNA_E02_vs_LP6008220-DNA_E02__pv	28079	4122	5555
LP6008221-DNA_E03_vs_LP6008220-DNA_E03__pv	27535	6615	9317
LP6008221-DNA_F01_vs_LP6008220-DNA_F01__pv	4556	3735	7387
LP6008221-DNA_F02_vs_LP6008220-DNA_F02__pv	4607	45019	9177
LP6008221-DNA_F03_vs_LP6008220-DNA_F03__pv	19348	8362	10671
LP6008221-DNA_G01_vs_LP6008220-DNA_G01__pv	246	2889	5794
LP6008221-DNA_G02_vs_LP6008220-DNA_G02__pv	5776	3696	10838
LP6008221-DNA_G03_vs_LP6008220-DNA_H02__pv	1259	1323	2018
LP6008221-DNA_H01_vs_LP6008220-DNA_H01__pv	3038	4336	9898
LP6008221-DNA_H02_vs_LP6008220-DNA_H02__pv	3873	4609	13608
LP6008221-DNA_H03_vs_LP6008220-DNA_D03__pv	2483	1173	1734
LP6008267-DNA_A01_vs_LP6008266-DNA_A01__pv	37285	6829	8013
LP6008267-DNA_A02_vs_LP6008266-DNA_G01__pv	1895	3805	6452
LP6008267-DNA_B01_vs_LP6008266-DNA_B01__pv	64036	4381	7264
LP6008267-DNA_B02_vs_LP6008266-DNA_H01__pv	15469	6725	11153
LP6008267-DNA_C01_vs_LP6008266-DNA_C01__pv	13828	6715	9871
LP6008267-DNA_C02_vs_LP6008266-DNA_H01__pv	1478	3935	3882
LP6008267-DNA_D01_vs_LP6008201-DNA_F01__pv	2975	3185	6671
LP6008267-DNA_D02_vs_LP6008266-DNA_A02__pv	2726	7090	21744
LP6008267-DNA_E01_vs_LP6008266-DNA_D01__pv	7649	4952	8274
LP6008267-DNA_E02_vs_LP6008266-DNA_A02__pv	4196	4636	10946
LP6008267-DNA_F01_vs_LP6008266-DNA_E01__pv	22654	4551	7646
LP6008267-DNA_G01_vs_LP6008266-DNA_F01__pv	1791	0	17948
LP6008267-DNA_H01_vs_LP6008266-DNA_G01__pv	1808	6211	8987
LP6008269-DNA_A02_vs_LP6008268-DNA_C02__pv	327	2180	2583
LP6008269-DNA_A03_vs_LP6008268-DNA_C03__pv	141071	103	1712
LP6008269-DNA_A04_vs_LP6008268-DNA_C04__pv	2264	2397	2792
LP6008269-DNA_A05_vs_LP6008268-DNA_C05__pv	3595	5475	7614
LP6008269-DNA_A06_vs_LP6008268-DNA_B06__pv	572	3570	4648
LP6008269-DNA_A08_vs_LP6008268-DNA_A08__pv	10587	4533	8355
LP6008269-DNA_A09_vs_LP6008268-DNA_A09__pv	3254	4429	7450
LP6008269-DNA_A10_vs_LP6008268-DNA_A10__pv	2305	5202	9005
LP6008269-DNA_B02_vs_LP6008268-DNA_D02__pv	2143	4220	4332
LP6008269-DNA_B03_vs_LP6008268-DNA_D03__pv	1480	2461	2294
LP6008269-DNA_B05_vs_LP6008268-DNA_D05__pv	13745	4491	8545
LP6008269-DNA_B06_vs_LP6008268-DNA_C06__pv	27884	8897	10300
LP6008269-DNA_B07_vs_LP6008268-DNA_B07__pv	213	3366	4948
LP6008269-DNA_B08_vs_LP6008268-DNA_B08__pv	7195	2360	3530
LP6008269-DNA_B09_vs_LP6008268-DNA_B09__pv	1386	5830	7669
LP6008269-DNA_B10_vs_LP6008268-DNA_B10__pv	6453	6130	14933
LP6008269-DNA_C04_vs_LP6008268-DNA_E04__pv	16197	750237	310760
LP6008269-DNA_C05_vs_LP6008268-DNA_E05__pv	19053	4879	6616
LP6008269-DNA_C06_vs_LP6008268-DNA_D06__pv	2857	5075	11369
LP6008269-DNA_C07_vs_LP6008268-DNA_C07__pv	3256	6284	9901
LP6008269-DNA_C08_vs_LP6008268-DNA_C08__pv	18036	4885	12540
LP6008269-DNA_C09_vs_LP6008268-DNA_C09__pv	20820	1626	5196
LP6008269-DNA_C10_vs_LP6008268-DNA_C10__pv	4690	4746	3101
LP6008269-DNA_D02_vs_LP6008268-DNA_F02__pv	4597	5569	9020
LP6008269-DNA_D03_vs_LP6008268-DNA_F03__pv	5326	8038	6481
LP6008269-DNA_D04_vs_LP6008268-DNA_F04__pv	763	2256	2359
LP6008269-DNA_D05_vs_LP6008268-DNA_F05__pv	3980	55278	2389
LP6008269-DNA_D06_vs_LP6008268-DNA_E06__pv	3984	3887	5789
LP6008269-DNA_D07_vs_LP6008268-DNA_D07__pv	11628	4875	9108
LP6008269-DNA_D08_vs_LP6008268-DNA_D08__pv	104388	982	5965
LP6008269-DNA_D09_vs_LP6008268-DNA_D09__pv	15746	753335	314856
LP6008269-DNA_D10_vs_LP6008268-DNA_D10__pv	7795	6475	12465
LP6008269-DNA_E01_vs_LP6008268-DNA_E01__pv	3149	4359	7564
LP6008269-DNA_E02_vs_LP6008268-DNA_G02__pv	11897	3248	7165
LP6008269-DNA_E03_vs_LP6008268-DNA_G03__pv	2155	4485	5398
LP6008269-DNA_E04_vs_LP6008268-DNA_G04__pv	33972	4630	8988
LP6008269-DNA_E06_vs_LP6008268-DNA_F06__pv	546	3002	3815
LP6008269-DNA_E07_vs_LP6008268-DNA_E07__pv	9457	80542	11186
LP6008269-DNA_E08_vs_LP6008268-DNA_E08__pv	7132	3361	7340
LP6008269-DNA_E09_vs_LP6008268-DNA_E09__pv	543	2650	3062
LP6008269-DNA_E10_vs_LP6008268-DNA_E10__pv	11169	4814	10999
LP6008269-DNA_F01_vs_LP6008268-DNA_H01__pv	961	1734	1589
LP6008269-DNA_F02_vs_LP6008268-DNA_H02__pv	4928	3697	7849
LP6008269-DNA_F03_vs_LP6008268-DNA_H03__pv	3637	4424	10834
LP6008269-DNA_F04_vs_LP6008268-DNA_H04__pv	1559	3329	6112
LP6008269-DNA_F06_vs_LP6008268-DNA_G06__pv	2436	3866	5448
LP6008269-DNA_F07_vs_LP6008268-DNA_F07__pv	119	3131	1238
LP6008269-DNA_F08_vs_LP6008268-DNA_F08__pv	13846	3563	8519
LP6008269-DNA_F09_vs_LP6008268-DNA_F09__pv	2415	5403	6208
LP6008269-DNA_G01_vs_LP6008268-DNA_A02__pv	11941	1159	1905
LP6008269-DNA_G02_vs_LP6008268-DNA_A03__pv	3192	3981	6192
LP6008269-DNA_G03_vs_LP6008268-DNA_A04__pv	34917	3728	6610
LP6008269-DNA_G04_vs_LP6008268-DNA_A05__pv	1494	4069	2587
LP6008269-DNA_G06_vs_LP6008268-DNA_H06__pv	30243	5008	7950
LP6008269-DNA_G07_vs_LP6008268-DNA_G07__pv	15913	1764	2507
LP6008269-DNA_G08_vs_LP6008268-DNA_G08__pv	6524	4783	6156
LP6008269-DNA_G09_vs_LP6008268-DNA_G09__pv	4	80	17
LP6008269-DNA_H01_vs_LP6008268-DNA_B02__pv	91	896	517
LP6008269-DNA_H02_vs_LP6008268-DNA_B03__pv	28782	6270	5784
LP6008269-DNA_H03_vs_LP6008268-DNA_B04__pv	3448	3999	5065
LP6008269-DNA_H05_vs_LP6008268-DNA_A06__pv	6368	7524	13783
LP6008269-DNA_H06_vs_LP6008268-DNA_A07__pv	9719	5535	9192
LP6008269-DNA_H07_vs_LP6008268-DNA_H07__pv	15509	1808	4764
LP6008269-DNA_H08_vs_LP6008268-DNA_H08__pv	4243	3515	18719
LP6008269-DNA_H09_vs_LP6008268-DNA_H09__pv	42070	5042	9498
LP6008280-DNA_A01_vs_LP6008264-DNA_A01__pv	4995	3968	8145
LP6008280-DNA_A02_vs_LP6008264-DNA_A02__pv	6937	2502	4986
LP6008280-DNA_A03_vs_LP6008264-DNA_A03__pv	1756	8823	7692
LP6008280-DNA_A04_vs_LP6008264-DNA_H03__pv	8430	1813	6723
LP6008280-DNA_A05_vs_LP6008264-DNA_H04__pv	2480	1824	2377
LP6008280-DNA_A07_vs_LP6008264-DNA_H06__pv	3785	2271	2214
LP6008280-DNA_B01_vs_LP6008264-DNA_B01__pv	2585	40703	6563
LP6008280-DNA_B02_vs_LP6008264-DNA_B02__pv	12	4411	3223
LP6008280-DNA_B03_vs_LP6008264-DNA_B03__pv	572	2381	8634
LP6008280-DNA_B04_vs_LP6008264-DNA_A04__pv	26	113	36
LP6008280-DNA_B05_vs_LP6008264-DNA_A05__pv	12527	5562	12585
LP6008280-DNA_C01_vs_LP6008264-DNA_C01__pv	33717	6604	8240
LP6008280-DNA_C02_vs_LP6008264-DNA_C02__pv	21005	3642	9348
LP6008280-DNA_C03_vs_LP6008264-DNA_C03__pv	2983	0	31277
LP6008280-DNA_C04_vs_LP6008264-DNA_B04__pv	13	186	30
LP6008280-DNA_C05_vs_LP6008264-DNA_B05__pv	2691	4881	4030
LP6008280-DNA_C06_vs_LP6008264-DNA_B06__pv	9744	2187	2321
LP6008280-DNA_D02_vs_LP6008264-DNA_D02__pv	11396	3609	7324
LP6008280-DNA_D03_vs_LP6008264-DNA_H01__pv	3	282	99
LP6008280-DNA_D05_vs_LP6008264-DNA_E04__pv	5437	2894	2864
LP6008280-DNA_E01_vs_LP6008264-DNA_E01__pv	11071	5932	9131
LP6008280-DNA_E02_vs_LP6008264-DNA_E02__pv	22472	4941	10667
LP6008280-DNA_E03_vs_LP6008264-DNA_D03__pv	8753	1812	3264
LP6008280-DNA_E04_vs_LP6008264-DNA_D04__pv	11241	7824	9320
LP6008280-DNA_E05_vs_LP6008264-DNA_D05__pv	9625	1214	1402
LP6008280-DNA_F01_vs_LP6008264-DNA_F01__pv	18405	7945	15768
LP6008280-DNA_F02_vs_LP6008264-DNA_F02__pv	7819	9025	7696
LP6008280-DNA_F03_vs_LP6008264-DNA_E03__pv	47279	3000	6133
LP6008280-DNA_F05_vs_LP6008264-DNA_E05__pv	5002	2878	4314
LP6008280-DNA_F06_vs_LP6008264-DNA_E06__pv	5838	5679	4039
LP6008280-DNA_G01_vs_LP6008264-DNA_G01__pv	1073	422	308
LP6008280-DNA_G02_vs_LP6008264-DNA_G02__pv	670	3214	5146
LP6008280-DNA_G03_vs_LP6008264-DNA_F03__pv	1220	4173	4569
LP6008280-DNA_G04_vs_LP6008264-DNA_F04__pv	2183	2971	4799
LP6008280-DNA_G05_vs_LP6008264-DNA_F05__pv	5502	5314	5907
LP6008280-DNA_G06_vs_LP6008264-DNA_F06__pv	89	1326	1375
LP6008280-DNA_H01_vs_LP6008264-DNA_H01__pv	2750	5395	7044
LP6008280-DNA_H02_vs_LP6008264-DNA_H02__pv	25317	3956	13257
LP6008280-DNA_H04_vs_LP6008264-DNA_G04__pv	9023	7050	6027
LP6008280-DNA_H05_vs_LP6008264-DNA_G05__pv	4462	3317	3539
LP6008280-DNA_H06_vs_LP6008264-DNA_G06__pv	19873	2693	8608
LP6008334-DNA_A01_vs_LP6008335-DNA_A01__pv	126322	12431	84
LP6008334-DNA_A03_vs_LP6008335-DNA_E02__pv	8872	2591	19389
LP6008334-DNA_A04_vs_LP6008335-DNA_E03__pv	3582	7627	10862
LP6008334-DNA_B01_vs_LP6008335-DNA_B01__pv	7864	5012	7466
LP6008334-DNA_B02_vs_LP6008335-DNA_F01__pv	6360	2453	8175
LP6008334-DNA_B03_vs_LP6008335-DNA_F02__pv	68441	137218	8740
LP6008334-DNA_C01_vs_LP6008335-DNA_C01__pv	5372	5529	9078
LP6008334-DNA_C02_vs_LP6008335-DNA_G01__pv	6180	2756	18441
LP6008334-DNA_C03_vs_LP6008335-DNA_G02__pv	7685	8282	9578
LP6008334-DNA_D01_vs_LP6008335-DNA_D01__pv	5257	3552	7065
LP6008334-DNA_D02_vs_LP6008335-DNA_H01__pv	15870	4697	12527
LP6008334-DNA_D03_vs_LP6008335-DNA_H02__pv	19793	4121	25997
LP6008334-DNA_E01_vs_LP6008335-DNA_A01__pv	5485	826	3197
LP6008334-DNA_E02_vs_LP6008335-DNA_A02__pv	7029	4031	8577
LP6008334-DNA_E03_vs_LP6008335-DNA_A03__pv	7120	7825	13587
LP6008334-DNA_F01_vs_LP6008335-DNA_B01__pv	779	6603	8636
LP6008334-DNA_F02_vs_LP6008335-DNA_B02__pv	9094	3021	5645
LP6008334-DNA_F03_vs_LP6008335-DNA_B03__pv	874	5465	6211
LP6008334-DNA_G01_vs_LP6008335-DNA_C01__pv	2039	1805	2518
LP6008334-DNA_G02_vs_LP6008335-DNA_C02__pv	7152	3432	7646
LP6008334-DNA_G03_vs_LP6008335-DNA_C03__pv	0	3423	5276
LP6008334-DNA_H01_vs_LP6008335-DNA_D01__pv	3026	4092	6234
LP6008334-DNA_H02_vs_LP6008335-DNA_D02__pv	3475	6514	9848
LP6008334-DNA_H03_vs_LP6008335-DNA_D03__pv	14773	4850	11598
LP6008336-DNA_A01_vs_LP6008333-DNA_A01__pv	378	4412	7921
LP6008336-DNA_A02_vs_LP6008333-DNA_A02__pv	20	3193	3243
LP6008336-DNA_A03_vs_LP6008333-DNA_A03__pv	125	1369	3123
LP6008336-DNA_B01_vs_LP6008333-DNA_B01__pv	834	2788	4996
LP6008336-DNA_B02_vs_LP6008333-DNA_B02__pv	3907	3852	3553
LP6008336-DNA_B03_vs_LP6008333-DNA_B03__pv	75	1134	611
LP6008336-DNA_C01_vs_LP6008333-DNA_C01__pv	884	2940	12376
LP6008336-DNA_C02_vs_LP6008333-DNA_C02__pv	3858	1508	2665
LP6008336-DNA_C03_vs_LP6008333-DNA_C03__pv	1287	3832	7661
LP6008336-DNA_D01_vs_LP6008333-DNA_D01__pv	3761	59700	6860
LP6008336-DNA_D02_vs_LP6008333-DNA_D02__pv	5	140	26
LP6008336-DNA_D03_vs_LP6008333-DNA_D03__pv	20435	4164	13457
LP6008336-DNA_E01_vs_LP6008333-DNA_E01__pv	13154	3971	9053
LP6008336-DNA_E02_vs_LP6008333-DNA_E02__pv	38124	4342	5923
LP6008336-DNA_E03_vs_LP6008333-DNA_E03__pv	815	2213	2197
LP6008336-DNA_F02_vs_LP6008333-DNA_F02__pv	2198	2041	8201
LP6008336-DNA_F03_vs_LP6008333-DNA_F03__pv	1932	4621	21186
LP6008336-DNA_G01_vs_LP6008333-DNA_G01__pv	2561	3959	5450
LP6008336-DNA_G02_vs_LP6008333-DNA_G02__pv	7091	3000	6147
LP6008336-DNA_G03_vs_LP6008333-DNA_G03__pv	5314	3809	14197
LP6008336-DNA_H01_vs_LP6008333-DNA_H01__pv	5378	5001	13094
LP6008336-DNA_H02_vs_LP6008333-DNA_H02__pv	1	125	5
LP6008336-DNA_H03_vs_LP6008333-DNA_H03__pv	919	1675	12326
LP6008337-DNA_A01_vs_LP6008338-DNA_A01__pv	2313	1479	2354
LP6008337-DNA_A02_vs_LP6008338-DNA_A02__pv	2450	2327	4389
LP6008337-DNA_A03_vs_LP6008338-DNA_A03__pv	7160	2883	7883
LP6008337-DNA_A04_vs_LP6008338-DNA_A04__pv	2433	1480	1926
LP6008337-DNA_A06_vs_LP6008338-DNA_G05__pv	7181	4669	10323
LP6008337-DNA_A07_vs_LP6008338-DNA_E06__pv	0	0	12855
LP6008337-DNA_B02_vs_LP6008338-DNA_B02__pv	660	1998	2154
LP6008337-DNA_B03_vs_LP6008338-DNA_B03__pv	2819	2383	3200
LP6008337-DNA_B04_vs_LP6008338-DNA_B04__pv	17445	776244	319111
LP6008337-DNA_B05_vs_LP6008338-DNA_A05__pv	5281	2138	2956
LP6008337-DNA_B07_vs_LP6008338-DNA_F06__pv	3975	5645	11619
LP6008337-DNA_C01_vs_LP6008338-DNA_C01__pv	8589	5203	6927
LP6008337-DNA_C02_vs_LP6008338-DNA_C02__pv	177	3073	4344
LP6008337-DNA_C03_vs_LP6008338-DNA_C03__pv	7429	5443	6374
LP6008337-DNA_C04_vs_LP6008338-DNA_C04__pv	9057	1646	3009
LP6008337-DNA_C05_vs_LP6008338-DNA_B05__pv	5816	2650	5775
LP6008337-DNA_D01_vs_LP6008338-DNA_D01__pv	706	2777	2296
LP6008337-DNA_D02_vs_LP6008338-DNA_D02__pv	734	1201	1125
LP6008337-DNA_D03_vs_LP6008338-DNA_D03__pv	2076	4735	5197
LP6008337-DNA_D04_vs_LP6008338-DNA_D04__pv	1142	1087	1821
LP6008337-DNA_D05_vs_LP6008338-DNA_C05__pv	221	2344	2394
LP6008337-DNA_D06_vs_LP6008338-DNA_A06__pv	46010	6381	19437
LP6008337-DNA_E01_vs_LP6008338-DNA_E01__pv	8985	2688	3426
LP6008337-DNA_E03_vs_LP6008338-DNA_E03__pv	5474	3205	4290
LP6008337-DNA_E04_vs_LP6008338-DNA_E04__pv	9271	3287	7851
LP6008337-DNA_E05_vs_LP6008338-DNA_D05__pv	4941	2656	2379
LP6008337-DNA_F01_vs_LP6008338-DNA_F01__pv	387	924	1265
LP6008337-DNA_F02_vs_LP6008338-DNA_F02__pv	5448	4614	7075
LP6008337-DNA_F03_vs_LP6008338-DNA_F03__pv	5198	2438	4522
LP6008337-DNA_F04_vs_LP6008338-DNA_F04__pv	14457	7988	6721
LP6008337-DNA_F05_vs_LP6008338-DNA_E05__pv	7847	7781	14729
LP6008337-DNA_F06_vs_LP6008338-DNA_C06__pv	25677	3319	5005
LP6008337-DNA_G01_vs_LP6008338-DNA_G01__pv	4435	5598	7364
LP6008337-DNA_G02_vs_LP6008338-DNA_G02__pv	7064	2673	4212
LP6008337-DNA_G03_vs_LP6008338-DNA_G03__pv	11060	4109	7434
LP6008337-DNA_G04_vs_LP6008338-DNA_G04__pv	4704	4441	3004
LP6008337-DNA_G05_vs_LP6008338-DNA_F05__pv	3925	2309	4093
LP6008337-DNA_G06_vs_LP6008338-DNA_C06__pv	24049	6252	6471
LP6008337-DNA_H01_vs_LP6008338-DNA_H01__pv	941	2370	1946
LP6008337-DNA_H02_vs_LP6008338-DNA_H02__pv	84056	4607	9358
LP6008337-DNA_H03_vs_LP6008338-DNA_H03__pv	3044	3377	3214
LP6008337-DNA_H04_vs_LP6008338-DNA_H04__pv	9202	2231	3432
LP6008337-DNA_H06_vs_LP6008338-DNA_D06__pv	29971	3528	10503
LP6008341-DNA_A01_vs_LP6008340-DNA_A01__pv	6714	4481	5244
LP6008341-DNA_A03_vs_LP6008340-DNA_F02__pv	26161	770479	322144
LP6008341-DNA_B01_vs_LP6008340-DNA_B01__pv	23617	1963	8734
LP6008341-DNA_B03_vs_LP6008340-DNA_G02__pv	1486	2536	2189
LP6008341-DNA_C01_vs_LP6008340-DNA_C01__pv	9921	3546	5295
LP6008341-DNA_D01_vs_LP6008340-DNA_D01__pv	24251	7351	13153
LP6008341-DNA_D02_vs_LP6008340-DNA_A02__pv	9	150	69
LP6008341-DNA_E01_vs_LP6008340-DNA_E01__pv	7779	1146	3704
LP6008341-DNA_E02_vs_LP6008340-DNA_B02__pv	15122	2657	5740
LP6008341-DNA_F01_vs_LP6008340-DNA_F01__pv	5081	2621	4385
LP6008341-DNA_F02_vs_LP6008340-DNA_C02__pv	4652	4001	7065
LP6008341-DNA_G01_vs_LP6008340-DNA_G01__pv	6731	5821	6716
LP6008341-DNA_G02_vs_LP6008340-DNA_D02__pv	1536	2551	2690
LP6008341-DNA_H01_vs_LP6008340-DNA_H01__pv	21614	6745	16003
LP6008341-DNA_H02_vs_LP6008340-DNA_E02__pv	7393	2160	2980
LP6008460-DNA_A01_vs_LP6008340-DNA_A02__pv	5278	6398	5405
LP6008460-DNA_A02_vs_LP6008340-DNA_C04__pv	11430	5286	6919
LP6008460-DNA_A03_vs_LP6008340-DNA_G04__pv	6977	2967	10454
LP6008460-DNA_A04_vs_LP6008340-DNA_D05__pv	3218	7260	8061
LP6008460-DNA_B01_vs_LP6008340-DNA_A03__pv	1352	6894	5723
LP6008460-DNA_B02_vs_LP6008340-DNA_D02__pv	8191	8262	13460
LP6008460-DNA_B03_vs_LP6008340-DNA_H03__pv	1332	3871	6534
LP6008460-DNA_B04_vs_LP6008340-DNA_F02__pv	24652	669487	291258
LP6008460-DNA_C01_vs_LP6008340-DNA_B03__pv	3696	3492	19184
LP6008460-DNA_C02_vs_LP6008340-DNA_D03__pv	326	2225	4930
LP6008460-DNA_C03_vs_LP6008340-DNA_H05__pv	5250	3840	4071
LP6008460-DNA_C04_vs_LP6008340-DNA_F03__pv	4700	105160	1204
LP6008460-DNA_D01_vs_LP6008340-DNA_E02__pv	21753	882	8781
LP6008460-DNA_D02_vs_LP6008340-DNA_E03__pv	950	1994	7979
LP6008460-DNA_D03_vs_LP6008340-DNA_A05__pv	3336	4248	5680
LP6008460-DNA_E01_vs_LP6008340-DNA_F04__pv	2372	2966	5881
LP6008460-DNA_E02_vs_LP6008340-DNA_E04__pv	767	3940	14355
LP6008460-DNA_E03_vs_LP6008340-DNA_B06__pv	3326	7121	17035
LP6008460-DNA_E04_vs_LP6008340-DNA_H02__pv	5387	5035	9449
LP6008460-DNA_F01_vs_LP6008340-DNA_B02__pv	16416	5101	7616
LP6008460-DNA_F02_vs_LP6008340-DNA_E05__pv	7811	7465	20150
LP6008460-DNA_F03_vs_LP6008340-DNA_C03__pv	55731	4422	5171
LP6008460-DNA_F04_vs_LP6008340-DNA_H04__pv	6238	6841	13670
LP6008460-DNA_G01_vs_LP6008340-DNA_B04__pv	12225	88651	0
LP6008460-DNA_G02_vs_LP6008340-DNA_G02__pv	5558	4852	8935
LP6008460-DNA_G03_vs_LP6008340-DNA_C05__pv	18536	5073	8980
LP6008460-DNA_H01_vs_LP6008340-DNA_C02__pv	5405	4026	7002
LP6008460-DNA_H02_vs_LP6008340-DNA_G03__pv	7337	2765	3293
LP6008460-DNA_H03_vs_LP6008340-DNA_D04__pv	15425	3901	7269
PD44724a_vs_PD44724b__pv	14955	6563	10549
PD44725a_vs_PD44725b__pv	5829	4758	4875
PD44726a_vs_PD44726b__pv	2831	1946	3530
PD44727a_vs_PD44727b__pv	14819	5777	7341
PD44728a_vs_PD44728b__pv	2362	5090	10402
PD44729a_vs_PD44729b__pv	594	5672	6946
PD44730a_vs_PD44730b__pv	7878	4509	7445
PD44731a_vs_PD44731b__pv	1193	5524	4715
PD44732a_vs_PD44732b__pv	299	3336	4308
PD44733a_vs_PD44733b__pv	1371	89333	0
PD44734a_vs_PD44734b__pv	9939	5328	10754
PD44735a_vs_PD44735b__pv	5603	7539	9355
PD44736a_vs_PD44736b__pv	5504	6027	9206
PD44737a_vs_PD44737b__pv	4942	5868	10522
PD44738a_vs_PD44738b__pv	20519	7660	12951
PD44739a_vs_PD44739b__pv	8237	4554	7619
PD44740a_vs_PD44740b__pv	61412	7864	11406
PD44741a_vs_PD44741b__pv	1508	4567	7219
PD44742a_vs_PD44742b__pv	9591	4134	14800
PD44743a_vs_PD44743b__pv	3021	4644	7450
PD44744a_vs_PD44744b__pv	26178	3880	11875
PD44745a_vs_PD44745b__pv	27120	8000	16631
PD44746a_vs_PD44746b__pv	437	2490	3968
PD44747a_vs_PD44747b__pv	7038	3232	5428
PD44749a_vs_PD44749b__pv	5851	1462	4154
PD44751a_vs_PD44751b__pv	1758	1482	1317
PD44752a_vs_PD44752b__pv	2643	3801	9786
PD44753a_vs_PD44753b__pv	1292	4194	6203
PD44758a_vs_PD44758b__pv	9920	3355	3716
PD44759a_vs_PD44759b__pv	5017	4086	7699
PD44760a_vs_PD44760b__pv	5370	4016	5755
PD44761a_vs_PD44761b__pv	1303	7126	6988
PD44762a_vs_PD44762b__pv	316	3164	3574
PD44763a_vs_PD44763b__pv	5559	4987	8048
PD44764a_vs_PD44764b__pv	1859	2917	8168
PD44765a_vs_PD44765b__pv	44966	4459	10927
PD44766a_vs_PD44766b__pv	2075	89672	0
PD44767a_vs_PD44767b__pv	24130	4676	7807
PD44769a_vs_PD44769b__pv	304	3460	5419
PD44770a_vs_PD44770b__pv	6851	35607	361
PD44772a_vs_PD44772b__pv	5246	4763	16160
PD44773a_vs_PD44773b__pv	6643	11191	5682
PD44774a_vs_PD44774b__pv	330	4275	3493
PD44775a_vs_PD44775b__pv	0	106950	0
PD44776a_vs_PD44776b__pv	29483	2695	9586
PD44777a_vs_PD44777b__pv	1309	5409	7582
PD44778a_vs_PD44778b__pv	8785	6095	7853
PD44780a_vs_PD44780b__pv	114	2010	3757
PD44781a_vs_PD44781b__pv	25405	6890	9908
PD44782a_vs_PD44782b__pv	36786	2910	11552
PD44783a_vs_PD44783b__pv	6548	4581	9991
PD44784a_vs_PD44784b__pv	1378	6404	11993
PD44785a_vs_PD44785b__pv	20013	4821	6881
PD44786a_vs_PD44786b__pv	1379	2372	2569
PD44787a_vs_PD44787b__pv	2082	4325	8941
PD44788a_vs_PD44788b__pv	4803	3692	13815
PD44789a_vs_PD44789b__pv	9382	5734	12956
PD44790a_vs_PD44790b__pv	11988	2686	7165
PD44791a_vs_PD44791b__pv	6179	1907	1720
PD44792a_vs_PD44792b__pv	25137	1988	8567
PD44793a_vs_PD44793b__pv	722	4008	4734
PD44794a_vs_PD44794b__pv	701	2914	9975
PD44795a_vs_PD44795b__pv	28132	2263	4793
PD44796a_vs_PD44796b__pv	5328	7914	12174
PD44797a_vs_PD44797b__pv	7549	7886	15549
PD44798a_vs_PD44798b__pv	2090	3488	5143
PD44799a_vs_PD44799b__pv	2394	5036	6474
PD44800a_vs_PD44800b__pv	5607	4747	9417
PD44801a_vs_PD44801b__pv	7380	5193	6313
PD44802a_vs_PD44802b__pv	412	2165	2298
PD44803a_vs_PD44803b__pv	10422	7655	14149
PD44804a_vs_PD44804b__pv	2126	1962	2453
PD44805a_vs_PD44805b__pv	36087	2879	9732
PD44807a_vs_PD44807b__pv	573	2463	4417
PD44808a_vs_PD44808b__pv	1401	3240	10294
PD44809a_vs_PD44809b__pv	3280	4893	8275
PD44810a_vs_PD44810b__pv	12526	7204	11501
PD44811a_vs_PD44811b__pv	5183	3339	5916
PD44813a_vs_PD44813b__pv	7107	4363	5285
PD44814a_vs_PD44814b__pv	1757	5610	9456
PD44815a_vs_PD44815b__pv	4340	2532	7124
PD44816a_vs_PD44816b__pv	2474	6618	6863
PD44817a_vs_PD44817b__pv	134	2253	10196
PD44818a_vs_PD44818b__pv	13690	3297	5687
PD44819a_vs_PD44819b__pv	35411	6232	11804
PD44820a_vs_PD44820b__pv	2896	4031	5698
PD44821a_vs_PD44821b__pv	9336	4752	7955
PD44823a_vs_PD44823b__pv	1609	3051	4746
PD44824a_vs_PD44824b__pv	7308	6375	9938
PD44825a_vs_PD44825b__pv	11699	98443	10890
PD44826a_vs_PD44826b__pv	4284	5625	8557
PD44827a_vs_PD44827b__pv	2677	3469	5723
PD44828a_vs_PD44828b__pv	18087	5821	7405
PD44829a_vs_PD44829b__pv	5777	11235	19429
PD44830a_vs_PD44830b__pv	5433	5157	11370
PD44831a_vs_PD44831b__pv	38879	8046	7593
PD44832a_vs_PD44832b__pv	4645	66886	6172
PD44833a_vs_PD44833b__pv	29400	4241	7893
PD44834a_vs_PD44834b__pv	4415	4348	7075
PD44835a_vs_PD44835b__pv	3612	1927	10258
PD44836a_vs_PD44836b__pv	5855	10780	11481
PD44837a_vs_PD44837b__pv	1357	1493	2423
PD44838a_vs_PD44838b__pv	1401	7102	14818
PD44839a_vs_PD44839b__pv	2050	3985	7871
PD44840a_vs_PD44840b__pv	8118	4358	5660
PD44841a_vs_PD44841b__pv	15066	77333	3719
PD44842a_vs_PD44842b__pv	924	3127	4786
PD44843a_vs_PD44843b__pv	16239	6560	12035
PD44844a_vs_PD44844b__pv	480	3200	5711
PD44845a_vs_PD44845b__pv	3981	4656	8548
PD44846a_vs_PD44846b__pv	9392	4252	5556
PD44847a_vs_PD44847b__pv	4863	5200	5110
PD44848a_vs_PD44848b__pv	25662	7331	18094
PD44849a_vs_PD44849b__pv	1062	5738	12648
PD44850a_vs_PD44850b__pv	12439	7108	6864
PD44851a_vs_PD44851b__pv	4353	4407	7683
PD44852a_vs_PD44852b__pv	6768	7047	9109
PD44853a_vs_PD44853b__pv	3999	4053	6428
PD44854a_vs_PD44854b__pv	4854	4644	8187
PD44855a_vs_PD44855b__pv	6557	4254	7823
PD44856a_vs_PD44856b__pv	21402	6440	6675
PD44857a_vs_PD44857b__pv	28225	4068	5242
PD44859a_vs_PD44859b__pv	14812	37278	4545
PD44861a_vs_PD44861b__pv	6866	5346	10414
PD44862a_vs_PD44862b__pv	3415	1082	12633
PD44863a_vs_PD44863b__pv	9353	2896	9662
PD44864a_vs_PD44864b__pv	14017	3374	7476
PD44904a_vs_PD44904b__pv	22924	9428	13620
PD44905a_vs_PD44905b__pv	2463	4713	10894
PD44906a_vs_PD44906b__pv	4817	3500	5868
PD44908a_vs_PD44908b__pv	13926	4693	5643
PD44909a_vs_PD44909b__pv	399	4119	3851
PD44910a_vs_PD44910b__pv	7925	5640	8931
PD44912a_vs_PD44912b__pv	38009	5145	12814
PD44913a_vs_PD44913b__pv	2760	4357	7237
PD44914a_vs_PD44914b__pv	4206	5222	11307
PD44915a_vs_PD44915b__pv	6181	2107	6817
PD44916a_vs_PD44916b__pv	1530	3460	5869
PD44917a_vs_PD44917b__pv	108	1051	2351
PD44918a_vs_PD44918b__pv	7011	3255	6048
PD44919a_vs_PD44919b__pv	7661	4722	4889
PD44920a_vs_PD44920b__pv	14478	3819	4785
PD44921a_vs_PD44921b__pv	2630	1758	1989
PD44922a_vs_PD44922b__pv	52104	5215	15581
PD44923a_vs_PD44923b__pv	4955	9569	19589
PD44924a_vs_PD44924b__pv	1278	6352	5775
PD44925a_vs_PD44925b__pv	6204	4096	15011
PD44926a_vs_PD44926b__pv	1532	5209	5564
PD44927a_vs_PD44927b__pv	12573	4834	5886
PD44928a_vs_PD44928b__pv	5265	6386	8253
PD44929a_vs_PD44929b__pv	10640	5590	6205
PD44930a_vs_PD44930b__pv	16280	2849	16147
PD44931a_vs_PD44931b__pv	24781	73334	0
PD44932a_vs_PD44932b__pv	11553	4269	5771
PD44933a_vs_PD44933b__pv	40	909	8269
PD44934a_vs_PD44934b__pv	53746	7498	8669
PD44935a_vs_PD44935b__pv	2839	4052	9261
PD44936a_vs_PD44936b__pv	2066	2996	2653
PD44937a_vs_PD44937b__pv	8786	5477	12799
PD44938a_vs_PD44938b__pv	9494	5263	7772
PD44939a_vs_PD44939b__pv	2508	5320	8447
PD44941a_vs_PD44941b__pv	1913	4499	8075
PD44942a_vs_PD44942b__pv	7241	5102	5476
PD44943a_vs_PD44943b__pv	674	3287	4411
PD44944a_vs_PD44944b__pv	6269	5172	7091
PD44945a_vs_PD44945b__pv	32365	2512	9520
PD44946a_vs_PD44946b__pv	5454	4387	6517
PD44947a_vs_PD44947b__pv	838	1128	2178
PD44948a_vs_PD44948b__pv	14752	2106	11208
PD44949a_vs_PD44949b__pv	4449	3315	7371
PD44950a_vs_PD44950b__pv	1098	1325	3032
PD46225a_vs_PD46225b__pv	5245	4647	11669
PD46226a_vs_PD46226b__pv	2007	8022	9524
PD46227a_vs_PD46227b__pv	29966	4731	15213
PD46228a_vs_PD46228b__pv	12759	3346	7733
PD46229a_vs_PD46229b__pv	23089	4567	9805
PD46230a_vs_PD46230b__pv	3969	1583	16010
PD46231a_vs_PD46231b__pv	240	1605	4450
PD46232a_vs_PD46232b__pv	4246	3389	6471
PD46233a_vs_PD46233b__pv	11379	6932	13379
PD46234a_vs_PD46234b__pv	276	2967	5022
PD46235a_vs_PD46235b__pv	6218	7469	7960
PD46236a_vs_PD46236b__pv	3084	5944	8450
PD46237a_vs_PD46237b__pv	18709	9099	11686
PD46238a_vs_PD46238b__pv	3156	2984	10028
PD46239a_vs_PD46239b__pv	5011	4207	4854
PD46240a_vs_PD46240b__pv	1434	3873	4025
PD46241a_vs_PD46241b__pv	23702	9612	11945
PD46242a_vs_PD46242b__pv	84431	0	12254
PD46243a_vs_PD46243b__pv	1885	6099	9822
PD46244a_vs_PD46244b__pv	103	4789	4874
PD46245a_vs_PD46245b__pv	448	2782	13403
PD46246a_vs_PD46246b__pv	9525	8213	13619
PD46247a_vs_PD46247b__pv	6090	9661	8081
PD46248a_vs_PD46248b__pv	30553	6392	5617
PD46249a_vs_PD46249b__pv	20784	7844	9115
PD46250a_vs_PD46250b__pv	313	986	9534
PD46251a_vs_PD46251b__pv	681	42115	691
PD46252a_vs_PD46252b__pv	2944	0	31158
PD46253a_vs_PD46253b__pv	13545	6878	10078
PD46254a_vs_PD46254b__pv	10365	4597	6854
PD46255a_vs_PD46255b__pv	1392	5177	6809
PD46256a_vs_PD46256b__pv	5304	5192	4103
PD46257a_vs_PD46257b__pv	40	5310	4717
PD46258a_vs_PD46258b__pv	7654	3627	8628
PD46259a_vs_PD46259b__pv	5343	3442	8937
PD46260a_vs_PD46260b__pv	553	1621	9018
PD46261a_vs_PD46261b__pv	880	2905	3728
PD46262a_vs_PD46262b__pv	1411	1732	3363
PD46263a_vs_PD46263b__pv	7379	2264	6233
PD46264a_vs_PD46264b__pv	6351	2139	7926
PD46265a_vs_PD46265b__pv	12098	5027	7391
PD46267a_vs_PD46267b__pv	41	229	332
PD46268a_vs_PD46268b__pv	1966	4090	6207
SLX-16751	3291	2141	2379
SLX-16752	17835	2429	3068
SLX-18929	311503	174471	317806
SLX-18949	33381	5947	7096
SLX-18950	811	1452	1361
SM-4AX82_vs_SM-4AWN8__pv	4048	5122	8930
SM-4AX83_vs_SM-4AWN9__pv	2228	1440	3629
SM-4AX84_vs_SM-4AWNA__pv	16203	4284	7563
SM-4AX85_vs_SM-4AWNB__pv	758	6058	8564
SM-4AX86_vs_SM-4AWNC__pv	9100	2758	8290
SM-4AX87_vs_SM-4AWND__pv	236	1393	3341
SM-4B295_vs_SM-4AWNE__pv	14611	4820	10529
SM-4B296_vs_SM-4AWNF__pv	18200	3992	25336
SM-4JPP6_vs_SM-4JPUS__pv	3006	4252	13136
SM-4JPP7_vs_SM-4JPUT__pv	2432	3391	5069
SM-4JPP9_vs_SM-4JPUT__pv	2595	3232	4812
SM-4JPPA_vs_LP6005333-DNA_B01__pv	4351	9515	15856
SM-4JPPB_vs_LP6005333-DNA_B01__pv	3897	9315	15660
SM-4JPPC_vs_LP6005333-DNA_B01__pv	4432	9556	15804
SM-4JPUV_vs_SM-4JPUS__pv	391	1928	2794
SM-4JPUW_vs_SM-4JPUS__pv	8	71	71
SM-4JPUX_vs_SM-4JPUT__pv	1301	2980	4410
SM-4JPUY_vs_LP6005333-DNA_B01__pv	6543	9797	16291
SM-4JPUZ_vs_LP6005333-DNA_B01__pv	6430	9105	15973
SM-4JPV1_vs_SM-4JPUS__pv	2673	3742	11177
SM-4JPV2_vs_SM-4JPUS__pv	3869	4141	12966
SS6003109_vs_SS6003108__pv	9739	1927	11748
SS6003111_vs_SS6003110__pv	6282	6606	11480
SS6003113_vs_SS6003112__pv	11139	1862	4464
SS6003115_vs_SS6003114__pv	20001	3744	7520
SS6003117_vs_SS6003116__pv	0	226	10610
SS6003119_vs_SS6003118__pv	483	2586	3512
SS6003121_vs_SS6003120__pv	37891	2640	8317
SS6003125_vs_SS6003124__pv	10957	2523	6000
SS6003129_vs_SS6003128__pv	14313	7112	11800
SS6003131_vs_SS6003130__pv	514	2875	4099
SS6003133_vs_SS6003132__pv	369	0	14826
SS6003135_vs_SS6003134__pv	26824	3265	5675
SS6003137_vs_SS6003136__pv	2927	4481	6997
SS6003149_vs_SS6003148__pv	50179	6591	14009
SS6003302_vs_SS6003301__pv	6896	3757	7847
SS6003303_vs_SS6003301__pv	4743	2380	5659
SS6003305_vs_SS6003304__pv	630	3198	9260
SS6003306_vs_SS6003304__pv	671	2706	5350
SS6003308_vs_SS6003307__pv	1340	2710	4718
SS6003309_vs_SS6003307__pv	1461	3216	6634
SS6003311_vs_SS6003310__pv	153	2911	18170
SS6003312_vs_SS6003310__pv	0	2446	16887
SS6003314_vs_SS6003313__pv	11401	2634	6214
SS6003315_vs_SS6003313__pv	11483	2652	6185
SS6003317_vs_SS6003316__pv	26737	4501	6717
SS6003318_vs_SS6003316__pv	26824	4608	6952
SS6003320_vs_SS6003319__pv	13021	5890	7360
SS6003321_vs_SS6003319__pv	12618	5477	6840
SS6003323_vs_SS6003322__pv	6765	6034	6804
SS6003324_vs_SS6003322__pv	4978	5098	6167
