MutationType	SBS96A	SBS96B	SBS96C	SBS96D	SBS96E	SBS96F	SBS96G	SBS96H	SBS96I	SBS96J	SBS96K	SBS96L
A[C>A]A	0.0036700456282123925	0.00011482642305618279	0.003813768569760522	0.011417715534567833	0.027734609123319386	0.015930455581285058	0.0013997257384161129	0.0011626868455408635	0.06525813122093678	0.015701818644069134	0.019816142926923932	0.0028999882250732465
A[C>A]C	0.0010081287644428765	0.0010212044943821077	0.006566584266256541	0.007153311014175415	0.007972277374472468	0.008854638788849116	0.00017228062838574974	5.958742537919166e-05	0.015177914198487998	0.013201014866121113	0.05857962080091238	0.0027365915302227047
A[C>A]G	0.0003432854118873365	3.561604279542408e-05	0.004379499040078371	0.0004917816906527151	0.003050820341450162	0.002115583455073647	0.00013626332323692393	0.0	0.003179575412068516	0.0008457541446841788	0.002386301391525194	0.0004453015647206171
A[C>A]T	0.0019484408363350668	0.00038442959006011664	0.0011710366315163408	0.0026384384580887855	0.017212927786633372	0.00822676517860964	0.001660481170542492	0.003577917702961713	0.02546254187449813	0.01219858402106911	0.03587111739814281	0.002403577280098091
A[C>G]A	0.0008761452285689302	0.00041626661280549037	0.008291863571386785	0.0018316065690014512	0.023459994193166495	0.005227693810826168	0.0006153059797517835	0.0016263835872523487	0.0025280740794260056	0.004790743334771833	0.005150070724330615	0.0033783163236221297
A[C>G]C	1.4135815745537083e-05	0.0007979999485542066	0.0038466204593423756	0.0012580175925977527	0.014196030821651221	0.003271397919161245	0.0005905159513167959	0.0005214513450337108	0.0021533375261351467	0.0030924271036413486	0.00416273355586111	0.001044009391909873
A[C>G]G	0.00011121927314938516	4.497370132624943e-05	0.0040375104784034195	7.510724004313841e-05	0.004817114190198481	0.0008918393541243859	0.0005384798134109587	0.0	0.00028396024381546634	2.426235743858328e-05	0.0012767612758762031	0.0009767880979488837
A[C>G]T	2.1883481599936417e-05	0.003175740740727633	0.00649438700848259	0.0019564027504529805	0.027858985878527164	0.002382462483562837	5.5827114831501376e-05	0.0012127584071131422	0.0006789349999448182	0.009679512108676135	0.005600974284112453	0.0033857294524786996
A[C>T]A	0.0013884571713812255	5.612399791045981e-05	0.038530988447368145	0.017273511270061135	0.020965313183609398	0.05106983993202448	0.005973540149629116	0.047086321592330935	0.002717047559975981	0.000954176729401064	0.007298652282096321	0.0002435479398575135
A[C>T]C	0.00047292385265713455	0.0008186578209570144	0.018641496758908034	0.0069888216750696305	0.010083616784773767	0.03255242206528783	0.001869647229439579	0.013920164681971074	0.002867628100560978	0.001055538262053012	0.0036427858226875955	0.0004250526388673006
A[C>T]G	0.0003332742878067563	0.004219668896068039	0.04825164116173983	0.2339591780602932	0.005660791347997572	0.004827630088370642	0.00416509423404932	0.019742992700077594	0.012948301802935902	0.021319866922684012	0.013664750733878463	0.008673086853677318
A[C>T]T	0.002218265612144023	0.0006369057701274357	0.029344069028273224	0.006275213346350938	0.01865925167594105	0.04685746037960053	0.0008918485385141189	0.012342340862378478	0.004974259283626452	0.0009394014138857221	0.010523191766858857	0.0008628374580823792
A[T>A]A	0.0013292293177946703	7.222171752749267e-05	0.006397610328160226	0.004450866328086704	0.01022199032176286	0.006429151254938916	0.0015409500424211251	0.002843335425015539	0.003144306652713567	0.02338999891653657	0.008046611600555479	0.0014377721312612266
A[T>A]C	0.0008167391126189614	0.0014720720684854314	0.006477054581046105	0.005257228651084006	0.0005528256846348294	0.0039047810041811315	0.0018051981427706777	0.00454034856101498	0.0029547829902730883	0.011671191042289138	0.02788025951012969	0.0013831620073331274
A[T>A]G	0.0012009214733698173	9.742170185076898e-07	0.0071190998014062645	0.002316646286984906	0.009000892045907677	0.007128404586110264	0.001112707412707205	1.602629897168719e-06	0.002674205955583602	0.0102458501663059	0.010260494795627892	0.001728531155444216
A[T>A]T	0.00843240327993408	0.0005271035578710322	0.0010434694465542697	0.017092713177204132	0.011209653480211274	0.018565730994567275	0.008510697646299376	0.02796652104705572	0.012525335116311908	0.036848543912172314	0.010225984574761243	0.0023359354177198382
A[T>C]A	0.002169364276516717	0.0016376455862773583	0.06647354330122471	0.004177505528670735	0.007753905947670104	0.005255716545003452	0.006490249648224563	0.02574000756070018	0.004927673526573926	0.043210415836423634	0.006840875666413922	0.0028941549649459755
A[T>C]C	0.002794930665229913	0.0005225629489000425	0.02127968667820096	0.002244156844331883	0.006863929315470159	0.0020367880364065057	0.01063226281479001	0.009793172108009458	0.0023029164236504584	0.00936387235764414	0.007689429884776473	0.001391085004172055
A[T>C]G	0.0008509508587382573	0.000498572471237163	0.06881719403713941	1.2990652186694914e-05	0.0007183366880299005	0.0007053918804627675	0.009392243857495488	0.03207523475587368	0.00033466315732014483	0.016312520206905903	0.001956434016636053	0.0018950825673008935
A[T>C]T	0.00659467343101278	0.0013376949052126292	0.0524297915995121	0.005627734137233347	0.01503918101079762	0.007971332907676697	0.011734344966709614	0.005278719358146191	0.0054223749097436665	0.02729243739321828	0.009357561443932355	0.002904248582781304
A[T>G]A	0.000438930430665103	0.003034408227074891	0.006148697187658399	0.000212592515507093	0.011252971507608891	0.0005230047835127955	0.0017296794659341684	2.469817254677764e-06	0.00027949013874178506	0.017333327764645218	0.001456532238380129	0.0005856900081378267
A[T>G]C	0.0010322745448057276	0.0031524032838642596	0.004126929989084601	0.00012716827511092426	0.0024904392309836113	0.0010600159721798263	0.010657378119416534	0.0008027983928332105	0.00015491878699497766	0.0034971405614633113	0.001528418158297427	0.00018508209141580533
A[T>G]G	0.0007723442971446624	0.0007565610604003129	0.007099856970831752	1.3063733500451968e-05	0.009313554889522492	0.0019200902652228252	0.005476433953270316	0.0005009036377305165	0.0009143822324986104	0.004252909608185291	0.005251670924946666	0.0005718853959403512
A[T>G]T	0.03932599236816168	0.0420596278347075	0.004944350362522528	0.001504765231008143	0.006951839851827194	0.0073551993276923895	0.0925348804295063	9.914802361234265e-05	0.0019686005235125775	0.0032277397936026804	0.0037966483462878392	0.0002931214361883891
C[C>A]A	0.0014024752308614552	0.001224623970221728	0.0019356273617668193	0.001381246430881186	0.014696781849488616	0.006658948401454836	0.0006980285666787875	0.01474020006507635	0.05376698856800795	0.009801721752621234	0.030179303620010613	0.005488108849618584
C[C>A]C	0.0010387711624498478	9.921496738755133e-05	0.0008828494861587916	0.003506344052031636	0.014520554430782795	0.006622683490626514	0.0004806431968638645	0.024866871498525144	0.011728383155539632	0.002904790834283437	0.02269998154975474	0.0027805748146929547
C[C>A]G	3.3160319213740484e-05	0.00019870644353977695	0.0035368668339215217	0.0027981073162518444	0.0018490163580281735	0.0008142869632825273	0.00037484231906933016	0.003768440215382725	0.005415538896806538	1.1440540011598715e-05	0.0023148022292880342	0.0008176793688326143
C[C>A]T	0.00016558059005756793	0.0003292385037697019	0.0010393540865440193	0.000236183010258667	0.006907779077143127	0.004244025859546878	0.00271801812160993	0.07397993391752243	0.03609362570941448	0.013918755630962551	0.03356568475812673	0.003996179283833273
C[C>G]A	0.0006083990956176835	0.00011347418590090679	0.0022187399901542376	0.00012256378091073957	0.017247477777302265	0.00371964099915931	0.0009701984283231966	2.8465924362535587e-05	0.0012616349735617405	0.002179721741589333	0.004816613776318263	0.003962410930544138
C[C>G]C	0.0005957977689977312	5.19235290994402e-07	0.003677603611606173	0.00017549253824197103	0.014336732907220722	0.0033556913852626166	0.0006922623134839289	0.000286200625661877	0.0010941540449857711	0.0008685485452061903	0.004566230801516213	0.000884370736455218
C[C>G]G	0.00011880423267575679	1.3319650388831167e-06	0.002158179362406372	0.0006089079920202494	0.0037946371148573233	0.0011629094662494025	0.00029723439619715663	0.0	0.00029324593773547394	9.723969741894727e-06	0.0013223404320342525	0.0008036525716015603
C[C>G]T	0.0002401842111908899	0.0007919565893456143	0.0033129361510509624	0.00015717033171655826	0.02483476197719574	0.004103242431971012	0.0014214496188506018	2.28338887609425e-07	0.0014240342269471852	0.00423818841468669	0.007177868977421895	0.005393024201504886
C[C>T]A	0.0010393354016858672	0.001847365265886765	0.011533976602833718	0.006710345064289868	0.017684436678886414	0.062181675001978874	0.0019714582287706436	0.007337728086858988	0.006357664279406891	0.0030917163769494478	0.012070181786548347	0.008171766721643508
C[C>T]C	0.0005681453100264246	0.002259643391473219	0.008665243841446166	0.0028733733292830967	0.00853175503259067	0.05682662285119295	1.234093925877744e-05	0.012866982242092491	0.0030679624059188637	4.80769576696962e-32	0.025356146261096002	0.0007946605148689707
C[C>T]G	0.0015754096971359105	0.0027178533523668003	0.030476780565455556	0.154211307734251	0.013310154903796502	0.009582488346030005	0.0032288376227129286	0.0211284864526242	0.009200503024400088	0.0024237488066667307	0.00373290167876046	0.004059547942755465
C[C>T]T	0.0014570107891922817	0.0018915492815431208	0.01984401076287031	0.008493354167789222	0.010905910620401528	0.05385159457474947	0.0006933469073869852	0.008432366114109755	0.005028909321175888	0.006705882383044809	0.029753731042146684	0.007182953071780503
C[T>A]A	0.0008237329728049916	0.0007096894663899581	0.0017806664411318743	3.238738856108651e-06	0.002051299882871092	0.0009211731812116823	0.0013697669396642595	0.0002735263402376115	8.64426385357609e-05	0.011729619203135372	0.030118325158953668	0.0018524707620381378
C[T>A]C	0.01215455223992467	0.007904028840363026	0.0007838586239148305	0.0005076969552442929	0.005132570537331049	0.0027202759251517376	0.01108743965998292	0.0030492133675143122	0.0015904340225970373	0.005544499963172711	0.03242361199855805	0.002402478405740112
C[T>A]G	0.003814428951125592	0.0022194339975249023	0.0034361493783071637	7.35507535516849e-05	0.004315212825778872	0.0021105019061360506	0.006717353568412364	0.0003790985750008853	0.0010546687896130606	0.008001818024553358	0.03183045381680131	0.0033337730271741747
C[T>A]T	0.05366021636873484	0.027407864343374968	0.00034001777563479865	0.00010361025682940569	0.011704713370651007	0.005739780451636762	0.004993330121344576	0.000609087128233207	0.0009707887834723669	0.01504025692306459	0.04604524946212769	0.0033831097398651765
C[T>C]A	0.005828475180314854	0.0017161231709893268	0.021822835287079213	1.2309148563271417e-07	0.005145218046921692	0.0005209888116249608	0.016978394804522394	0.017862890996038914	0.00057962165894587	0.022679225336760284	0.008016947034746409	0.002062466240982758
C[T>C]C	0.04798143530637026	0.018390187503769993	0.012486006654798985	0.0026666071688523515	0.010904764828272163	0.0020559788432152957	0.056428797349333766	0.009494651265442371	0.0018099079336971044	0.00029980556193175763	0.016463595094159244	0.002680086197797209
C[T>C]G	0.02668343907035887	0.008472299443557858	0.0387534682713449	0.00010031374257069387	0.00021128075062698762	0.00013369548973862433	0.049808540921658276	0.034742086168378594	0.00011594141322284392	0.005077816946620164	0.008798559549730271	0.0011013954344005576
C[T>C]T	0.22513517567515373	0.08169202369380778	0.02305682859942317	0.0008741450250852967	0.0052624261291289755	0.00656022157516456	0.03014904881256394	0.01893076835386455	0.002129742098682197	0.009460140213002887	0.020413482106440926	0.000990023814860062
C[T>G]A	5.027463339003612e-05	0.002387349931173958	0.0017932845293544234	0.0001262477349170603	0.006746060389094055	0.0018177502834005282	0.00588407397409901	0.0005834402543841861	0.0010902956611244007	0.009083823653869331	0.0025489151710644366	0.00041034801928047484
C[T>G]C	0.004466531702567172	0.026128620982170104	0.0036407192423939705	9.090587475675813e-43	0.003969306645591814	0.0002972316151762385	0.024299084050580858	0.005474915862083435	0.0009094525197142502	0.0016078362699936245	0.006739692405797541	0.001321862893004436
C[T>G]G	0.0025997527851723133	0.009772547523491085	0.003849188999272883	2.960927449786521e-07	0.011075312905013561	0.0029107628846541046	0.016799181254580617	0.006327158242464066	0.0014301262041553854	0.006567053330596536	0.00588221983704716	0.0014055860304288217
C[T>G]T	0.2729582587182522	0.46979042077064515	8.527425187056147e-05	0.0015264449842405238	0.011001455335650981	0.010921571145304475	0.0987451177013077	3.7815386354520795e-06	0.0020540122694239463	0.009857566202492467	0.008885779416291512	0.0019472269063023071
G[C>A]A	0.0014765910637413527	0.002220661383238621	0.005075059811177198	0.006231711431639269	0.004279791771424602	0.004864294698501693	0.0005974640419509123	0.0023168333302674	0.13473194223642349	0.004705048592174616	0.013644388206981979	0.004116940444137635
G[C>A]C	0.0006118293243093449	0.0010068622168910224	0.004250694302376359	0.002911986063933	0.0022074090408715228	0.002789040876718124	6.216907105226705e-05	0.004023118844721466	0.021091181747615338	0.005788995282392019	0.03709175051003694	0.0017183481138689245
G[C>A]G	0.00017088402312947438	0.00021950972612103215	0.0038114634545054287	0.0020035308527294547	0.0009022314658403371	0.002123075879411772	3.5215301753399884e-06	0.00036403770932520274	0.006730400054715574	0.0001058532167583288	0.0013387140669947257	0.00033410509206253106
G[C>A]T	0.000588943038633851	0.0011924849832042597	0.000719489870071277	0.0011195643593709134	0.007848374622873962	0.004447516488689871	0.0014935089768841863	0.013803405750542879	0.0744686036258936	0.006821752907475456	0.011160801017074846	0.0029327959638946505
G[C>G]A	0.00033614289599758206	4.386211294822644e-05	0.004296801008051261	0.0007946446883725002	0.009794534667395055	0.0018068141149706208	0.000911736801834195	0.0001697217992418277	0.001434129555011168	0.0016182025111539065	0.004478649961063639	0.0013667549452220555
G[C>G]C	1.030290160621894e-06	0.0013009651132160798	0.003872746123932302	0.0005389864148892286	0.0083520798208192	0.0004746499570741725	0.0001437237341411024	0.0016017764734569937	0.0004509649401370924	0.0035676936832023786	0.013134954491630197	0.001335522326437058
G[C>G]G	2.3959196437166293e-06	0.00015860810430604034	0.0032337354896590114	0.00023451082630757014	0.0014614755119546317	0.0005762550312501844	1.1909751274573695e-05	4.338870138765809e-05	0.00016167856763706466	8.536815685851987e-06	0.0006685603181758779	0.00040848278578778266
G[C>G]T	0.0001540733893462744	0.0009743581315269694	0.0037948636712972074	0.0008399255709674678	0.015321678441017866	0.0018271598175627066	0.0007785841022268869	0.0007661765724187717	0.00105777338281041	0.0026140612485798364	0.007201220187824219	0.0021684930814662947
G[C>T]A	0.00015912603551351668	0.000913423474994496	0.012756719384342433	0.0162957459166646	0.012633807136444375	0.02807848070934415	0.002283132343669422	0.047275105588138105	0.0015939196081080158	0.001098365278337103	0.017331100180745126	0.003323681232519448
G[C>T]C	0.00010683600123961051	0.0021402765125967563	0.01152115533966571	0.018350531904026867	0.011438265605131163	0.021985864765942095	0.00026480088883646036	0.05867778707295656	0.00014394880777814578	0.0023302650373943847	0.00443535480380351	0.0011946827710785225
G[C>T]G	0.000626678459595781	0.00482297677709721	0.009680602598514798	0.18502786335349083	0.01993999073188752	0.009562111082899493	0.0025022177912511264	0.06350169645994902	0.009970074986107944	0.01158142771187704	0.0015438333600495187	0.002901198773218301
G[C>T]T	0.0009746772287180647	0.0018566273401957006	0.017821470621973277	0.01577540187910199	0.011787108199670911	0.024427683837711812	0.0006473494711453489	0.03450735528767109	0.0031717399458866566	0.006679735231213272	0.0068070598861668255	0.002871220414759591
G[T>A]A	0.0006370120873834821	1.6491253995071705e-05	0.0025385157738346607	8.69016876345154e-05	0.002904977792088175	0.0021286198604502714	0.0005419040639616521	0.0005062517997866962	0.000522862112240856	0.010293587952852248	0.008190350026357918	0.0008033527478401083
G[T>A]C	0.0028537806496024133	0.0019478927759919316	0.0027446744416374713	0.0009424308498267823	0.002201654021453578	0.0019896836722036824	0.0027277268790639937	0.002946514374576509	0.0009441580233979039	0.00436309722578153	0.013771083181723952	0.0011524119761916155
G[T>A]G	0.0016856938910786994	1.636282540863137e-05	0.0028514038044959306	0.0009124707204173319	0.006232543101068586	0.002731488431338221	0.0022108458839356897	0.0010492548437323421	0.0010491104461834767	0.005239288984797895	0.005594767005648464	0.0008221166863440886
G[T>A]T	0.011696378724649549	0.00306667314508515	0.0026145206629735185	0.0008860377332007301	0.011802827196195721	0.00514071627240628	0.004843925955239683	0.0026250892570242284	0.002032109238905832	0.006585033535026014	0.010680524295195937	0.0008013756397538233
G[T>C]A	0.0012215067031174922	0.0005846730964057303	0.021798162259161473	0.006080147603526711	0.005617917827432496	0.0029745742012746634	0.006152628622949123	0.033147126380354164	0.0018266385349270421	0.02113042630814016	0.0011313956970609351	0.001057895789830817
G[T>C]C	0.009143127167597413	0.003894449896644801	0.012838845757767559	0.004607960114721209	0.004739551462000236	0.0013947420450908282	0.014002602038905024	0.013163284555077552	0.002303434915142134	0.009116928263567388	0.007054332681000233	0.0015635538260976318
G[T>C]G	0.006140788033604622	0.0016430684110382572	0.030721505634486675	0.0032607981762848796	0.0006646015674910119	0.00034294537956575935	0.014978765440173448	0.02844274178147316	0.00029170239803470255	0.008893860579002648	0.00028256518711184157	0.001813292760947661
G[T>C]T	0.020461453426629306	0.00498711346812971	0.02425305475667119	0.0039778559259139	0.006756268101977185	0.0048999936915934085	0.009129412048030645	0.01578509384766221	0.003711338080931455	0.019655813740566373	0.004138781931513222	0.002418931044288911
G[T>G]A	0.00025092005387294757	0.0005081244824832539	0.003467481676489115	8.92125740688293e-05	0.004804462931584567	0.0008519605655760643	0.0018756541206967085	2.8900288268882775e-05	0.0003649231538274762	0.003737532912986353	0.0019600753466365857	0.00018746138926020305
G[T>G]C	0.0013855634013816597	0.00633655447140336	0.0037881507235579194	2.81426308356628e-06	0.002187216210295446	0.0001273844456311128	0.006385535524692386	0.0008966200796421618	7.525815251964973e-05	0.0014763115957612172	0.003553148807026446	0.0002048816889230971
G[T>G]G	0.000928333259158535	0.0021682839811546727	0.004404584595933556	0.00019716349195094337	0.008961685481481255	0.002571336397435516	0.005864949928130954	0.0013458078280091286	0.0008577151848294306	0.003030611207243055	0.004960328577086329	0.0006850123619995592
G[T>G]T	0.060457266800105575	0.09245915354788303	0.004345757522853091	0.0017634441314876312	0.00892738460469991	0.002838182671076577	0.057965672351419924	0.007123486240394414	0.0019408535051625223	0.001399237886030387	0.0037072353302135107	0.0003611877203575275
T[C>A]A	0.0009052969219482829	0.0017409217740932945	0.00165946249224095	0.003713832877315519	0.0139812325341627	0.008202051756205038	0.0008946883363956863	0.0014163884020702323	0.10636372926831246	0.02102506408467889	0.010917094230325202	0.0232325801551342
T[C>A]C	0.0011613059106166475	0.0008800342964241281	0.001185192895639299	0.005395439920946956	0.011953964548185468	0.005361739280371694	0.0006896445821828662	0.0030357119189575316	0.05477168141305447	0.00823558225017041	0.029708397928625344	0.010871862609870732
T[C>A]G	0.00010476166024137575	0.0001573754349577466	0.0026946112518198787	0.0012857003877870738	0.00126289338740753	0.0012083830153628377	0.0001016198912903603	0.0001437363222282031	0.01315232846327126	0.001375283157103695	0.0006159261461759138	0.0016385428146459163
T[C>A]T	0.0007019518241119747	0.004955604176269844	0.0029809843351848056	0.006129180169115246	0.007201727531197042	0.01209584675767417	0.002772492080134173	0.014374274168163538	0.18125310155749322	0.0363292760848999	0.025967576005496085	0.01779145140759647
T[C>G]A	0.00021621942828039254	0.002012843184173107	0.0004940468481729649	6.081859845406483e-05	0.03717525173909962	1.8591184169055212e-05	1.1008202793277371e-05	0.00019912523678950177	0.00028927725628279013	0.0006618442934631485	0.002690072121664808	0.12520628294348718
T[C>G]C	0.0003812716027815688	0.000741202896082541	0.002092666191804166	0.00010962410193119448	0.025629480432718992	0.003114172219624426	0.0011559407497697975	0.00011744565148739409	0.0015124687062343582	0.0022437767171198182	0.005095024183974635	0.027729439690709113
T[C>G]G	0.0001494327370382962	9.534660712049805e-05	0.0029427250830922277	1.9493939333781163e-05	0.0033675663964822886	1.593170130659438e-05	2.959352686431208e-05	2.6251072996681764e-06	1.2220959470590082e-05	6.674088244549286e-06	0.000602274896387843	0.007200807550922036
T[C>G]T	0.00021881324728784119	0.0051211544810794325	0.0008064531183790957	0.0015606087856922604	0.06533440866693854	0.0024754791643656956	4.421421390491099e-05	0.0006770650138255583	0.0010234680009017184	0.011879403620900533	0.008667526317564352	0.1499181026518345
T[C>T]A	0.0001396850491363389	1.1811572127075322e-05	0.0032017902827241773	0.0023475613785112525	5.05820452124996e-05	0.09778898037225008	0.009160826267674565	0.004905908735559918	0.0002897021198336821	0.021647011818233048	0.0016287403620382545	0.24329896196722983
T[C>T]C	3.611483803857254e-05	0.0018459645991742804	0.006760577400640951	0.008720640242099762	0.010955371225252747	0.07532434651255608	0.00720556562114507	0.008537419338710606	0.003416533018338285	0.013420936417765915	0.00577412939463737	0.05819268856942654
T[C>T]G	0.0005512983049748164	0.002792670496390201	0.025932010758668186	0.09372463895380496	0.00017432824639627154	0.010564809314440936	0.0006769886592329897	0.005924227340030484	0.008001902051502838	0.012983163573604543	0.004020964815553181	0.03143618376553058
T[C>T]T	0.00036631381191624366	0.0007511825734494488	0.008274801852065139	0.009672834445722402	0.0011005501077674693	0.09474924351274967	0.010195202754810452	0.005059359394900482	0.002893933918869311	0.02724056432209909	0.008713481949642301	0.13970019532740116
T[T>A]A	0.0037577729064505547	0.0036126119976397602	0.0007105494434654949	0.02148110517859459	0.011632476419206186	0.022924478262662886	0.00018171045726203316	0.013209489105269314	0.017021470932289957	0.05727150554955006	0.0062365570634984775	0.002073954495037695
T[T>A]C	0.0030118475826457144	0.0007605720817809924	0.0007299472106421685	0.0002496092575984827	0.008812560534104705	0.004940961843822152	0.005165187911596149	0.0010716363013489171	0.001115952979074791	0.008827771694399416	0.01472580747678876	0.0014269232207885219
T[T>A]G	0.0013187448056705762	0.00012393421421413904	0.002298098065657541	0.00012854652278384318	0.007197713215835393	0.003354112245840952	0.002116205663071014	0.0006679206287954003	0.0008619139822549186	0.008714753736741842	0.005274411077145487	0.0012870082194567658
T[T>A]T	0.017117869747802616	0.0029250974301201016	7.850316756029869e-05	0.01223654585890472	0.02364535244461149	0.010293299757875502	0.015255745352245867	0.01865913137793541	0.0033403175075072795	0.029722539830952882	0.011525231591425836	0.0013045682677467532
T[T>C]A	0.005692004935350269	0.00451980026171077	0.023951802164316176	8.838127937246947e-05	0.01359417874332873	0.0004754642872561719	0.0008484944542179085	0.01978566149249673	0.002057463491139074	0.04644736441597343	0.0035733376744030466	0.0013143131719486978
T[T>C]C	0.006673602749249768	0.002758567845413612	0.01503931331820786	0.008130007297731936	0.011142022165004165	0.003784053384442814	0.026134067852050066	0.022597528986632823	0.002027531367726624	0.018987218670547007	0.002139711088666575	0.001660523723534539
T[T>C]G	0.004809058221464511	0.0005743436546573446	0.02722727881744504	0.0009790979013779406	0.0022437135097866045	7.682499181539793e-05	0.01539179163146764	0.019525597903877496	0.0006695355700118093	0.014244054386392235	0.0003549287982956262	0.0012298210236069255
T[T>C]T	0.023957653988152743	0.0037756682254174853	0.026206728536635637	0.009438509897328914	0.013232435175217688	0.005109067062381655	0.02739588177204132	0.03420775517821312	0.0013134173812501494	0.021561988623812794	0.0006111559708200838	0.002021998786149197
T[T>G]A	4.8431162879331344e-05	0.006064495536964387	0.0038340674127684904	0.00014048336854047928	0.0182720168819651	0.00022077063476603004	0.001368455428550765	3.161831728364102e-05	0.00021816676956881915	0.02077001089323312	0.0011763012723593727	0.000826485196944041
T[T>G]C	0.0009460636736672444	0.006033085803734139	0.0059209610391408206	0.0004718774265104138	0.007273860132787377	0.0010604890953469308	0.01683881579712033	0.00018772561456693632	5.5450780775233244e-05	0.004596393765183166	0.0023728376000653954	0.0005450460391562284
T[T>G]G	0.0016533547668950693	0.002505062612006441	0.00552559094876051	0.003681042798329145	0.013261436018161476	0.002437159205786884	0.009670548594556749	0.005245808424428106	0.0013629009320866316	0.009204893328249454	0.003830331608769484	0.0007733582068316852
T[T>G]T	0.06084578681737184	0.07590086659789086	0.005413161508698185	0.01568958301842213	0.020556168354403354	0.00855163478780306	0.19381074088811875	0.010242885777726769	0.0016616349187530159	0.019208512655459344	0.0019305662552803321	0.0004688667650811128
