Samples	SBS96A	SBS96B	SBS96C	SBS96D	SBS96E	SBS96F	SBS96G	SBS96H	SBS96I	SBS96J	SBS96K	SBS96L
LP2000104-DNA_A01_vs_LP2000101-DNA_A01__pv	17867	10022	1312	1053	2925	585	5221	522	1041	1375	516	2010
LP2000105-DNA_A01_vs_LP2000102-DNA_A01__pv	3943	4884	1594	993	3908	590	2279	676	4496	1017	1956	2176
LP2000106-DNA_A01_vs_LP2000102-DNA_A01__pv	3310	2778	976	908	1372	690	1704	171	3608	647	489	2834
LP2000107-DNA_A01_vs_LP2000102-DNA_A01__pv	3735	3940	1196	812	2479	603	2034	383	3644	983	1086	1272
LP2000108-DNA_A01_vs_LP2000103-DNA_A01__pv	160	259	644	670	1173	955	243	363	772	888	872	1132
LP2000109-DNA_A01_vs_LP2000103-DNA_A01__pv	175	239	667	591	938	836	224	307	757	798	623	1044
LP2000110-DNA_A01_vs_LP2000101-DNA_A01__pv	13957	8640	798	1001	789	939	3477	339	1037	912	172	410
LP2000111-DNA_A01_vs_LP2000102-DNA_A01__pv	818	693	321	147	533	44	353	0	804	230	61	598
LP2000112-DNA_A01_vs_LP2000102-DNA_A01__pv	1523	1509	575	345	970	233	783	156	1728	363	228	1161
LP2000113-DNA_A01_vs_LP2000103-DNA_A01__pv	188	245	654	588	899	912	226	289	787	977	721	1146
LP2000114-DNA_A01_vs_LP2000103-DNA_A01__pv	323	193	309	766	1114	946	141	426	873	740	281	2048
LP2000325-DNA_A01_vs_LP2000317-DNA_A01__pv	4063	5337	1191	2034	2256	1405	2096	983	1995	2593	1175	537
LP2000327-DNA_A01_vs_LP2000319-DNA_A01__pv	3838	5092	481	705	909	962	2964	380	703	1656	374	526
LP2000328-DNA_A01_vs_LP2000320-DNA_A01__pv	1800	1525	595	1931	967	3396	1174	1030	411	2367	470	568
LP2000329-DNA_A01_vs_LP2000321-DNA_A01__pv	5186	3494	1162	2914	1303	1881	1138	578	1768	1491	708	2249
LP2000330-DNA_A01_vs_LP2000316-DNA_A01__pv	2107	894	1274	989	2828	1226	1100	709	1844	1443	1122	523
LP2000331-DNA_A01_vs_LP2000322-DNA_A01__pv	891	1374	930	2336	577	1899	450	320	1268	1185	767	502
LP2000332-DNA_A01_vs_LP2000323-DNA_A01__pv	6951	6583	923	3337	1564	2113	2349	979	2899	1806	1307	507
LP2000333-DNA_A01_vs_LP2000324-DNA_A01__pv	1853	2713	345	1096	734	1211	594	473	1206	1078	1001	535
LP2000334-DNA_A01_vs_LP2000324-DNA_A01__pv	2625	682	596	1154	466	759	886	79	1259	820	522	226
LP2000335-DNA_A01_vs_LP2000317-DNA_A01__pv	3016	3467	1210	1169	1222	1076	1198	358	1053	1846	570	147
LP2000336-DNA_A01_vs_LP2000316-DNA_A01__pv	542	341	627	1203	357	716	196	213	640	507	525	136
LP2000346-DNA_A01_vs_SM-4JPUU__pv	555	961	632	1883	686	3880	205	940	3142	1087	3203	892
LP2000350-DNA_A01_vs_SM-4JPUU__pv	726	644	1036	2349	794	3324	118	532	2628	1545	504	797
LP2000352-DNA_A01_vs_LP2000359-DNA_A01__pv	4191	2539	977	1171	2109	756	4042	104	1467	1399	670	306
LP2000353-DNA_A01_vs_LP2000359-DNA_A01__pv	8519	11148	498	1032	2509	640	12953	221	1641	1783	1123	349
LP2000355-DNA_A01_vs_LP2000359-DNA_A01__pv	4151	2819	1085	1165	2218	698	4295	197	1492	1520	844	444
LP2000356-DNA_A01_vs_LP2000359-DNA_A01__pv	5296	2691	1262	1170	2862	651	4440	246	1601	1575	1033	448
LP2000357-DNA_A01_vs_LP2000359-DNA_A01__pv	4043	2837	897	1291	2037	680	4634	237	1457	1502	676	377
LP2000366-DNA_A01_vs_SM-4JPUU__pv	1140	1077	595	1914	654	3543	87	925	2936	1002	3002	919
LP2000367-DNA_A01_vs_SM-4JPUU__pv	487	1037	531	1973	568	3740	139	989	3035	1151	3335	971
LP2000368-DNA_A01_vs_SM-4JPUU__pv	518	989	542	1663	711	3319	149	808	2797	1053	2776	861
LP2000369-DNA_A01_vs_SM-4JPUU__pv	480	846	561	1628	581	3195	127	668	2682	934	2556	806
LP2000370-DNA_A01_vs_SM-4JPUU__pv	515	1074	571	2081	807	4060	161	1036	3258	1081	3508	960
LP2000371-DNA_A01_vs_SM-4JPUU__pv	674	726	1105	2337	766	3375	115	465	2633	1498	550	790
LP2000372-DNA_A01_vs_LP2000359-DNA_A01__pv	5016	2568	1250	1129	3340	746	4692	148	1844	1582	1044	539
LP2000373-DNA_A01_vs_LP2000359-DNA_A01__pv	3144	2372	693	1266	1301	539	3597	291	1063	1011	561	271
LP2101132-DNA_A01_vs_LP2101131-DNA_A01__pv	8298	3173	1295	1972	2068	1624	3062	488	2961	1509	1362	493
LP2101136-DNA_A01_vs_LP2101133-DNA_A01__pv	787	288	1736	2172	5641	1588	295	423	1680	3796	1521	1778
LP2101137-DNA_A01_vs_LP2101134-DNA_A01__pv	391	637	524	904	256	575	66	93	260	1055	297	153
LP2101140-DNA_A01_vs_LP2101155-DNA_A01__pv	2986	2076	2449	3482	7504	2648	865	1280	7854	2543	3343	1080
LP2101141-DNA_A01_vs_LP2101139-DNA_A01__pv	129	717	1431	1083	1741	2145	559	630	529	2085	1263	1526
LP2101142-DNA_A01_vs_LP2101143-DNA_A01__pv	928	0	2140	16547	1303	1338	2780	18880	1362	2545	0	0
LP2101144-DNA_A01_vs_LP2101145-DNA_A01__pv	475	320	632	1060	1267	1263	183	847	844	2251	998	371
LP2101146-DNA_A01_vs_LP2101147-DNA_A01__pv	604	634	1649	1522	1466	3199	323	1860	2757	1960	495	229
LP2101148-DNA_A01_vs_LP2101149-DNA_A01__pv	656	0	2157	538	5974	921	403	354	819	2633	1283	1285
LP2101151-DNA_A01_vs_LP2101152-DNA_A01__pv	2119	1992	620	1085	3535	1892	675	1461	3212	3827	1399	1742
LP2101153-DNA_A01_vs_LP2101154-DNA_A01__pv	15302	10800	2879	3307	6552	3124	6263	2278	1704	7390	213	1068
LP2101156-DNA_A01_vs_LP2101157-DNA_A01__pv	842	440	1054	15689	2540	2925	2708	46290	1569	2634	0	0
LP2101158-DNA_A01_vs_LP2101159-DNA_A01__pv	7593	6165	1516	6160	2876	2230	3306	1594	5312	1854	1752	1183
LP2101160-DNA_A01_vs_LP2101161-DNA_A01__pv	3319	835	1299	1963	751	2453	1288	620	1098	2214	1020	900
LP2101162-DNA_B01_vs_LP2101163-DNA_B01__pv	167	270	463	255	166	235	71	54	483	99	122	159
LP2101164-DNA_A01_vs_LP2101165-DNA_A01__pv	309	185	1289	1288	1298	676	197	270	2287	2219	0	607
LP2101166-DNA_A01_vs_LP2101167-DNA_A01__pv	1438	595	232	1481	1159	1841	735	936	2734	2282	244	536
LP2101168-DNA_A01_vs_LP2101169-DNA_A01__pv	128	231	860	1581	2125	972	97	259	465	2055	1022	779
LP2101170-DNA_A01_vs_LP2101511-DNA_A01__pv	72	328	1047	268	1444	382	196	383	648	472	936	330
LP2101512-DNA_A01_vs_LP2101513-DNA_A01__pv	6329	7084	1137	1473	1890	1067	1939	835	1718	2906	502	665
LP6005334-DNA_A02_vs_LP6005333-DNA_A02__pv	1206	2010	306	2541	1727	1479	662	769	2536	2682	266	639
LP6005334-DNA_A03_vs_LP6005333-DNA_A03__pv	5157	1824	843	2679	2019	1626	1196	737	2965	1922	603	899
LP6005334-DNA_A04_vs_LP6005333-DNA_A04__pv	2029	2038	814	1651	1676	802	552	320	1249	1250	892	1646
LP6005334-DNA_B01_vs_SM-4JPUU__pv	582	600	521	1897	492	2851	173	412	2363	1124	237	649
LP6005334-DNA_B02_vs_LP6005333-DNA_B02__pv	2564	3358	1128	4015	1336	1811	1872	467	3899	2216	755	731
LP6005334-DNA_C01_vs_LP6005333-DNA_C01__pv	195	563	1524	434	4443	1250	249	446	1036	1311	2848	1561
LP6005334-DNA_C02_vs_LP6005333-DNA_C02__pv	449	209	762	681	1789	449	476	305	724	936	1082	745
LP6005334-DNA_C03_vs_LP6005333-DNA_C03__pv	1067	1199	1038	4044	1321	1346	684	1029	1247	2621	568	1029
LP6005334-DNA_D01_vs_LP6005333-DNA_D01__pv	0	0	118	66	166	66	0	0	13	69	0	180
LP6005334-DNA_D02_vs_LP6005333-DNA_D02__pv	3944	11806	975	682	2918	784	2350	457	1310	697	1191	2714
LP6005334-DNA_D03_vs_LP6005333-DNA_D03__pv	225	127	599	751	2404	384	80	196	2307	0	522	2487
LP6005334-DNA_E01_vs_LP6005333-DNA_E01__pv	975	987	1161	2450	3182	1479	78	1099	2191	2921	818	1230
LP6005334-DNA_E02_vs_LP6005333-DNA_E02__pv	834	1513	231	465	176	295	505	0	212	839	210	353
LP6005334-DNA_E03_vs_LP6005333-DNA_E03__pv	1533	1045	1571	651	6316	875	908	462	929	3476	2117	1727
LP6005334-DNA_F01_vs_LP6005333-DNA_F01__pv	2079	1890	1431	2729	3433	2354	629	1198	6055	1681	1588	1409
LP6005334-DNA_F02_vs_LP6005333-DNA_F02__pv	6104	9193	859	508	2037	2411	7919	2492	2882	2733	1648	317
LP6005334-DNA_F03_vs_LP6005333-DNA_F03__pv	215	198	405	283	403	248	139	83	306	504	91	20
LP6005334-DNA_G01_vs_LP6005333-DNA_G01__pv	4090	3428	0	3070	0	5054	2376	861	3792	2684	472	6902
LP6005334-DNA_G02_vs_LP6005333-DNA_G02__pv	7572	6148	1109	2196	2510	2010	3138	587	3022	3388	1355	1442
LP6005334-DNA_G03_vs_LP6005333-DNA_G03__pv	2784	987	611	1051	858	1274	1003	147	1445	1382	384	729
LP6005334-DNA_H01_vs_LP6005333-DNA_H01__pv	6190	2275	785	2001	998	5002	3441	1011	3213	2715	908	1798
LP6005334-DNA_H02_vs_LP6005333-DNA_H02__pv	16178	10489	1241	1074	2295	4292	7375	647	3691	2139	947	263
LP6005334-DNA_H03_vs_LP6005333-DNA_H03__pv	6156	19308	0	2380	1797	1640	4455	1340	2925	3646	686	699
LP6005335-DNA_A01_vs_LP6005333-DNA_A03__pv	5999	2884	798	1784	944	1122	1331	547	2430	1248	520	532
LP6005409-DNA_A01_vs_LP6005408-DNA_A01__pv	66	33	461	929	0	1655	209	461	856	762	966	1480
LP6005409-DNA_A02_vs_LP6005408-DNA_A02__pv	1039	625	647	575	1898	1197	92	297	1322	1448	1243	445
LP6005409-DNA_A03_vs_LP6005408-DNA_A03__pv	12281	9133	2762	11022	1540	2989	6992	0	1816	0	1317	290
LP6005409-DNA_A04_vs_LP6005408-DNA_A04__pv	3551	4147	745	864	1073	2582	1527	499	1445	1221	555	1222
LP6005409-DNA_B01_vs_LP6005408-DNA_B01__pv	22285	20983	464	809	749	1533	14501	770	5206	1895	642	783
LP6005409-DNA_B02_vs_LP6005408-DNA_B02__pv	541	972	1303	2979	1424	1789	450	288	2268	1056	1439	747
LP6005409-DNA_B04_vs_LP6005408-DNA_B04__pv	105	736	420	950	3742	0	88	96	42	1913	102	3204
LP6005409-DNA_C01_vs_LP6005408-DNA_C01__pv	913	612	454	2156	466	1279	435	260	701	1100	393	858
LP6005409-DNA_C02_vs_LP6005408-DNA_C02__pv	945	486	372	801	419	508	256	15	1323	597	180	125
LP6005409-DNA_C04_vs_LP6005408-DNA_C04__pv	323	175	660	691	2768	1202	312	288	598	2203	1455	370
LP6005409-DNA_D01_vs_LP6005408-DNA_D01__pv	8098	12289	1439	2439	3675	2789	3776	44	1543	2386	1175	716
LP6005409-DNA_D02_vs_LP6005408-DNA_D02__pv	6234	8622	2672	3437	5267	2907	1911	346	1988	1876	1507	1831
LP6005409-DNA_D03_vs_LP6005408-DNA_D03__pv	10073	19726	815	1758	2266	2547	5630	452	1447	1845	992	1007
LP6005409-DNA_E01_vs_LP6005408-DNA_E01__pv	112	471	1193	1568	1386	1466	187	143	1075	1043	898	839
LP6005409-DNA_E02_vs_LP6005408-DNA_E02__pv	1011	766	496	1513	476	1070	579	537	1101	1512	509	688
LP6005409-DNA_E03_vs_LP6005408-DNA_E03__pv	3595	9326	1672	2332	4752	907	3095	576	1841	3301	1800	881
LP6005409-DNA_F01_vs_LP6005408-DNA_F01__pv	9435	3889	630	1637	818	705	2665	667	2161	1212	380	73
LP6005409-DNA_F02_vs_LP6005408-DNA_F02__pv	3121	1517	417	1701	0	1574	1089	463	2292	1413	881	1239
LP6005409-DNA_F03_vs_LP6005408-DNA_F03__pv	90	188	973	973	623	829	0	2	583	456	664	517
LP6005409-DNA_G02_vs_LP6005408-DNA_G02__pv	5894	3777	766	730	1343	1368	3264	204	746	1044	1207	439
LP6005409-DNA_G03_vs_LP6005408-DNA_G03__pv	6829	9078	455	1842	866	2015	1134	493	1280	2260	798	215
LP6005409-DNA_H01_vs_LP6005408-DNA_H01__pv	0	178	416	3054	1187	884	432	1398	646	2472	519	399
LP6005409-DNA_H02_vs_LP6005408-DNA_H02__pv	4309	2910	464	1567	1793	1535	1733	756	1964	1750	1090	252
LP6005409-DNA_H03_vs_LP6005408-DNA_H03__pv	2480	2891	596	497	651	843	2095	259	411	877	313	111
LP6005496-DNA_A01_vs_LP6005408-DNA_B03__pv	3918	3546	4619	0	411	0	4647	18232	1325	5805	1884	1473
LP6005496-DNA_B01_vs_LP6005408-DNA_C03__pv	5937	1608	172	1788	0	3496	2068	764	1626	1104	148	1262
LP6005500-DNA_A01_vs_LP6005499-DNA_A01__pv	1200	942	775	1436	1490	1769	443	642	1547	2354	784	1019
LP6005500-DNA_A02_vs_LP6005499-DNA_A02__pv	2045	3795	2459	3613	3861	2721	2175	178	1696	2360	2113	313
LP6005500-DNA_A03_vs_LP6005499-DNA_A03__pv	1782	2040	974	690	2179	1450	1036	728	1703	1807	880	861
LP6005500-DNA_B01_vs_LP6005499-DNA_B01__pv	2680	2855	1227	1480	1653	1533	953	481	1106	1732	959	737
LP6005500-DNA_B02_vs_LP6005499-DNA_B02__pv	8699	3727	838	2076	2445	2562	4813	989	2119	4747	1129	955
LP6005500-DNA_B03_vs_LP6005499-DNA_B03__pv	3563	3356	2154	281	3238	649	1298	282	727	3056	1254	339
LP6005500-DNA_C01_vs_LP6005499-DNA_C01__pv	1638	1146	957	906	1236	894	544	471	2364	971	615	474
LP6005500-DNA_C02_vs_LP6005499-DNA_C02__pv	1944	1497	686	4469	1315	2570	939	4962	1972	2836	595	435
LP6005500-DNA_C03_vs_LP6005499-DNA_C03__pv	8056	4119	970	2194	1104	3269	2659	357	1160	405	1054	55
LP6005500-DNA_D01_vs_LP6005499-DNA_D01__pv	2648	1486	869	1211	1189	1345	1904	540	1732	1444	675	442
LP6005500-DNA_D02_vs_LP6005499-DNA_D02__pv	5520	3303	211	2535	554	1670	2265	1139	5827	2681	375	422
LP6005500-DNA_D03_vs_LP6005499-DNA_D03__pv	2873	2696	841	1411	1244	2971	2032	821	1286	1419	622	152
LP6005500-DNA_E02_vs_LP6005499-DNA_E02__pv	12114	13678	589	819	774	1381	5960	319	1294	2615	491	539
LP6005500-DNA_E03_vs_LP6005499-DNA_E03__pv	12428	34445	749	79	2425	2519	19176	1747	1745	807	3981	792
LP6005500-DNA_F01_vs_LP6005499-DNA_F01__pv	4450	2363	922	762	2536	2101	2463	522	1878	1554	927	1378
LP6005500-DNA_F02_vs_LP6005499-DNA_F02__pv	3892	749	2132	3956	3648	4900	544	503	3085	704	1332	5476
LP6005500-DNA_F03_vs_LP6005499-DNA_F03__pv	319	2619	0	5712	1240	2362	587	3706	3223	6206	794	535
LP6005500-DNA_G01_vs_LP6005499-DNA_G01__pv	13652	20117	1055	1809	581	2724	4206	378	1092	564	846	66
LP6005500-DNA_G02_vs_LP6005499-DNA_G02__pv	0	22	628	1627	194	355	0	0	122	264	265	512
LP6005500-DNA_G03_vs_LP6005499-DNA_G03__pv	13379	1374	1098	2090	918	1157	2158	441	1400	568	431	277
LP6005500-DNA_H01_vs_LP6005499-DNA_H01__pv	1990	4226	772	2736	1745	3250	695	483	1570	2662	590	927
LP6005500-DNA_H02_vs_LP6005499-DNA_H02__pv	1176	4195	918	2756	2071	207	728	329	547	1954	569	2780
LP6005500-DNA_H03_vs_LP6005499-DNA_H03__pv	2077	5058	0	1309	2104	1648	1812	1999	1188	5251	0	657
LP6005501-DNA_A01_vs_LP6005499-DNA_A01__pv	312	107	543	506	350	413	95	0	645	403	230	115
LP6005501-DNA_B01_vs_LP6005499-DNA_B01__pv	2516	2542	1227	1396	1859	1644	942	498	1100	2017	914	677
LP6005501-DNA_C01_vs_LP6005499-DNA_C01__pv	1804	1251	1155	3423	1603	2373	932	1074	3918	2276	198	310
LP6005501-DNA_D01_vs_LP6005499-DNA_D01__pv	1904	1254	830	2491	1146	1465	1396	801	2363	2071	778	1124
LP6005501-DNA_E01_vs_LP6005499-DNA_E01__pv	545	275	340	451	146	432	364	0	270	398	178	147
LP6005501-DNA_F01_vs_LP6005499-DNA_F01__pv	8691	3082	568	678	953	2757	4733	319	1863	2362	40	1060
LP6005690-DNA_A02_vs_LP6005689-DNA_A02__pv	466	381	1074	1615	1031	1202	468	887	3390	1484	550	517
LP6005690-DNA_B01_vs_LP6005689-DNA_B01__pv	3319	3727	895	1186	1268	1248	1015	328	1882	1349	679	428
LP6005690-DNA_B03_vs_LP6005777-DNA_A01__pv	8883	5340	542	1369	1387	1426	6042	1053	1459	1416	405	661
LP6005690-DNA_C02_vs_LP6005689-DNA_C02__pv	480	115	1179	3197	2023	2031	0	651	3007	1401	1065	679
LP6005690-DNA_C03_vs_LP6005689-DNA_C03__pv	10085	5000	925	1531	983	3508	3574	1426	3838	1927	861	562
LP6005690-DNA_D02_vs_LP6005689-DNA_D02__pv	10192	10859	150	1680	660	3248	5653	961	1092	3362	505	1182
LP6005690-DNA_D03_vs_LP6005689-DNA_D03__pv	8699	9947	712	832	1759	1146	2710	806	1199	1925	611	1351
LP6005690-DNA_E01_vs_LP6005689-DNA_E01__pv	6480	5191	799	1946	2494	2577	2559	1628	5676	2573	920	1265
LP6005690-DNA_E02_vs_LP6005689-DNA_E02__pv	2	0	7	16	5	7	2	0	0	1	0	4
LP6005690-DNA_E03_vs_LP6005689-DNA_E03__pv	1679	838	1127	1891	1023	2280	622	492	2219	493	950	0
LP6005690-DNA_F01_vs_LP6005689-DNA_F01__pv	7287	5907	1281	2062	2556	3053	2171	367	1918	2074	847	362
LP6005690-DNA_F02_vs_LP6005689-DNA_F02__pv	16363	6365	444	952	181	2745	10237	0	1271	651	721	866
LP6005690-DNA_F03_vs_LP6005689-DNA_F03__pv	2134	1025	1041	2025	1341	3189	1056	370	2037	1023	883	815
LP6005690-DNA_G02_vs_LP6005689-DNA_G02__pv	7971	3887	1108	1642	775	3066	2309	491	2401	1135	1041	352
LP6005690-DNA_H02_vs_LP6005689-DNA_H02__pv	24663	14984	740	2102	0	1851	5164	683	1829	1227	892	903
LP6005691-DNA_A01_vs_LP6005689-DNA_C01__pv	1207	730	658	2089	673	1281	544	376	2337	511	491	59
LP6005691-DNA_A02_vs_LP6005689-DNA_F03__pv	683	354	518	955	372	703	247	118	692	474	304	272
LP6005691-DNA_B01_vs_LP6005689-DNA_E01__pv	7374	5350	1293	2104	1988	2427	3056	837	5811	3234	694	1084
LP6005691-DNA_C01_vs_LP6005689-DNA_A02__pv	411	289	1129	1973	672	2222	93	0	2813	295	161	172
LP6005691-DNA_D01_vs_LP6005689-DNA_B02__pv	26051	23432	693	937	636	149	14328	319	1476	1021	0	1069
LP6005691-DNA_E01_vs_LP6005689-DNA_D01__pv	1439	698	971	604	645	344	742	0	303	1314	31	53
LP6005691-DNA_F01_vs_LP6005689-DNA_F01__pv	7415	5704	972	1416	1379	1027	1740	52	1333	1373	158	282
LP6005691-DNA_G01_vs_LP6005689-DNA_G01__pv	2	0	67	77	0	23	7	0	11	43	32	11
LP6005691-DNA_H01_vs_LP6005689-DNA_H01__pv	1559	1315	382	426	131	455	712	0	659	444	119	173
LP6005935-DNA_A01_vs_LP6005979-DNA_A01__pv	11452	7013	1385	3543	1855	6189	5202	1506	4599	2678	1312	201
LP6005935-DNA_A02_vs_LP6005934-DNA_A02__pv	2723	12053	85	1542	1958	1341	3108	1492	875	1997	491	1272
LP6005935-DNA_A03_vs_LP6005934-DNA_A03__pv	207	248	564	2361	624	1183	28	1301	1969	1600	768	294
LP6005935-DNA_B01_vs_LP6005934-DNA_B01__pv	421	683	1129	442	2251	1079	642	627	1209	2712	1844	405
LP6005935-DNA_B02_vs_LP6005934-DNA_B02__pv	6626	6151	1692	789	6604	123	2992	206	2160	3022	553	1832
LP6005935-DNA_B03_vs_LP6005934-DNA_B03__pv	10274	18825	752	1298	5163	292	3562	279	3358	2893	167	2214
LP6005935-DNA_B04_vs_LP6005934-DNA_B04__pv	831	811	1116	3835	1459	2007	515	587	3493	1211	1095	475
LP6005935-DNA_C01_vs_LP6005934-DNA_C01__pv	0	11415	5671	8502	0	17629	1733	124942	2881	0	9921	650
LP6005935-DNA_C02_vs_LP6005979-DNA_B01__pv	7483	5351	1999	2718	3166	4282	1881	442	2295	850	1799	668
LP6005935-DNA_C03_vs_LP6005934-DNA_C03__pv	358	330	673	957	484	907	109	78	700	479	431	101
LP6005935-DNA_C04_vs_LP6005934-DNA_C04__pv	14233	10705	1011	2669	146	3776	11432	1390	3578	4152	1622	2214
LP6005935-DNA_D01_vs_LP6005934-DNA_D01__pv	12045	6045	1861	2268	2277	3420	3284	589	4536	940	31	336
LP6005935-DNA_D02_vs_LP6005934-DNA_D02__pv	8874	3706	1470	535	2421	1820	3695	444	1278	1523	542	543
LP6005935-DNA_D04_vs_LP6005934-DNA_C03__pv	1073	790	361	822	431	1013	566	429	1504	726	97	106
LP6005935-DNA_E01_vs_LP6005934-DNA_E01__pv	9827	11336	959	2717	1600	1811	8831	858	2036	2148	1157	488
LP6005935-DNA_E02_vs_LP6005934-DNA_E02__pv	4686	2879	1590	1387	3126	2441	2329	0	1129	1260	1555	0
LP6005935-DNA_E03_vs_LP6005934-DNA_E03__pv	3456	2736	984	1993	1420	3746	950	0	1939	1096	1186	728
LP6005935-DNA_E04_vs_LP6005934-DNA_E02__pv	2358	1499	682	947	677	657	970	164	1131	461	308	12
LP6005935-DNA_F01_vs_LP6005934-DNA_F01__pv	113	50	1192	340	2661	479	73	230	342	758	1002	1537
LP6005935-DNA_F02_vs_LP6005934-DNA_F02__pv	27638	20944	3082	0	613	3800	38175	1564	306	5833	0	1233
LP6005935-DNA_F03_vs_LP6005934-DNA_F03__pv	516	987	1912	18371	2158	7029	537	28917	698	0	462	0
LP6005935-DNA_F04_vs_LP6007426-DNA_A01__pv	22835	16385	300	104	2875	0	8440	1117	1569	750	0	6701
LP6005935-DNA_G01_vs_LP6005934-DNA_G01__pv	3883	10281	624	2853	148	3661	6829	802	597	1975	374	645
LP6005935-DNA_G02_vs_LP6005979-DNA_C01__pv	697	459	911	2089	2718	1526	513	1479	5802	1624	1874	1289
LP6005935-DNA_G03_vs_LP6005934-DNA_G03__pv	953	355	159	772	810	1177	0	446	1426	2540	833	661
LP6005935-DNA_H01_vs_LP6005934-DNA_H01__pv	6395	3833	1409	2101	3783	1572	3101	666	3968	2422	1850	1153
LP6005935-DNA_H02_vs_LP6005934-DNA_H02__pv	2402	2880	1601	2289	3648	764	852	525	1921	3913	1883	1842
LP6005935-DNA_H03_vs_LP6005934-DNA_H03__pv	969	0	5215	14599	1781	1457	2748	33398	2246	2880	0	374
LP6007358-DNA_A01_vs_LP6007553-DNA_A01__pv	2232	1396	918	1226	1364	2066	793	618	2823	1488	755	351
LP6007394-DNA_A01_vs_LP6007393-DNA_A01__pv	2789	1940	558	1716	919	873	1635	0	607	1669	549	90
LP6007396-DNA_A01_vs_LP6007395-DNA_A01__pv	3247	2556	1870	2367	2264	2595	1041	220	1837	961	932	716
LP6007398-DNA_A01_vs_LP6007397-DNA_A01__pv	1967	823	1135	1650	1908	4422	267	607	1135	394	314	42
LP6007399-DNA_A01_vs_LP6007397-DNA_A01__pv	1976	854	1103	1627	1791	4142	215	621	1118	444	326	73
LP6007401-DNA_A01_vs_LP6007400-DNA_A01__pv	8438	9060	1834	1384	5521	1237	2360	754	1637	5706	594	812
LP6007402-DNA_A01_vs_LP6007400-DNA_A01__pv	4846	4629	372	921	752	751	2358	354	1030	759	296	239
LP6007404-DNA_A01_vs_LP6007403-DNA_A01__pv	408	815	922	1931	1447	1457	262	653	2193	1454	832	154
LP6007405-DNA_A01_vs_LP6007403-DNA_A01__pv	1193	949	366	544	292	312	503	83	758	589	261	29
LP6007407-DNA_A01_vs_LP6007406-DNA_A01__pv	6404	5019	229	2805	1584	4003	6093	1093	2681	2256	1118	926
LP6007409-DNA_A01_vs_LP6007408-DNA_A01__pv	1245	754	1079	2935	1463	982	318	363	1360	2218	965	405
LP6007410-DNA_A01_vs_LP6007408-DNA_A01__pv	4173	2972	937	2234	1067	1353	1920	262	2222	2140	673	189
LP6007414-DNA_A02_vs_LP6007413-DNA_A02__pv	283	264	516	1734	1310	1147	201	822	2143	1582	494	502
LP6007416-DNA_A01_vs_LP6007415-DNA_A01__pv	1567	957	1406	2466	1930	3718	426	632	2553	1736	712	627
LP6007418-DNA_A02_vs_LP6007417-DNA_A02__pv	4811	2822	2730	835	3622	1361	1205	1525	912	4588	1020	475
LP6007420-DNA_A01_vs_LP6007419-DNA_A01__pv	16246	10137	1231	398	0	3344	5585	0	593	3663	1232	3789
LP6007422-DNA_A01_vs_LP6007421-DNA_A01__pv	1056	999	980	1506	1291	1466	1074	622	1344	1997	838	104
LP6007424-DNA_A01_vs_LP6007423-DNA_A01__pv	5092	1332	1749	989	4935	2099	2571	480	1184	1647	2575	891
LP6007425-DNA_A01_vs_LP6007423-DNA_A01__pv	5287	1387	1687	984	5230	1873	2349	521	1184	1457	2516	867
LP6007427-DNA_A01_vs_LP6007426-DNA_A01__pv	29395	20596	242	107	5164	0	10638	1207	1643	989	0	8662
LP6007428-DNA_A01_vs_LP6007426-DNA_A01__pv	177	193	996	362	378	357	77	0	204	212	353	46
LP6007430-DNA_A01_vs_LP6007429-DNA_A01__pv	3498	1359	932	3214	1317	2448	684	1095	3628	1838	774	495
LP6007432-DNA_A01_vs_LP6007431-DNA_A01__pv	16244	13780	0	405	2811	313	6449	101	54	2744	1568	1655
LP6007434-DNA_A01_vs_LP6007433-DNA_A01__pv	3886	4442	280	1411	779	2024	2622	946	1595	1539	5093	462
LP6007436-DNA_A01_vs_LP6007435-DNA_A01__pv	10614	8657	0	2030	650	1795	6386	711	1763	3283	188	1238
LP6007438-DNA_A01_vs_LP6007437-DNA_A01__pv	129	182	857	650	2652	959	144	400	313	1354	462	832
LP6007440-DNA_A01_vs_LP6007439-DNA_A01__pv	14199	18728	486	2458	2396	2569	10023	1920	2837	4453	927	2199
LP6007442-DNA_A01_vs_LP6007441-DNA_A01__pv	7922	62198	1404	1720	9815	0	13109	2226	8010	12460	231	1132
LP6007504-DNA_A01_vs_LP6007566-DNA_A01__pv	2169	1340	433	660	737	978	957	109	691	923	417	305
LP6007506-DNA_A01_vs_LP6007505-DNA_A01__pv	1751	1324	706	2158	892	2182	924	391	2098	1411	1114	1378
LP6007508-DNA_A01_vs_LP6007507-DNA_A01__pv	1472	789	600	1259	1250	1897	958	220	662	1398	1053	659
LP6007512-DNA_A01_vs_LP6007511-DNA_A01__pv	5000	3862	677	3507	1847	2038	2372	680	1481	2562	545	1200
LP6007514-DNA_A01_vs_LP6007513-DNA_A01__pv	1136	443	1003	1882	1407	1459	283	189	1620	2125	797	111
LP6007516-DNA_A01_vs_LP6007515-DNA_A01__pv	821	1059	1691	1640	3435	1381	327	421	1152	1969	2690	957
LP6007518-DNA_A01_vs_LP6007517-DNA_A01__pv	9967	9405	2203	280	5292	3486	6289	566	2185	234	2683	898
LP6007520-DNA_A01_vs_LP6007519-DNA_A01__pv	871	401	724	1540	1496	1104	242	592	2088	1349	765	275
LP6007521-DNA_A01_vs_LP6007519-DNA_A01__pv	104	160	533	831	453	491	125	129	714	513	385	133
LP6007523-DNA_A01_vs_LP6007522-DNA_A01__pv	425	552	739	2099	1527	1719	357	487	3167	2215	696	268
LP6007529-DNA_A01_vs_LP6007528-DNA_A01__pv	4467	4407	682	1871	0	3505	2642	286	2987	2716	606	1748
LP6007531-DNA_A01_vs_LP6007530-DNA_A01__pv	5888	10817	1591	1738	3971	1351	3145	338	995	3467	452	1108
LP6007533-DNA_A01_vs_LP6007532-DNA_A01__pv	788	272	481	1217	921	1090	368	429	1264	1416	417	993
LP6007535-DNA_A01_vs_LP6007534-DNA_A01__pv	1208	101	406	792	509	1159	433	316	740	1258	236	914
LP6007536-DNA_A01_vs_LP6007534-DNA_A01__pv	758	127	492	597	1198	569	211	359	656	956	484	2485
LP6007538-DNA_A01_vs_LP6007537-DNA_A01__pv	9047	4311	499	1322	1045	1478	3125	847	2158	2010	324	947
LP6007540-DNA_A01_vs_LP6007539-DNA_A01__pv	3022	3620	761	2547	1195	1369	839	515	2620	1286	487	284
LP6007542-DNA_A01_vs_LP6007541-DNA_A01__pv	3615	1994	1355	2390	7184	642	1720	1092	2609	3679	1687	2772
LP6007544-DNA_A01_vs_LP6007569-DNA_A01__pv	1609	2312	1283	2285	1697	2307	669	551	3405	1925	646	423
LP6007546-DNA_A01_vs_LP6007568-DNA_A01__pv	574	1687	535	2207	0	1958	394	166	1367	1129	596	1055
LP6007548-DNA_A01_vs_LP6007547-DNA_A01__pv	943	592	199	550	0	774	602	315	777	1034	0	683
LP6007550-DNA_A01_vs_LP6007549-DNA_A01__pv	8076	9349	413	2038	838	1781	1780	796	2255	1999	568	1654
LP6007552-DNA_A01_vs_LP6007551-DNA_A01__pv	2628	3136	987	1014	2901	1794	1201	374	1503	1659	885	2174
LP6007567-DNA_A01_vs_LP6007524-DNA_A01__pv	3116	3249	1337	2025	1657	1398	0	313	1455	1800	1243	533
LP6007591_vs_LP6007590__pv	6399	22311	0	4614	0	5510	7288	760	2192	4700	1430	3107
LP6007592_vs_LP6007590__pv	1430	1071	904	2198	676	856	434	161	1457	1099	607	460
LP6007594_vs_LP6007593__pv	361	563	1359	3313	1396	1570	484	1427	2746	2447	1466	183
LP6007595_vs_LP6007593__pv	2216	1558	576	1391	794	868	923	626	1764	1067	535	0
LP6007597_vs_LP6007596__pv	13520	0	897	2061	842	1980	10044	913	2395	627	4346	312
LP6007598_vs_LP6007596__pv	4911	0	368	815	148	599	2185	375	1198	767	736	185
LP6007600_vs_LP6007599__pv	127	68	1230	959	671	1171	0	79	608	404	650	0
LP6007602_vs_LP6007601__pv	14035	35451	838	249	3575	0	4924	719	0	3578	671	923
LP6008017-DNA_A01_vs_LP6008018-DNA_B01__pv	14867	12218	303	1308	944	1282	4759	1063	1778	1796	1774	53
LP6008017-DNA_A02_vs_LP6008018-DNA_B01__pv	29778	13760	132	1235	538	1061	7141	1198	1930	713	2404	228
LP6008017-DNA_A03_vs_LP6008018-DNA_C01__pv	15534	13571	1021	1866	1045	2326	8125	768	3912	941	716	455
LP6008017-DNA_A04_vs_LP6008018-DNA_A01__pv	5460	3067	100	2585	0	4160	2574	1003	2124	3863	240	4566
LP6008017-DNA_B01_vs_LP6008018-DNA_B01__pv	20987	15510	0	1295	694	1228	6697	979	1746	1336	1914	105
LP6008017-DNA_B02_vs_LP6008018-DNA_B01__pv	14931	11754	202	1090	821	1141	4577	920	1649	1718	1576	101
LP6008017-DNA_B03_vs_LP6008018-DNA_C01__pv	15743	13784	1096	1986	1168	2363	8020	973	3955	693	1312	489
LP6008017-DNA_B04_vs_LP6008018-DNA_A01__pv	2723	1583	418	993	92	1124	1256	424	1179	1388	271	776
LP6008017-DNA_C01_vs_LP6008018-DNA_B01__pv	29006	20940	368	1121	670	1317	5303	1185	1821	1680	2643	227
LP6008017-DNA_C02_vs_LP6008018-DNA_C01__pv	15239	13268	1145	1711	1011	2178	7770	665	3825	699	1064	406
LP6008017-DNA_C03_vs_LP6008018-DNA_C01__pv	15434	13768	1007	1849	979	2289	8210	810	3834	760	1089	448
LP6008017-DNA_C04_vs_LP6008018-DNA_C01__pv	1	6	35	17	7	32	0	17	6	0	6	8
LP6008017-DNA_D01_vs_LP6008018-DNA_B01__pv	21343	17131	0	1270	998	1337	6873	936	1909	1734	1768	1
LP6008017-DNA_D02_vs_LP6008018-DNA_C01__pv	15514	13539	1126	1825	1264	2325	8410	776	3901	953	2030	461
LP6008017-DNA_D03_vs_LP6008018-DNA_A01__pv	5129	3238	940	2627	390	2400	2278	897	2228	2679	927	2531
LP6008017-DNA_E01_vs_LP6008018-DNA_B01__pv	27181	19652	694	1076	523	1128	5787	1322	1851	1056	3254	335
LP6008017-DNA_E02_vs_LP6008018-DNA_C01__pv	15188	13560	980	1729	694	2592	8700	857	3812	587	4228	508
LP6008017-DNA_E03_vs_LP6008018-DNA_A01__pv	4968	3107	581	2176	8	2280	2312	901	2134	2799	868	1804
LP6008017-DNA_F01_vs_LP6008018-DNA_B01__pv	15673	13777	0	1213	888	1215	5534	1311	2020	1490	2945	104
LP6008017-DNA_F02_vs_LP6008018-DNA_C01__pv	15815	14260	882	1840	1050	2419	9037	814	3901	1020	1880	439
LP6008017-DNA_F03_vs_LP6008018-DNA_A01__pv	3723	2229	339	1259	0	1915	1659	381	1367	2006	256	1847
LP6008017-DNA_G01_vs_LP6008018-DNA_B01__pv	17986	13331	214	1330	1069	1359	4979	1121	1806	1837	1780	60
LP6008017-DNA_G02_vs_LP6008018-DNA_C01__pv	16808	15379	1054	1768	978	2394	9398	1175	4001	694	3760	774
LP6008017-DNA_G03_vs_LP6008018-DNA_A01__pv	5235	3026	552	2348	81	2706	2299	906	2438	3104	1089	2877
LP6008017-DNA_H01_vs_LP6008018-DNA_B01__pv	21396	18345	448	1153	759	1183	6421	1093	1933	1153	2722	185
LP6008017-DNA_H02_vs_LP6008018-DNA_C01__pv	15407	13543	1110	1742	1154	2218	7811	841	3878	551	3096	554
LP6008017-DNA_H03_vs_LP6008018-DNA_A01__pv	6948	3086	234	2586	0	4148	2696	1054	2098	3538	349	4602
LP6008031-DNA_A01_vs_LP6008032-DNA_A01__pv	2672	1520	2211	634	5717	382	1300	1499	2250	1864	1609	4066
LP6008031-DNA_A02_vs_LP6008032-DNA_C02__pv	2891	2070	1452	2974	3782	4459	1020	1674	5696	1758	673	2977
LP6008031-DNA_A03_vs_LP6008032-DNA_E03__pv	981	572	799	1849	289	1736	393	423	2348	1074	712	793
LP6008031-DNA_A04_vs_LP6008032-DNA_D03__pv	11079	6428	130	1771	896	1568	3764	312	1293	2794	326	934
LP6008031-DNA_B01_vs_LP6008032-DNA_B01__pv	2059	2537	770	1589	828	1244	458	200	806	928	489	621
LP6008031-DNA_B02_vs_LP6008032-DNA_D02__pv	770	779	583	2354	1456	1708	393	852	5017	1334	1547	504
LP6008031-DNA_B03_vs_LP6008032-DNA_F03__pv	127	311	1204	2195	827	1109	205	307	1855	975	682	1053
LP6008031-DNA_B04_vs_LP6008032-DNA_C02__pv	159	188	700	664	557	742	172	102	936	343	286	59
LP6008031-DNA_C01_vs_LP6008032-DNA_C01__pv	3869	6921	1163	4083	2228	2905	1861	1135	3340	2113	1498	1414
LP6008031-DNA_C02_vs_LP6008032-DNA_E02__pv	4085	2255	1238	2969	2086	1545	1023	260	2900	2562	1110	191
LP6008031-DNA_C03_vs_LP6008032-DNA_G03__pv	0	0	12	90	10	0	1	0	22	19	20	7
LP6008031-DNA_D01_vs_LP6008032-DNA_D01__pv	3075	1151	693	712	2127	1884	1066	496	1616	772	1191	453
LP6008031-DNA_D02_vs_LP6008032-DNA_F02__pv	4608	3395	703	1768	962	766	2909	929	1816	2028	814	480
LP6008031-DNA_D03_vs_LP6008032-DNA_H03__pv	585	387	1307	1202	2624	3305	271	392	2530	1011	1201	992
LP6008031-DNA_E01_vs_LP6008032-DNA_E01__pv	6496	806	5712	7487	0	0	2699	27704	3184	11996	0	156
LP6008031-DNA_E02_vs_LP6008032-DNA_G02__pv	8667	3006	1150	1891	1817	3239	2666	649	5493	1074	1208	424
LP6008031-DNA_E03_vs_LP6008032-DNA_A04__pv	5816	5382	6157	11249	0	1206	4568	51929	2093	4301	1457	807
LP6008031-DNA_F01_vs_LP6008032-DNA_F01__pv	2689	2177	1042	1700	1393	1445	1398	529	2594	1280	844	338
LP6008031-DNA_F02_vs_LP6008032-DNA_H02__pv	1781	1432	364	875	394	1003	2117	0	360	632	259	211
LP6008031-DNA_F03_vs_LP6008032-DNA_H01__pv	8833	8147	2110	3714	3712	2938	2659	686	2171	3127	1873	929
LP6008031-DNA_G01_vs_LP6008032-DNA_G01__pv	3878	3802	334	1269	2040	1059	2484	422	1268	2594	615	556
LP6008031-DNA_G02_vs_LP6008032-DNA_A03__pv	1464	785	1266	1359	2925	1907	321	795	1817	1887	1071	862
LP6008031-DNA_G03_vs_LP6008032-DNA_A02__pv	6479	1206	1820	125	8450	554	2836	648	3034	8340	3202	1746
LP6008031-DNA_H01_vs_LP6008032-DNA_B02__pv	3788	3464	716	3180	1034	2038	1343	1146	1539	3540	781	425
LP6008031-DNA_H02_vs_LP6008032-DNA_B03__pv	417	1488	3538	8335	0	1559	469	26311	2574	4088	1525	529
LP6008031-DNA_H03_vs_LP6008032-DNA_C03__pv	9360	19261	4174	10670	403	3461	4951	23945	1184	0	0	83
LP6008051-DNA_A01_vs_LP6008050-DNA_C02__pv	124	0	787	1253	209	1543	30	0	1320	1093	736	1454
LP6008051-DNA_A02_vs_LP6008050-DNA_E01__pv	2046	1465	772	1384	1030	1714	1016	608	1203	1511	848	223
LP6008051-DNA_A03_vs_LP6008050-DNA_G02__pv	4829	27072	1360	722	5456	399	3940	1691	1583	4135	471	1524
LP6008051-DNA_B01_vs_LP6008138-DNA_B03__pv	3772	5232	523	760	916	2498	5299	612	698	1523	889	180
LP6008051-DNA_B02_vs_LP6008050-DNA_F01__pv	3676	2746	778	3790	356	2013	1730	682	3855	1743	923	1575
LP6008051-DNA_B03_vs_LP6008050-DNA_G02__pv	4516	26122	1213	797	5569	322	3596	1280	1292	4089	312	1390
LP6008051-DNA_C01_vs_LP6008050-DNA_E02__pv	4269	3712	577	2559	1201	2033	2683	760	1934	2728	555	720
LP6008051-DNA_C02_vs_LP6008050-DNA_G01__pv	1860	4746	1853	968	3058	838	520	377	682	3410	1138	786
LP6008051-DNA_C03_vs_LP6008050-DNA_G02__pv	4787	26985	1485	830	6152	356	4071	1846	1537	5293	270	1492
LP6008051-DNA_D01_vs_LP6008050-DNA_F02__pv	4349	3034	1288	3314	2445	1841	1512	899	3897	3658	1101	523
LP6008051-DNA_D03_vs_LP6008050-DNA_G02__pv	4077	26326	528	1001	4341	907	3782	1391	1998	3485	796	1469
LP6008051-DNA_E01_vs_LP6008050-DNA_A01__pv	2711	2013	2048	1629	3190	1848	1266	476	1342	2805	1080	0
LP6008051-DNA_E02_vs_LP6008050-DNA_A02__pv	1546	1528	442	1747	0	771	369	565	2501	2193	11825	172
LP6008051-DNA_E03_vs_LP6008050-DNA_G02__pv	4651	26246	1081	896	4452	689	3761	1436	1460	3737	574	1285
LP6008051-DNA_F01_vs_LP6008050-DNA_B01__pv	4308	2137	1259	2697	1796	2495	860	320	2097	1962	593	250
LP6008051-DNA_F02_vs_LP6008050-DNA_B02__pv	1581	585	2501	1638	8867	1293	869	1029	2544	2290	3199	2159
LP6008051-DNA_F03_vs_LP6008050-DNA_G02__pv	4609	26083	991	1040	4263	591	3796	1379	1277	3779	461	1336
LP6008051-DNA_G01_vs_LP6008050-DNA_C01__pv	882	2659	875	629	1890	1077	1158	931	720	2074	460	3433
LP6008051-DNA_G02_vs_LP6008050-DNA_B02__pv	319	69	390	1088	361	528	145	197	993	511	327	244
LP6008051-DNA_G03_vs_LP6008050-DNA_G02__pv	4810	26344	1044	769	5088	671	3902	1923	1512	4734	370	1315
LP6008051-DNA_H03_vs_LP6008050-DNA_G02__pv	4642	26111	1078	867	4712	500	3716	1402	1316	3742	555	1376
LP6008139-DNA_A01_vs_LP6008140-DNA_A01__pv	4923	7253	1109	1239	2889	1333	2568	920	1952	1705	2571	344
LP6008139-DNA_A02_vs_LP6008140-DNA_A01__pv	4769	6358	1025	950	2094	1221	2226	803	1729	1672	2324	338
LP6008139-DNA_A03_vs_LP2000102-DNA_A01__pv	3400	3712	1200	763	2167	174	2057	1001	4463	181	2845	4149
LP6008139-DNA_B01_vs_LP6008140-DNA_A01__pv	5134	7338	1416	1258	2618	1321	2130	910	2057	1434	3303	375
LP6008139-DNA_B02_vs_LP6008140-DNA_A01__pv	4121	4905	685	695	1746	837	1803	743	1149	1491	1265	279
LP6008139-DNA_B03_vs_LP6005408-DNA_H03__pv	5930	7401	1093	1352	2168	1703	5776	1246	963	2408	1392	285
LP6008139-DNA_C01_vs_LP6008140-DNA_A01__pv	4741	5809	1020	1212	2700	1303	2191	705	1799	1805	1350	227
LP6008139-DNA_C02_vs_LP6008140-DNA_A01__pv	3501	11512	1439	1017	2599	959	2514	1428	1566	1645	2663	438
LP6008139-DNA_C03_vs_LP6005408-DNA_H03__pv	5929	7372	1087	1376	2338	1779	5700	1223	880	2340	918	241
LP6008139-DNA_D01_vs_LP6008140-DNA_A01__pv	4775	5051	1267	1343	2675	1469	1844	749	1859	1722	1305	212
LP6008139-DNA_D02_vs_LP6008140-DNA_A01__pv	4468	7164	1016	1060	2608	1133	2338	1192	1658	1781	2039	304
LP6008139-DNA_D03_vs_LP6008140-DNA_A01__pv	6198	4249	363	1001	779	851	2933	364	1166	934	180	238
LP6008139-DNA_E01_vs_LP6008140-DNA_A01__pv	3618	11144	1410	960	3038	913	2680	1790	1694	1602	2236	502
LP6008139-DNA_E02_vs_LP6008140-DNA_A01__pv	5137	7006	1038	1253	2467	1411	2341	1140	1882	1591	2951	377
LP6008139-DNA_F01_vs_LP6008140-DNA_A01__pv	5006	7471	1182	1192	2877	1385	2574	1282	1784	1746	2555	350
LP6008139-DNA_F02_vs_LP6008140-DNA_A01__pv	5275	4996	1224	1408	2752	1544	2166	701	2208	1565	966	223
LP6008139-DNA_G01_vs_LP6008140-DNA_A01__pv	5135	6891	1184	1250	2727	1480	2640	1176	2058	1823	3092	412
LP6008139-DNA_G02_vs_LP6008140-DNA_A01__pv	3443	2605	117	209	167	233	1714	143	263	421	0	27
LP6008139-DNA_H01_vs_LP6008140-DNA_A01__pv	5162	6075	985	1099	2469	1374	2414	1125	1876	1784	2264	341
LP6008139-DNA_H02_vs_LP2000102-DNA_A01__pv	3402	3683	1281	842	2295	126	2030	1026	4581	65	2998	4190
LP6008141-DNA_A01_vs_LP6008138-DNA_A01__pv	7675	1695	1091	5019	1791	2326	1552	539	3715	1709	755	858
LP6008141-DNA_A02_vs_LP6008138-DNA_A02__pv	52699	13038	2292	1243	2722	1110	0	399	4483	5242	1521	385
LP6008141-DNA_A03_vs_LP6008138-DNA_F01__pv	3672	3284	438	704	520	493	1400	259	448	559	188	201
LP6008141-DNA_B01_vs_LP6008138-DNA_B01__pv	3247	5075	1039	2208	126	3602	2396	222	1639	1813	314	1272
LP6008141-DNA_B02_vs_LP6008138-DNA_B02__pv	3288	825	896	2072	1393	4014	1239	580	3144	429	714	0
LP6008141-DNA_B03_vs_LP6008138-DNA_H01__pv	2870	2585	827	2164	541	805	1093	178	1729	1450	510	50
LP6008141-DNA_C01_vs_LP6008138-DNA_C01__pv	3129	2401	733	2038	835	1732	1260	865	3225	1477	181	980
LP6008141-DNA_C02_vs_LP6008138-DNA_C02__pv	14490	20945	1562	2717	2595	2416	5454	1372	3076	2322	1462	53
LP6008141-DNA_C03_vs_LP6008032-DNA_A03__pv	1413	762	1180	1380	2767	1819	328	807	1788	1868	1021	876
LP6008141-DNA_D01_vs_LP6008138-DNA_D01__pv	1270	2990	1104	936	10313	0	522	1282	2449	1941	1544	9206
LP6008141-DNA_D02_vs_LP6008138-DNA_D02__pv	8527	32810	0	294	7577	161	5969	1561	0	5560	267	6147
LP6008141-DNA_E01_vs_LP6008138-DNA_E01__pv	2982	3352	1131	2102	4094	797	1382	712	1811	4229	374	1177
LP6008141-DNA_E02_vs_LP6008138-DNA_E02__pv	5172	5393	1401	1706	3493	2074	3395	738	1406	337	981	1327
LP6008141-DNA_F01_vs_LP6008138-DNA_F01__pv	2799	1936	1247	569	2457	1546	1689	530	700	1160	1384	642
LP6008141-DNA_F02_vs_LP6008138-DNA_F02__pv	13333	21178	821	740	1887	2229	7677	798	1949	2687	1430	802
LP6008141-DNA_G01_vs_LP6008138-DNA_G01__pv	767	477	912	2133	490	2925	190	581	1230	1116	707	637
LP6008141-DNA_G02_vs_LP6008138-DNA_G02__pv	7340	7362	38	1780	876	1752	4274	793	2427	2538	619	858
LP6008141-DNA_H01_vs_LP6008138-DNA_H01__pv	697	391	1397	708	3368	1101	653	483	1042	2205	1416	442
LP6008141-DNA_H02_vs_LP6008138-DNA_H02__pv	1798	747	498	1566	731	2655	515	743	5239	1067	1229	759
LP6008143-DNA_A01_vs_LP6008144-DNA_A01__pv	4044	5261	1090	3615	2430	2120	4881	619	3305	1240	1558	57
LP6008143-DNA_A02_vs_LP6008144-DNA_A01__pv	2480	3049	1001	3359	1878	1687	2277	494	3042	947	1154	115
LP6008143-DNA_B01_vs_LP6008144-DNA_A01__pv	3769	4875	1080	3397	2355	1965	4459	647	3253	1063	1538	66
LP6008143-DNA_B02_vs_LP6008144-DNA_A01__pv	1656	1657	359	876	633	529	1828	71	1105	542	240	0
LP6008143-DNA_C01_vs_LP6008144-DNA_A01__pv	7647	5774	1214	3630	2928	2185	7392	733	3444	1338	1782	7
LP6008143-DNA_C02_vs_LP6008144-DNA_A01__pv	14255	6570	1752	3299	2636	1563	11864	950	3369	1240	2162	135
LP6008143-DNA_D01_vs_LP6008144-DNA_A01__pv	6314	6521	951	3449	2593	2082	7261	687	3336	1279	1996	0
LP6008143-DNA_D02_vs_LP6008144-DNA_A01__pv	6255	5419	1167	3465	2616	2066	6672	746	3363	1136	2041	31
LP6008143-DNA_E01_vs_LP6008144-DNA_A01__pv	6061	5135	1082	3431	2526	1993	6471	627	3275	1295	1693	24
LP6008143-DNA_E02_vs_LP6008144-DNA_A01__pv	6112	5202	996	3286	2572	1991	6470	685	3244	1354	1748	8
LP6008143-DNA_F01_vs_LP6008144-DNA_A01__pv	139	244	60	118	22	38	170	0	167	95	106	17
LP6008143-DNA_F02_vs_LP6008144-DNA_A01__pv	7187	5996	1253	3518	2973	2252	7291	721	3401	1235	2078	0
LP6008143-DNA_G01_vs_LP6008144-DNA_A01__pv	4777	4557	989	3500	2443	1925	5262	631	3253	1200	1388	90
LP6008143-DNA_G02_vs_LP6008144-DNA_A01__pv	6235	5344	1147	3443	2541	2050	6580	690	3341	1295	1832	0
LP6008143-DNA_H01_vs_LP6008144-DNA_A01__pv	5425	4524	1109	2837	2298	1814	5754	430	2917	1148	1507	1
LP6008143-DNA_H02_vs_LP6008144-DNA_A01__pv	8211	6287	1183	3366	2681	1971	7930	664	3273	1282	2036	4
LP6008202-DNA_A01_vs_LP6008201-DNA_A01__pv	2538	1692	104882	13761	28511	26175	2125	4130	3548	6155	6516	3114
LP6008202-DNA_A02_vs_LP6008201-DNA_A02__pv	12165	18076	2125	1415	286	1537	7059	423	353	745	321	2340
LP6008202-DNA_A03_vs_LP6008201-DNA_A03__pv	142	41	511	154	2349	0	54	32	843	11	182	1421
LP6008202-DNA_B01_vs_LP6008201-DNA_B01__pv	7005	10629	621	1068	4377	1974	4876	1125	2809	2589	1002	1986
LP6008202-DNA_B02_vs_LP6008201-DNA_B02__pv	2564	2365	927	3378	708	1856	2358	1352	3514	1686	4408	553
LP6008202-DNA_B03_vs_LP6008201-DNA_B03__pv	0	3614	9	91	199	147	335	0	24	247	0	83
LP6008202-DNA_C01_vs_LP6008201-DNA_C01__pv	4992	5200	19737	3822	7424	6409	923	1201	3138	4130	2096	1860
LP6008202-DNA_C02_vs_LP6008201-DNA_C02__pv	1175	637	481	1152	345	1132	706	931	1337	1725	252	634
LP6008202-DNA_C03_vs_LP6008201-DNA_C03__pv	3303	2961	453	1987	1336	1508	1641	824	1448	1669	2536	154
LP6008202-DNA_D01_vs_LP6008201-DNA_D01__pv	16	296	45170	5667	11891	10429	543	1253	1590	3249	1648	1378
LP6008202-DNA_D02_vs_LP6008201-DNA_D02__pv	1037	1100	958	2581	2370	1405	261	520	2455	2176	1214	1090
LP6008202-DNA_D03_vs_LP6008201-DNA_D03__pv	4576	2871	215	495	568	1317	2759	667	1269	1039	760	2936
LP6008202-DNA_E01_vs_LP6008201-DNA_E01__pv	4806	6771	455	1666	497	578	1760	3626	2483	2464	19855	1893
LP6008202-DNA_E02_vs_LP6008201-DNA_E02__pv	2109	1352	2491	1675	763	2103	855	320	1389	1059	513	221
LP6008202-DNA_E03_vs_LP6008201-DNA_D01__pv	169	167	35588	4091	10971	9213	736	1026	2148	2933	1318	1316
LP6008202-DNA_F02_vs_LP6008201-DNA_F02__pv	1897	891	1330	2080	1403	2802	1029	508	1703	751	595	269
LP6008202-DNA_G01_vs_LP6008201-DNA_G01__pv	385	479	5267	1731	1621	2093	478	1803	3862	1446	556	405
LP6008202-DNA_G02_vs_LP6008201-DNA_G02__pv	7860	4924	1598	630	2577	1355	3821	523	1166	1345	1402	1031
LP6008202-DNA_H01_vs_LP6008201-DNA_H01__pv	4194	6293	13096	3063	4365	5054	5077	660	1585	2136	684	714
LP6008202-DNA_H02_vs_LP6008201-DNA_H02__pv	4217	1875	891	1257	1016	1994	2088	675	1013	2571	634	1386
LP6008208-DNA_A01_vs_LP6008203-DNA_A01__pv	0	32	693	1140	615	614	5	241	848	952	472	361
LP6008208-DNA_A02_vs_LP6005979-DNA_A01__pv	19667	14337	519	1990	1509	1987	9564	1079	1883	2745	1389	1148
LP6008208-DNA_B01_vs_LP6008203-DNA_A01__pv	4	7	114	78	42	33	0	0	50	90	52	88
LP6008208-DNA_B02_vs_LP6005979-DNA_A01__pv	0	1	47	1	11	0	0	5	0	30	0	0
LP6008208-DNA_C01_vs_LP6008203-DNA_A01__pv	11	24	604	1289	659	700	6	515	1390	1096	452	403
LP6008208-DNA_C02_vs_LP6005979-DNA_A01__pv	4677	5077	121	3084	0	4547	1832	1845	2159	1856	3062	827
LP6008208-DNA_D01_vs_LP6008203-DNA_A01__pv	0	34	646	1288	564	650	26	343	760	1202	324	305
LP6008208-DNA_E01_vs_LP6008203-DNA_A01__pv	0	30	632	1316	500	658	4	364	760	1129	338	313
LP6008208-DNA_F01_vs_LP6008203-DNA_A01__pv	0	26	632	1279	684	645	29	361	702	1165	322	339
LP6008208-DNA_G01_vs_LP6008203-DNA_A01__pv	0	45	589	1126	495	573	22	299	558	1062	323	355
LP6008208-DNA_H01_vs_LP6005979-DNA_A01__pv	4541	4997	177	3014	62	4444	1752	1867	2173	1600	2929	707
LP6008221-DNA_A01_vs_LP6008220-DNA_A01__pv	14980	9599	487	1522	0	1413	4301	458	1270	1309	401	789
LP6008221-DNA_A02_vs_LP6008220-DNA_A02__pv	219	515	1895	2129	2647	744	977	1125	5378	2482	1714	390
LP6008221-DNA_A03_vs_LP6008220-DNA_A03__pv	1356	666	1095	3160	1242	1769	216	325	3444	1820	817	515
LP6008221-DNA_A04_vs_LP6008050-DNA_H01__pv	2965	3073	1634	1097	5871	1340	1543	768	1268	3096	3319	259
LP6008221-DNA_B01_vs_LP6008220-DNA_B01__pv	0	92	403	262	332	139	68	57	340	226	127	215
LP6008221-DNA_B02_vs_LP6008220-DNA_B02__pv	1059	2793	1135	660	2062	1354	1148	223	933	1570	501	1096
LP6008221-DNA_B03_vs_LP6008220-DNA_B03__pv	5481	2973	1223	2032	1539	3233	1217	469	1611	747	1381	191
LP6008221-DNA_C01_vs_LP6008220-DNA_C01__pv	8771	9243	639	2336	3268	1039	3820	1481	1543	4100	0	2530
LP6008221-DNA_C02_vs_LP6008220-DNA_C02__pv	207	136	709	1457	826	674	14	158	767	503	826	291
LP6008221-DNA_C03_vs_LP6008220-DNA_C03__pv	1379	1156	636	1295	1903	1426	786	334	1618	1659	1266	750
LP6008221-DNA_D01_vs_LP6008220-DNA_D01__pv	5591	4796	2503	3403	4807	5420	3352	560	2920	871	1147	1222
LP6008221-DNA_D02_vs_LP6008220-DNA_D02__pv	5583	3800	905	1221	2119	479	1470	624	1889	1374	294	2987
LP6008221-DNA_D03_vs_LP6008220-DNA_D03__pv	6567	15068	1929	1356	2028	2297	3640	821	234	4134	853	699
LP6008221-DNA_E01_vs_LP6008220-DNA_E01__pv	14508	5789	605	632	1195	1700	11053	807	1038	1387	882	0
LP6008221-DNA_E02_vs_LP6008220-DNA_E02__pv	13761	9139	908	1158	1404	1135	5798	489	1181	2087	142	554
LP6008221-DNA_E03_vs_LP6008220-DNA_E03__pv	11585	11122	2040	2086	2713	4055	4150	966	1838	1973	743	196
LP6008221-DNA_F01_vs_LP6008220-DNA_F01__pv	2234	874	1342	686	2270	1737	1494	545	1227	1641	1396	232
LP6008221-DNA_F02_vs_LP6008220-DNA_F02__pv	3082	207	8016	0	0	1138	642	33635	198	8068	1294	2523
LP6008221-DNA_F03_vs_LP6008220-DNA_F03__pv	7051	7355	1398	1867	2691	2527	4651	2499	2510	4838	994	0
LP6008221-DNA_G01_vs_LP6008220-DNA_G01__pv	51	24	1190	770	1472	1432	68	190	500	1696	961	575
LP6008221-DNA_G02_vs_LP6008220-DNA_G02__pv	3099	1949	659	1728	1978	1901	994	838	4166	1738	837	423
LP6008221-DNA_G03_vs_LP6008220-DNA_H02__pv	451	589	436	630	397	383	251	52	469	439	239	264
LP6008221-DNA_H01_vs_LP6008220-DNA_H01__pv	1178	1548	487	2986	0	3626	1059	608	1092	1225	354	3109
LP6008221-DNA_H02_vs_LP6008220-DNA_H02__pv	1330	1371	1936	1270	5754	1265	345	475	2262	2556	2455	1071
LP6008221-DNA_H03_vs_LP6008220-DNA_D03__pv	1138	1065	356	568	429	304	278	57	578	436	59	122
LP6008267-DNA_A01_vs_LP6008266-DNA_A01__pv	18177	12142	683	2728	1298	1979	9446	408	2503	1605	593	565
LP6008267-DNA_A02_vs_LP6008266-DNA_G01__pv	883	830	1264	1791	1207	981	208	307	2320	1104	876	381
LP6008267-DNA_B01_vs_LP6008266-DNA_B01__pv	23639	30069	1927	1824	1862	1136	7928	673	849	4005	518	1251
LP6008267-DNA_B02_vs_LP6008266-DNA_H01__pv	7185	4975	872	2080	3056	1152	3140	1229	2120	5382	1269	887
LP6008267-DNA_C01_vs_LP6008266-DNA_C01__pv	9465	2711	1127	2317	1763	4284	2754	1022	2598	1260	917	196
LP6008267-DNA_C02_vs_LP6008266-DNA_H01__pv	1113	429	951	2016	786	761	99	108	1231	979	524	298
LP6008267-DNA_D01_vs_LP6008201-DNA_F01__pv	1408	804	1104	763	1583	1140	625	671	955	2121	907	750
LP6008267-DNA_D02_vs_LP6008266-DNA_A02__pv	1378	673	1160	797	4725	15602	141	3378	2297	0	1227	182
LP6008267-DNA_E01_vs_LP6008266-DNA_D01__pv	3803	2624	473	2018	1480	1322	1649	1178	2444	2686	473	725
LP6008267-DNA_E02_vs_LP6008266-DNA_A02__pv	2319	1113	498	1176	3054	1731	289	1555	2557	3796	1258	432
LP6008267-DNA_F01_vs_LP6008266-DNA_E01__pv	9790	8757	1218	1544	1809	1330	3581	459	1241	3498	824	800
LP6008267-DNA_G01_vs_LP6008266-DNA_F01__pv	372	1001	233	511	1411	0	0	2367	1201	918	5177	6548
LP6008267-DNA_H01_vs_LP6008266-DNA_G01__pv	565	851	807	2777	1561	1901	616	1337	2236	1836	1519	1000
LP6008269-DNA_A02_vs_LP6008268-DNA_C02__pv	130	172	844	957	475	605	54	115	780	367	403	188
LP6008269-DNA_A03_vs_LP6008268-DNA_C03__pv	60803	57773	0	165	0	668	22029	0	280	0	0	1168
LP6008269-DNA_A04_vs_LP6008268-DNA_C04__pv	1137	935	818	1093	401	619	226	142	866	602	403	211
LP6008269-DNA_A05_vs_LP6008268-DNA_C05__pv	2007	1735	1175	3468	443	2210	327	243	3175	444	801	656
LP6008269-DNA_A06_vs_LP6008268-DNA_B06__pv	136	238	507	1586	1007	880	388	492	1121	1691	273	471
LP6008269-DNA_A08_vs_LP6008268-DNA_A08__pv	5924	3441	1222	1864	417	2783	1798	656	2556	1452	808	554
LP6008269-DNA_A09_vs_LP6008268-DNA_A09__pv	1658	1290	1077	2258	888	1554	617	347	2628	1664	610	542
LP6008269-DNA_A10_vs_LP6008268-DNA_A10__pv	747	1078	1467	2361	1778	1206	365	407	2364	1190	2868	681
LP6008269-DNA_B02_vs_LP6008268-DNA_D02__pv	1205	778	705	2014	590	1119	411	447	1360	1293	534	239
LP6008269-DNA_B03_vs_LP6008268-DNA_D03__pv	350	723	782	1028	606	398	498	0	525	1049	153	123
LP6008269-DNA_B05_vs_LP6008268-DNA_D05__pv	7676	3537	1241	1368	1303	2068	3538	740	2564	1688	531	527
LP6008269-DNA_B06_vs_LP6008268-DNA_C06__pv	14209	7919	614	2757	726	4017	8446	2016	2758	2565	558	496
LP6008269-DNA_B07_vs_LP6008268-DNA_B07__pv	30	79	1772	973	1318	1192	0	46	819	1086	960	252
LP6008269-DNA_B08_vs_LP6008268-DNA_B08__pv	4477	1773	754	788	645	555	1081	273	842	778	774	345
LP6008269-DNA_B09_vs_LP6008268-DNA_B09__pv	956	340	1421	3110	1357	1765	649	201	2827	1112	627	520
LP6008269-DNA_B10_vs_LP6008268-DNA_B10__pv	1857	2748	36	1439	1624	2769	1888	3589	4450	4894	1434	788
LP6008269-DNA_C04_vs_LP6008268-DNA_E04__pv	1762	296	575316	105555	148185	145489	10744	34629	10849	0	34188	10181
LP6008269-DNA_C05_vs_LP6008268-DNA_E05__pv	9234	7609	0	2163	1079	762	1987	1306	1950	2954	984	520
LP6008269-DNA_C06_vs_LP6008268-DNA_D06__pv	720	805	2404	991	3945	1394	727	207	1635	1495	4874	104
LP6008269-DNA_C07_vs_LP6008268-DNA_C07__pv	2014	888	1407	3188	1196	3770	1023	226	2461	1107	1264	897
LP6008269-DNA_C08_vs_LP6008268-DNA_C08__pv	5338	8484	920	1658	3049	2423	3842	1477	4030	3006	851	383
LP6008269-DNA_C09_vs_LP6008268-DNA_C09__pv	7294	9055	257	598	1600	818	4092	278	698	1847	278	827
LP6008269-DNA_C10_vs_LP6008268-DNA_C10__pv	2172	2258	908	2522	530	995	436	111	885	1040	520	160
LP6008269-DNA_D02_vs_LP6008268-DNA_F02__pv	1993	1881	1463	2132	1499	2353	652	997	1815	2509	869	1023
LP6008269-DNA_D03_vs_LP6008268-DNA_F03__pv	3513	1792	1936	4497	1059	1629	937	0	2475	586	928	493
LP6008269-DNA_D04_vs_LP6008268-DNA_F04__pv	504	257	590	1215	62	468	195	30	892	703	271	191
LP6008269-DNA_D05_vs_LP6008268-DNA_F05__pv	0	2851	0	10570	2435	3427	2216	37440	1775	927	0	6
LP6008269-DNA_D06_vs_LP6008268-DNA_E06__pv	1744	1756	979	1661	1040	974	297	524	1655	1735	911	384
LP6008269-DNA_D07_vs_LP6008268-DNA_D07__pv	4577	5221	628	2386	1445	1682	2153	836	3306	2182	714	481
LP6008269-DNA_D08_vs_LP6008268-DNA_D08__pv	46048	46396	1226	1060	2027	678	8146	973	1541	532	1556	1152
LP6008269-DNA_D09_vs_LP6008268-DNA_D09__pv	0	1118	574175	106329	149299	143952	11384	38440	12137	0	35817	11286
LP6008269-DNA_D10_vs_LP6008268-DNA_D10__pv	2658	3469	812	2103	4444	2115	988	2095	3056	3339	934	722
LP6008269-DNA_E01_vs_LP6008268-DNA_E01__pv	1787	902	683	1558	1187	1387	679	1279	2640	2059	635	276
LP6008269-DNA_E02_vs_LP6008268-DNA_G02__pv	4720	5739	285	1833	199	1359	1130	747	942	2224	1491	1641
LP6008269-DNA_E03_vs_LP6008268-DNA_G03__pv	545	1383	748	2322	1425	1113	95	252	1633	1836	404	282
LP6008269-DNA_E04_vs_LP6008268-DNA_G04__pv	16638	12007	1117	1839	666	1261	6844	702	3568	2075	74	799
LP6008269-DNA_E06_vs_LP6008268-DNA_F06__pv	97	208	1128	781	511	1115	224	407	592	1490	633	177
LP6008269-DNA_E07_vs_LP6008268-DNA_E07__pv	7039	1390	11516	16619	2306	2345	3511	42171	5187	6357	2071	673
LP6008269-DNA_E08_vs_LP6008268-DNA_E08__pv	2520	3068	882	963	2369	1141	983	1130	1311	1830	743	893
LP6008269-DNA_E09_vs_LP6008268-DNA_E09__pv	245	169	591	1007	878	773	136	249	386	1092	443	286
LP6008269-DNA_E10_vs_LP6008268-DNA_E10__pv	5757	3378	1293	1613	3208	2749	1889	592	2443	2091	1366	603
LP6008269-DNA_F01_vs_LP6008268-DNA_H01__pv	541	300	668	687	368	390	183	55	423	383	196	90
LP6008269-DNA_F02_vs_LP6008268-DNA_H02__pv	2600	1392	1025	1131	1557	1893	845	625	1530	2189	1109	578
LP6008269-DNA_F03_vs_LP6008268-DNA_H03__pv	3602	0	925	1505	0	3450	726	1431	2898	2578	620	1160
LP6008269-DNA_F04_vs_LP6008268-DNA_H04__pv	898	724	996	2030	994	1010	80	110	2248	798	353	759
LP6008269-DNA_F06_vs_LP6008268-DNA_G06__pv	1315	770	1373	1554	1590	926	360	186	1408	1068	819	381
LP6008269-DNA_F07_vs_LP6008268-DNA_F07__pv	6	130	620	1630	420	101	46	77	28	501	641	288
LP6008269-DNA_F08_vs_LP6008268-DNA_F08__pv	9059	2291	1080	877	2430	1486	2856	297	1348	1536	1724	944
LP6008269-DNA_F09_vs_LP6008268-DNA_F09__pv	1057	910	843	2165	1252	1183	495	814	1271	2395	1161	480
LP6008269-DNA_G01_vs_LP6008268-DNA_A02__pv	2390	6923	811	542	763	356	1844	21	320	385	493	157
LP6008269-DNA_G02_vs_LP6008268-DNA_A03__pv	1854	935	1133	1676	1016	2418	664	285	1315	1013	547	509
LP6008269-DNA_G03_vs_LP6008268-DNA_A04__pv	11786	16028	661	1674	1445	934	7413	751	2004	1207	609	743
LP6008269-DNA_G04_vs_LP6008268-DNA_A05__pv	639	675	634	1923	344	735	400	391	528	1194	442	245
LP6008269-DNA_G06_vs_LP6008268-DNA_H06__pv	10329	15124	684	3145	1466	1546	4526	27	1400	1947	1677	1330
LP6008269-DNA_G07_vs_LP6008268-DNA_G07__pv	6733	7461	467	821	568	608	967	524	549	913	270	303
LP6008269-DNA_G08_vs_LP6008268-DNA_G08__pv	2454	2531	1066	1686	1328	1184	1545	739	1111	1804	1502	513
LP6008269-DNA_G09_vs_LP6008268-DNA_G09__pv	0	4	42	20	11	3	0	14	7	0	0	0
LP6008269-DNA_H01_vs_LP6008268-DNA_B02__pv	49	40	458	346	72	164	0	0	55	87	192	41
LP6008269-DNA_H02_vs_LP6008268-DNA_B03__pv	11362	10500	439	2291	564	2388	8937	477	1124	1591	845	318
LP6008269-DNA_H03_vs_LP6008268-DNA_B04__pv	878	2190	544	2318	1237	530	233	305	852	1816	488	1121
LP6008269-DNA_H05_vs_LP6008268-DNA_A06__pv	2900	1890	1932	3078	1708	3284	2524	738	2853	3571	1518	1679
LP6008269-DNA_H06_vs_LP6008268-DNA_A07__pv	5940	2168	1020	1610	1353	2040	1998	1158	1933	3728	782	716
LP6008269-DNA_H07_vs_LP6008268-DNA_H07__pv	3160	9494	104	1035	150	1265	2048	523	1092	2749	0	461
LP6008269-DNA_H08_vs_LP6008268-DNA_H08__pv	1317	1117	0	1009	7904	1717	1156	312	1403	7155	1116	2271
LP6008269-DNA_H09_vs_LP6008268-DNA_H09__pv	5623	17034	351	374	538	2885	23733	126	45	3016	1293	1592
LP6008280-DNA_A01_vs_LP6008264-DNA_A01__pv	2114	2164	935	1736	1136	1879	829	830	2601	1661	593	630
LP6008280-DNA_A02_vs_LP6008264-DNA_A02__pv	3529	1835	665	683	1968	859	1787	468	1351	560	495	225
LP6008280-DNA_A03_vs_LP6008264-DNA_A03__pv	1092	767	1175	4948	896	3331	434	610	2197	751	1472	598
LP6008280-DNA_A04_vs_LP6008264-DNA_H03__pv	1367	4459	784	426	3408	50	1365	386	414	2877	231	1199
LP6008280-DNA_A05_vs_LP6008264-DNA_H04__pv	1816	526	645	713	436	431	202	84	764	634	337	93
LP6008280-DNA_A07_vs_LP6008264-DNA_H06__pv	2240	1047	619	807	422	487	718	359	583	623	158	207
LP6008280-DNA_B01_vs_LP6008264-DNA_B01__pv	192	1770	2611	7754	0	244	1324	27262	3456	0	3831	1407
LP6008280-DNA_B02_vs_LP6008264-DNA_B02__pv	87	8	864	2117	109	974	59	523	959	1019	697	230
LP6008280-DNA_B03_vs_LP6008264-DNA_B03__pv	431	186	546	1929	685	1182	253	409	1604	851	760	2751
LP6008280-DNA_B04_vs_LP6008264-DNA_A04__pv	15	0	85	5	16	2	13	27	5	0	0	7
LP6008280-DNA_B05_vs_LP6008264-DNA_A05__pv	5809	4973	2161	2430	2106	1593	2176	864	5473	2064	517	508
LP6008280-DNA_C01_vs_LP6008264-DNA_C01__pv	20889	9461	1313	2396	2251	2604	3351	816	1662	1299	1938	581
LP6008280-DNA_C02_vs_LP6008264-DNA_C02__pv	8659	8933	1243	1655	1676	1581	3341	745	862	2450	243	2607
LP6008280-DNA_C03_vs_LP6008264-DNA_C03__pv	1758	1627	723	2121	2067	357	429	1677	6602	252	2727	13920
LP6008280-DNA_C04_vs_LP6008264-DNA_B04__pv	1	0	107	13	12	16	24	49	0	0	0	7
LP6008280-DNA_C05_vs_LP6008264-DNA_B05__pv	1323	991	1333	2075	952	808	613	419	1063	1064	644	317
LP6008280-DNA_C06_vs_LP6008264-DNA_B06__pv	3437	4307	632	886	425	436	2233	160	713	723	138	162
LP6008280-DNA_D02_vs_LP6008264-DNA_D02__pv	5654	3071	1406	584	1724	2288	2830	855	1147	1275	853	642
LP6008280-DNA_D03_vs_LP6008264-DNA_H01__pv	0	5	134	90	10	37	0	14	6	61	21	6
LP6008280-DNA_D05_vs_LP6008264-DNA_E04__pv	2341	2328	1066	1251	527	607	881	230	644	557	309	454
LP6008280-DNA_E01_vs_LP6008264-DNA_E01__pv	10296	0	1336	1883	1594	2824	2090	531	2447	1513	1309	311
LP6008280-DNA_E02_vs_LP6008264-DNA_E02__pv	7803	9862	1839	1997	3065	2513	4956	715	2054	788	804	1684
LP6008280-DNA_E03_vs_LP6008264-DNA_D03__pv	3969	3340	387	657	615	1010	1383	263	754	892	379	180
LP6008280-DNA_E04_vs_LP6008264-DNA_D04__pv	7471	3553	1607	4392	1126	1291	1602	415	4469	1412	469	578
LP6008280-DNA_E05_vs_LP6008264-DNA_D05__pv	2167	5611	659	654	305	150	1281	0	157	503	524	230
LP6008280-DNA_F01_vs_LP6008264-DNA_F01__pv	9647	4462	2820	1550	5127	4158	4031	1072	2841	3909	2015	486
LP6008280-DNA_F02_vs_LP6008264-DNA_F02__pv	3520	3371	1356	3898	2048	1898	983	1222	2178	3189	730	147
LP6008280-DNA_F03_vs_LP6008264-DNA_E03__pv	17162	22109	933	1321	878	2062	7211	705	1217	1639	388	787
LP6008280-DNA_F05_vs_LP6008264-DNA_E05__pv	1800	2362	544	1181	945	1336	809	603	1280	838	312	184
LP6008280-DNA_F06_vs_LP6008264-DNA_E06__pv	3112	2080	952	2821	784	858	1536	392	1649	980	229	163
LP6008280-DNA_G01_vs_LP6008264-DNA_G01__pv	278	546	371	46	125	14	118	143	56	0	46	60
LP6008280-DNA_G02_vs_LP6008264-DNA_G02__pv	242	218	617	1156	780	742	349	847	1395	1717	454	513
LP6008280-DNA_G03_vs_LP6008264-DNA_F03__pv	640	438	705	1689	1030	1855	256	728	1307	776	528	10
LP6008280-DNA_G04_vs_LP6008264-DNA_F04__pv	1195	801	918	1313	0	1939	413	492	947	766	402	767
LP6008280-DNA_G05_vs_LP6008264-DNA_F05__pv	2832	2351	1019	2695	901	1313	617	511	2137	1798	164	385
LP6008280-DNA_G06_vs_LP6008264-DNA_F06__pv	54	29	498	570	278	345	33	0	353	368	184	78
LP6008280-DNA_H01_vs_LP6008264-DNA_H01__pv	1344	1000	760	2335	1430	1454	629	995	2248	1500	1192	302
LP6008280-DNA_H02_vs_LP6008264-DNA_H02__pv	9654	9534	0	820	3800	1365	5210	1125	1640	7460	210	1712
LP6008280-DNA_H04_vs_LP6008264-DNA_G04__pv	5804	2530	1233	3202	940	1783	1619	757	1875	1213	742	402
LP6008280-DNA_H05_vs_LP6008264-DNA_G05__pv	3197	708	976	1165	696	763	1107	429	1129	511	416	221
LP6008280-DNA_H06_vs_LP6008264-DNA_G06__pv	8884	8084	1262	1338	1158	725	3278	446	3443	1164	501	891
LP6008334-DNA_A01_vs_LP6008335-DNA_A01__pv	48903	36348	725	8	0	0	50214	918	0	1721	0	0
LP6008334-DNA_A03_vs_LP6008335-DNA_E02__pv	3614	4339	364	2150	266	3502	1223	1812	3188	3525	1154	5715
LP6008334-DNA_A04_vs_LP6008335-DNA_E03__pv	1808	1340	904	3299	2616	1932	582	1475	3605	3103	1000	407
LP6008334-DNA_B01_vs_LP6008335-DNA_B01__pv	3435	3085	1177	2091	1330	3363	1599	337	1998	920	1007	0
LP6008334-DNA_B02_vs_LP6008335-DNA_F01__pv	3002	2084	1145	787	2239	1512	1286	392	2548	1036	546	411
LP6008334-DNA_B03_vs_LP6008335-DNA_F02__pv	23156	31952	4158	28795	2328	6477	13832	84485	5418	13798	0	0
LP6008334-DNA_C01_vs_LP6008335-DNA_C01__pv	3066	1725	1228	2425	2442	2020	661	698	2554	1359	1219	582
LP6008334-DNA_C02_vs_LP6008335-DNA_G01__pv	2082	3378	1469	2136	827	5495	977	742	5098	875	1173	3125
LP6008334-DNA_C03_vs_LP6008335-DNA_G02__pv	2284	3744	454	3052	4700	1211	582	1642	942	4872	1275	787
LP6008334-DNA_D01_vs_LP6008335-DNA_D01__pv	3212	1304	926	1556	1335	1375	1338	488	1846	1039	494	961
LP6008334-DNA_D02_vs_LP6008335-DNA_H01__pv	3845	7164	815	1071	4382	1358	3968	1308	2087	5387	537	1172
LP6008334-DNA_D03_vs_LP6008335-DNA_H02__pv	10120	6129	1989	1283	5584	1204	3774	2367	10480	2438	3063	1480
LP6008334-DNA_E01_vs_LP6008335-DNA_A01__pv	2274	2592	414	569	845	77	417	165	338	706	3	1108
LP6008334-DNA_E02_vs_LP6008335-DNA_A02__pv	3429	2220	1129	1316	2025	2035	1595	805	2552	1532	650	349
LP6008334-DNA_E03_vs_LP6008335-DNA_A03__pv	2284	2803	1026	2431	4153	3977	1845	1918	2994	2648	2303	150
LP6008334-DNA_F01_vs_LP6008335-DNA_B01__pv	519	477	1037	3975	962	1256	98	562	4453	1922	515	242
LP6008334-DNA_F02_vs_LP6008335-DNA_B02__pv	5054	2794	645	1224	842	1774	1717	366	1926	749	551	118
LP6008334-DNA_F03_vs_LP6008335-DNA_B03__pv	598	292	631	2823	1133	1231	129	380	1933	1779	1351	270
LP6008334-DNA_G01_vs_LP6008335-DNA_C01__pv	1082	682	473	705	374	497	368	331	859	486	387	118
LP6008334-DNA_G02_vs_LP6008335-DNA_C02__pv	2633	2568	955	1151	2076	1693	2177	511	1609	1144	1058	655
LP6008334-DNA_G03_vs_LP6008335-DNA_C03__pv	0	9	1193	1636	285	1113	28	364	1015	1328	663	1065
LP6008334-DNA_H01_vs_LP6008335-DNA_D01__pv	1621	865	1167	1312	1288	1512	705	974	1871	1140	628	269
LP6008334-DNA_H02_vs_LP6008335-DNA_D02__pv	1438	1241	1542	2193	4424	2610	377	753	1950	1558	1692	59
LP6008334-DNA_H03_vs_LP6008335-DNA_D03__pv	4705	7179	0	2465	499	2088	2558	559	1084	6423	1429	2232
LP6008336-DNA_A01_vs_LP6008333-DNA_A01__pv	88	44	976	1467	1703	815	307	647	2089	3444	784	347
LP6008336-DNA_A02_vs_LP6008333-DNA_A02__pv	0	32	947	1398	462	761	44	238	690	1033	480	371
LP6008336-DNA_A03_vs_LP6008333-DNA_A03__pv	40	32	581	532	747	656	52	100	781	283	598	215
LP6008336-DNA_B01_vs_LP6008333-DNA_B01__pv	421	329	849	1304	905	1142	85	151	1098	1091	650	593
LP6008336-DNA_B02_vs_LP6008333-DNA_B02__pv	1435	2157	746	2060	537	1054	320	306	452	1134	365	746
LP6008336-DNA_B03_vs_LP6008333-DNA_B03__pv	41	27	466	432	121	170	18	0	63	261	177	44
LP6008336-DNA_C01_vs_LP6008333-DNA_C01__pv	511	197	711	1130	3122	1197	278	1506	4325	1855	188	1180
LP6008336-DNA_C02_vs_LP6008333-DNA_C02__pv	1991	1201	411	565	258	260	941	217	1011	831	183	162
LP6008336-DNA_C03_vs_LP6008333-DNA_C03__pv	526	576	829	1577	1581	1583	140	973	1704	1555	697	1039
LP6008336-DNA_D01_vs_LP6008333-DNA_D01__pv	2933	0	5253	11474	861	3859	2676	31752	597	7150	3455	311
LP6008336-DNA_D02_vs_LP6008333-DNA_D02__pv	0	3	124	18	7	0	0	0	0	0	14	5
LP6008336-DNA_D03_vs_LP6008333-DNA_D03__pv	9524	7735	846	1351	2601	2175	1427	699	2701	5767	2387	843
LP6008336-DNA_E01_vs_LP6008333-DNA_E01__pv	8970	1750	922	845	2054	2477	3171	626	1839	1382	1632	510
LP6008336-DNA_E02_vs_LP6008333-DNA_E02__pv	15250	17999	1451	2099	1611	1221	3380	718	1358	1969	665	668
LP6008336-DNA_E03_vs_LP6008333-DNA_E03__pv	257	336	534	768	419	877	218	116	240	1249	163	48
LP6008336-DNA_F02_vs_LP6008333-DNA_F02__pv	1154	628	532	782	1479	1066	394	807	1410	1638	1008	1542
LP6008336-DNA_F03_vs_LP6008333-DNA_F03__pv	1199	650	1875	3173	2265	6032	341	634	2500	1265	2112	5693
LP6008336-DNA_G01_vs_LP6008333-DNA_G01__pv	1699	372	847	1548	1690	1482	839	196	1398	1044	790	65
LP6008336-DNA_G02_vs_LP6008333-DNA_G02__pv	849	2941	1113	421	2844	755	3070	435	347	1475	1403	585
LP6008336-DNA_G03_vs_LP6008333-DNA_G03__pv	2897	1250	1049	1227	3777	903	974	1097	3833	2350	2883	1080
LP6008336-DNA_H01_vs_LP6008333-DNA_H01__pv	2514	1894	1395	1901	2574	3206	1227	1238	4523	1480	1030	491
LP6008336-DNA_H02_vs_LP6008333-DNA_H02__pv	0	0	55	30	13	0	10	20	1	0	0	2
LP6008336-DNA_H03_vs_LP6008333-DNA_H03__pv	157	709	786	1417	1157	1049	231	796	6591	678	647	702
LP6008337-DNA_A01_vs_LP6008338-DNA_A01__pv	1189	683	521	500	577	574	550	147	574	521	133	177
LP6008337-DNA_A02_vs_LP6008338-DNA_A02__pv	1068	848	316	891	288	1185	490	593	736	109	2260	382
LP6008337-DNA_A03_vs_LP6008338-DNA_A03__pv	2467	2764	591	1156	2764	951	1758	736	1140	0	2385	1214
LP6008337-DNA_A04_vs_LP6008338-DNA_A04__pv	1181	915	596	635	308	373	410	23	611	430	229	128
LP6008337-DNA_A06_vs_LP6008338-DNA_G05__pv	3441	2314	515	1742	2174	2383	1886	1455	3015	1372	1175	701
LP6008337-DNA_A07_vs_LP6008338-DNA_E06__pv	0	0	482	639	2207	0	0	656	707	0	0	8164
LP6008337-DNA_B02_vs_LP6008338-DNA_B02__pv	220	340	783	808	407	666	79	92	491	457	329	140
LP6008337-DNA_B03_vs_LP6008338-DNA_B03__pv	1269	1072	579	1018	469	726	609	197	865	919	472	207
LP6008337-DNA_B04_vs_LP6008338-DNA_B04__pv	1282	511	592541	109098	153521	146761	12933	37529	11600	0	36393	10631
LP6008337-DNA_B05_vs_LP6008338-DNA_A05__pv	2710	1853	796	877	635	595	797	68	854	692	295	203
LP6008337-DNA_B07_vs_LP6008338-DNA_F06__pv	1837	1118	220	1979	2278	1974	1170	1605	3271	2882	2611	294
LP6008337-DNA_C01_vs_LP6008338-DNA_C01__pv	4308	3291	1578	2495	1021	1266	1308	137	1737	1966	695	917
LP6008337-DNA_C02_vs_LP6008338-DNA_C02__pv	53	118	541	1572	531	555	127	391	1556	1459	290	401
LP6008337-DNA_C03_vs_LP6008338-DNA_C03__pv	4819	2229	755	2749	116	1379	1374	748	2402	1646	399	630
LP6008337-DNA_C04_vs_LP6008338-DNA_C04__pv	2112	4946	497	804	959	239	1638	107	608	1181	214	407
LP6008337-DNA_C05_vs_LP6008338-DNA_B05__pv	3045	2104	691	1167	957	855	747	367	2257	1489	372	190
LP6008337-DNA_D01_vs_LP6008338-DNA_D01__pv	601	60	500	1181	329	626	271	383	685	680	368	95
LP6008337-DNA_D02_vs_LP6008338-DNA_D02__pv	359	263	394	438	300	263	119	112	273	376	111	52
LP6008337-DNA_D03_vs_LP6008338-DNA_D03__pv	1167	704	1244	2162	912	1327	422	185	1572	1506	599	208
LP6008337-DNA_D04_vs_LP6008338-DNA_D04__pv	582	312	341	307	523	387	266	205	540	381	189	17
LP6008337-DNA_D05_vs_LP6008338-DNA_C05__pv	302	0	507	1226	232	493	51	163	955	573	339	118
LP6008337-DNA_D06_vs_LP6008338-DNA_A06__pv	20410	17298	2201	1859	3506	3433	8967	1862	7575	3969	89	659
LP6008337-DNA_E01_vs_LP6008338-DNA_E01__pv	4893	3143	824	1132	507	650	1213	360	1359	518	305	195
LP6008337-DNA_E03_vs_LP6008338-DNA_E03__pv	2724	1810	875	1065	669	1193	1166	631	1103	1126	286	321
LP6008337-DNA_E04_vs_LP6008338-DNA_E04__pv	3951	3856	663	1594	1049	1152	2042	644	3588	1459	191	220
LP6008337-DNA_E05_vs_LP6008338-DNA_D05__pv	2000	2107	558	1175	344	671	1097	238	726	667	289	104
LP6008337-DNA_F01_vs_LP6008338-DNA_F01__pv	233	119	373	359	168	368	35	53	310	233	251	74
LP6008337-DNA_F02_vs_LP6008338-DNA_F02__pv	2398	2096	961	1947	1202	1326	1103	516	1848	2322	882	536
LP6008337-DNA_F03_vs_LP6008338-DNA_F03__pv	2579	1982	862	1066	832	1361	713	60	1662	833	208	0
LP6008337-DNA_F04_vs_LP6008338-DNA_F04__pv	6629	5337	915	3698	1063	1675	3774	270	2283	2756	766	0
LP6008337-DNA_F05_vs_LP6008338-DNA_E05__pv	3636	3334	1404	3943	2224	3012	1441	1111	5371	3398	466	1017
LP6008337-DNA_F06_vs_LP6008338-DNA_C06__pv	12564	9094	952	1245	1094	610	4652	403	1584	1070	79	654
LP6008337-DNA_G01_vs_LP6008338-DNA_G01__pv	2325	1772	1160	2811	1369	1791	653	446	2619	1495	599	357
LP6008337-DNA_G02_vs_LP6008338-DNA_G02__pv	4235	1871	867	921	820	959	1218	308	1362	734	510	144
LP6008337-DNA_G03_vs_LP6008338-DNA_G03__pv	5595	4159	754	1899	1175	1355	1523	631	2700	1637	824	351
LP6008337-DNA_G04_vs_LP6008338-DNA_G04__pv	4409	511	981	2041	321	592	359	238	981	984	494	238
LP6008337-DNA_G05_vs_LP6008338-DNA_F05__pv	2487	818	755	700	625	817	843	393	1049	1019	479	342
LP6008337-DNA_G06_vs_LP6008338-DNA_C06__pv	13702	7355	948	2594	1018	1550	4228	569	2195	1829	476	308
LP6008337-DNA_H01_vs_LP6008338-DNA_H01__pv	478	437	629	1230	309	471	155	63	753	508	135	89
LP6008337-DNA_H02_vs_LP6008338-DNA_H02__pv	36291	34121	992	1765	1799	990	13258	841	2829	3477	641	1017
LP6008337-DNA_H03_vs_LP6008338-DNA_H03__pv	1653	1006	1485	1107	884	997	274	268	852	526	577	6
LP6008337-DNA_H04_vs_LP6008338-DNA_H04__pv	2925	4428	562	988	618	527	1816	281	882	1030	437	371
LP6008337-DNA_H06_vs_LP6008338-DNA_D06__pv	9824	14186	709	1249	2866	1266	4308	1389	2238	3149	1674	1144
LP6008341-DNA_A01_vs_LP6008340-DNA_A01__pv	3239	3108	903	2538	970	1121	628	238	2242	794	460	198
LP6008341-DNA_A03_vs_LP6008340-DNA_F02__pv	4243	4453	589579	108918	154984	148728	12189	37131	12940	0	35534	10085
LP6008341-DNA_B01_vs_LP6008340-DNA_B01__pv	7701	11609	1247	726	2151	979	2580	649	1163	3124	693	1692
LP6008341-DNA_B03_vs_LP6008340-DNA_G02__pv	756	512	513	1129	353	644	432	196	538	779	202	157
LP6008341-DNA_C01_vs_LP6008340-DNA_C01__pv	5055	3174	710	1557	27	1453	2766	317	1293	1199	424	787
LP6008341-DNA_D01_vs_LP6008340-DNA_D01__pv	10704	9032	1088	2786	2053	5492	5502	1042	3139	2820	478	619
LP6008341-DNA_D02_vs_LP6008340-DNA_A02__pv	0	7	90	40	23	1	4	18	10	11	6	18
LP6008341-DNA_E01_vs_LP6008340-DNA_E01__pv	2480	3859	488	580	678	500	1293	218	861	865	149	658
LP6008341-DNA_E02_vs_LP6008340-DNA_B02__pv	7468	5051	410	920	1052	964	3124	461	2034	1780	0	255
LP6008341-DNA_F01_vs_LP6008340-DNA_F01__pv	1946	2336	778	1205	811	660	896	324	1738	886	316	191
LP6008341-DNA_F02_vs_LP6008340-DNA_C02__pv	1687	1937	1130	1486	1873	2890	860	228	1246	1112	1050	219
LP6008341-DNA_G01_vs_LP6008340-DNA_G01__pv	2724	2839	955	2390	1231	1717	1448	960	1922	2267	486	329
LP6008341-DNA_G02_vs_LP6008340-DNA_D02__pv	689	673	885	1156	457	622	244	108	706	603	355	279
LP6008341-DNA_H01_vs_LP6008340-DNA_H01__pv	7996	9830	397	2720	3122	2076	3229	2235	3695	6905	0	2157
LP6008341-DNA_H02_vs_LP6008340-DNA_E02__pv	2521	4042	565	1124	732	481	346	304	848	994	305	271
LP6008460-DNA_A01_vs_LP6008340-DNA_A02__pv	2638	2016	1175	3352	1657	878	973	0	563	1762	1095	972
LP6008460-DNA_A02_vs_LP6008340-DNA_C04__pv	5143	4562	650	2489	353	2051	2561	702	1771	2132	443	778
LP6008460-DNA_A03_vs_LP6008340-DNA_G04__pv	2470	2915	1465	1044	922	1740	1953	1053	2672	1678	726	1760
LP6008460-DNA_A04_vs_LP6008340-DNA_D05__pv	1621	1165	883	3114	1977	1563	483	1071	1667	2777	1560	658
LP6008460-DNA_B01_vs_LP6008340-DNA_A03__pv	600	764	798	4296	0	1365	527	218	1306	1669	1207	1219
LP6008460-DNA_B02_vs_LP6008340-DNA_D02__pv	4259	2050	1630	2683	4210	2529	1829	1178	2267	3512	2898	868
LP6008460-DNA_B03_vs_LP6008340-DNA_H03__pv	842	447	1074	2062	884	2347	250	40	1570	902	596	723
LP6008460-DNA_B04_vs_LP6008340-DNA_F02__pv	2715	5559	530224	89897	135989	130082	10115	27531	12650	0	30144	10491
LP6008460-DNA_C01_vs_LP6008340-DNA_B03__pv	1384	1396	1484	1412	1998	4000	879	1452	2852	2962	2728	3825
LP6008460-DNA_C02_vs_LP6008340-DNA_D03__pv	141	111	707	863	532	893	139	569	1119	1355	259	793
LP6008460-DNA_C03_vs_LP6008340-DNA_H05__pv	2725	1797	812	1430	1099	1191	630	515	607	1327	711	317
LP6008460-DNA_C04_vs_LP6008340-DNA_F03__pv	4047	0	18911	15249	0	1904	3036	58694	1855	6864	0	504
LP6008460-DNA_D01_vs_LP6008340-DNA_E02__pv	1696	16325	400	1263	4685	235	0	1027	920	2677	8	2180
LP6008460-DNA_D02_vs_LP6008340-DNA_E03__pv	432	118	417	257	1693	1092	47	914	1118	839	3562	434
LP6008460-DNA_D03_vs_LP6008340-DNA_A05__pv	1411	1373	1250	1858	528	1621	736	356	848	1576	786	921
LP6008460-DNA_E01_vs_LP6008340-DNA_F04__pv	676	1122	1111	1307	1422	897	558	119	1464	1064	887	592
LP6008460-DNA_E02_vs_LP6008340-DNA_E04__pv	577	0	1563	1581	3522	1819	228	798	3831	1694	1985	1464
LP6008460-DNA_E03_vs_LP6008340-DNA_B06__pv	1875	1098	1571	3180	3005	3725	612	1293	6198	3469	785	671
LP6008460-DNA_E04_vs_LP6008340-DNA_H02__pv	2889	1772	1094	2170	1806	1747	896	891	2414	1809	1354	1029
LP6008460-DNA_F01_vs_LP6008340-DNA_B02__pv	7802	5408	1000	1828	1624	1697	4062	674	2261	1874	504	399
LP6008460-DNA_F02_vs_LP6008340-DNA_E05__pv	2607	3671	0	3348	2685	1696	2241	3493	8836	5156	587	1106
LP6008460-DNA_F03_vs_LP6008340-DNA_C03__pv	26783	19257	645	1239	1316	638	10502	609	1314	1797	638	586
LP6008460-DNA_F04_vs_LP6008340-DNA_H04__pv	2892	1919	2081	2315	3940	1834	936	553	2718	3479	3279	803
LP6008460-DNA_G01_vs_LP6008340-DNA_B04__pv	4389	4938	11095	12859	461	3367	3951	56065	0	3054	367	330
LP6008460-DNA_G02_vs_LP6008340-DNA_G02__pv	2358	2032	223	1843	1837	2542	1308	1168	2188	2319	1152	375
LP6008460-DNA_G03_vs_LP6008340-DNA_C05__pv	7944	7855	968	1684	2576	897	1398	1448	1573	4784	322	1140
LP6008460-DNA_H01_vs_LP6008340-DNA_C02__pv	2050	2390	989	1746	1520	3017	888	167	1266	1228	778	394
LP6008460-DNA_H02_vs_LP6008340-DNA_G03__pv	3755	2413	793	1011	835	949	1427	313	866	531	285	217
LP6008460-DNA_H03_vs_LP6008340-DNA_D04__pv	5347	6458	865	1592	917	2382	4255	243	1838	1226	1080	392
PD44724a_vs_PD44724b__pv	6261	5961	83	3461	1458	2232	4102	833	2153	2773	938	1812
PD44725a_vs_PD44725b__pv	2212	2579	939	1957	1188	944	1134	785	1238	1377	702	407
PD44726a_vs_PD44726b__pv	1792	813	442	949	372	1164	549	236	1238	201	339	212
PD44727a_vs_PD44727b__pv	8813	3998	943	2189	3324	1108	1403	10	394	3765	1218	772
PD44728a_vs_PD44728b__pv	1448	443	1020	1927	2829	1845	681	1174	2009	1886	1191	1401
PD44729a_vs_PD44729b__pv	354	207	929	2881	1605	2115	301	511	2274	805	981	249
PD44730a_vs_PD44730b__pv	3633	2852	1442	1767	2110	1783	1339	492	1570	692	1469	683
PD44731a_vs_PD44731b__pv	596	614	631	3051	1155	1252	196	450	1103	1087	666	631
PD44732a_vs_PD44732b__pv	112	174	598	1625	4	2707	132	272	924	653	562	180
PD44733a_vs_PD44733b__pv	0	1339	13442	12302	0	0	855	56219	1177	2473	1371	1526
PD44734a_vs_PD44734b__pv	4726	3001	590	1777	2474	4118	2508	802	2052	2182	1482	309
PD44735a_vs_PD44735b__pv	3033	2050	758	3774	1105	2601	1182	985	2903	2325	1140	641
PD44736a_vs_PD44736b__pv	1558	2725	567	2235	2836	1863	807	1534	2175	2861	1150	426
PD44737a_vs_PD44737b__pv	2472	1926	1720	2901	2846	1224	788	588	3451	1672	600	1144
PD44738a_vs_PD44738b__pv	8754	7759	1219	2894	5817	1432	2734	476	2117	5438	1665	825
PD44739a_vs_PD44739b__pv	3446	2750	989	1706	1915	1660	2740	518	2343	1321	773	249
PD44740a_vs_PD44740b__pv	29378	19112	2351	1434	1777	5185	13744	1138	1470	0	4500	593
PD44741a_vs_PD44741b__pv	715	436	1496	1684	1686	2404	458	440	1008	1356	791	820
PD44742a_vs_PD44742b__pv	1451	5162	1094	1173	4730	746	2507	2756	2480	2574	510	3342
PD44743a_vs_PD44743b__pv	1774	752	1367	1976	1446	1786	904	544	2186	368	1502	510
PD44744a_vs_PD44744b__pv	11460	10158	379	2222	0	4992	6489	198	1357	1699	19	2960
PD44745a_vs_PD44745b__pv	14340	8156	647	3257	5134	4594	5537	873	2711	3849	670	1983
PD44746a_vs_PD44746b__pv	257	156	431	984	610	722	20	639	1070	1153	479	374
PD44747a_vs_PD44747b__pv	2915	2956	512	1452	1641	1073	1169	467	1482	1203	425	403
PD44749a_vs_PD44749b__pv	2053	2593	838	486	1084	900	889	273	483	617	470	781
PD44751a_vs_PD44751b__pv	820	675	155	698	176	201	486	245	494	337	172	98
PD44752a_vs_PD44752b__pv	1951	616	857	2278	1054	1424	735	465	4403	998	779	670
PD44753a_vs_PD44753b__pv	492	429	1430	1212	1621	2443	334	577	986	1394	513	258
PD44758a_vs_PD44758b__pv	5331	3235	912	1053	1104	664	1231	693	694	1357	269	448
PD44759a_vs_PD44759b__pv	2406	1849	877	1461	1556	1565	523	851	2106	2193	1078	337
PD44760a_vs_PD44760b__pv	1348	2731	1175	1578	2344	978	894	414	1056	1160	957	506
PD44761a_vs_PD44761b__pv	670	471	1707	3316	2472	1134	314	178	1790	1703	1242	420
PD44762a_vs_PD44762b__pv	156	129	672	1287	868	1514	39	373	491	878	350	297
PD44763a_vs_PD44763b__pv	2319	2004	505	2131	1541	1936	1727	898	2048	1533	1360	592
PD44764a_vs_PD44764b__pv	737	765	517	1477	2566	229	192	597	586	2045	946	2287
PD44765a_vs_PD44765b__pv	12886	24567	439	2379	2274	4521	4919	1330	1511	3072	1438	1016
PD44766a_vs_PD44766b__pv	2240	150	2884	23512	0	0	3549	53034	517	5380	0	481
PD44767a_vs_PD44767b__pv	5587	13598	1717	1463	3950	790	2528	2001	1133	2441	146	1259
PD44769a_vs_PD44769b__pv	265	2	730	1401	1087	1628	29	283	1057	1152	1298	251
PD44770a_vs_PD44770b__pv	2393	3912	0	8219	661	434	531	24010	734	1078	86	761
PD44772a_vs_PD44772b__pv	3105	1160	1485	2005	3710	1560	1264	979	3456	3020	1832	2593
PD44773a_vs_PD44773b__pv	3602	2391	2306	5813	1578	2208	1885	0	1300	571	1493	369
PD44774a_vs_PD44774b__pv	29	275	1102	2321	485	915	144	0	191	876	883	877
PD44775a_vs_PD44775b__pv	453	1018	0	43845	0	4568	0	51997	2284	0	2322	463
PD44776a_vs_PD44776b__pv	4925	15228	1118	924	4590	751	8171	504	836	948	2026	1743
PD44777a_vs_PD44777b__pv	815	293	356	2434	1380	1535	557	1040	2721	2133	900	136
PD44778a_vs_PD44778b__pv	1249	5151	1662	2427	3408	1062	1444	386	579	3477	815	1073
PD44780a_vs_PD44780b__pv	75	65	737	1088	391	799	57	42	1511	553	340	223
PD44781a_vs_PD44781b__pv	12784	7586	129	2070	23	3812	6480	1577	1011	4363	1102	1266
PD44782a_vs_PD44782b__pv	13652	16094	180	1670	1879	1838	7505	847	1772	2056	966	2789
PD44783a_vs_PD44783b__pv	2978	1467	1463	332	4406	524	1136	876	1370	5305	1112	151
PD44784a_vs_PD44784b__pv	752	396	1392	2834	3882	1849	346	937	4055	1272	1648	412
PD44785a_vs_PD44785b__pv	8538	6262	1005	1086	1531	1898	5981	785	1075	1982	1066	506
PD44786a_vs_PD44786b__pv	878	310	252	982	381	932	386	294	363	1137	158	247
PD44787a_vs_PD44787b__pv	775	1154	1179	2352	1440	1445	221	523	3599	1232	845	583
PD44788a_vs_PD44788b__pv	2385	1496	592	1701	2738	1688	1295	1190	4110	2395	1104	1616
PD44789a_vs_PD44789b__pv	4045	3642	875	2170	2176	4051	1152	1085	1805	2991	2804	1276
PD44790a_vs_PD44790b__pv	4398	5627	759	1003	1944	1298	1175	873	1843	1784	489	646
PD44791a_vs_PD44791b__pv	3398	2186	360	765	382	363	597	274	610	749	122	0
PD44792a_vs_PD44792b__pv	8042	11721	574	419	1272	2989	4868	989	1932	2176	0	710
PD44793a_vs_PD44793b__pv	388	322	717	1912	815	1636	110	559	1318	567	810	310
PD44794a_vs_PD44794b__pv	421	72	821	1133	2401	1998	48	393	1507	1229	2454	1113
PD44795a_vs_PD44795b__pv	9747	12627	202	878	956	579	5877	834	1467	1025	441	555
PD44796a_vs_PD44796b__pv	1870	1759	2073	2574	5148	1480	1589	1148	1962	2058	2693	1062
PD44797a_vs_PD44797b__pv	3526	2417	724	3232	3364	2309	2448	2034	4855	3820	1034	1221
PD44798a_vs_PD44798b__pv	1286	590	501	1623	1312	1382	441	422	1625	895	459	185
PD44799a_vs_PD44799b__pv	1588	675	1023	2248	1351	1699	366	686	2037	1287	608	336
PD44800a_vs_PD44800b__pv	3108	1859	1047	2165	1559	1690	999	882	2847	1791	793	1031
PD44801a_vs_PD44801b__pv	4315	2761	636	2634	632	1738	808	846	2702	1210	472	132
PD44802a_vs_PD44802b__pv	117	205	444	865	635	764	85	238	460	607	382	73
PD44803a_vs_PD44803b__pv	4597	4284	2019	3250	2778	2489	1537	1173	4980	3003	1589	527
PD44804a_vs_PD44804b__pv	847	777	436	699	627	794	572	285	603	326	554	21
PD44805a_vs_PD44805b__pv	8770	20436	747	1931	0	4600	6824	748	1371	1246	54	1971
PD44807a_vs_PD44807b__pv	180	172	783	958	768	1307	285	93	346	1237	654	670
PD44808a_vs_PD44808b__pv	717	416	847	1442	3182	933	47	777	1019	1218	2022	2315
PD44809a_vs_PD44809b__pv	1342	1267	469	2148	2225	1507	415	244	1349	3059	1877	546
PD44810a_vs_PD44810b__pv	4028	5124	919	2585	0	7137	4963	1645	1229	1568	618	1415
PD44811a_vs_PD44811b__pv	2859	1589	203	1105	1239	1019	734	1189	1379	2157	363	602
PD44813a_vs_PD44813b__pv	2251	3369	709	1690	1883	1145	1216	803	800	1733	593	563
PD44814a_vs_PD44814b__pv	734	556	1660	1988	3622	1222	290	660	2093	1454	2005	539
PD44815a_vs_PD44815b__pv	1932	1477	751	738	1952	860	711	768	958	2101	490	1258
PD44816a_vs_PD44816b__pv	1683	867	808	3346	1372	2154	161	773	2217	1545	761	268
PD44817a_vs_PD44817b__pv	0	0	1111	664	1334	2407	159	756	2935	788	1865	564
PD44818a_vs_PD44818b__pv	5427	6219	860	1263	1563	1937	1278	650	1255	1233	739	250
PD44819a_vs_PD44819b__pv	15876	13788	1858	2148	3732	3271	4938	1151	2872	1744	1364	705
PD44820a_vs_PD44820b__pv	1438	1233	685	1867	1131	1159	284	785	1711	1376	403	553
PD44821a_vs_PD44821b__pv	4483	3672	712	2056	1533	2710	1200	696	2020	2027	508	426
PD44823a_vs_PD44823b__pv	904	400	858	1131	1194	1049	447	505	886	947	463	622
PD44824a_vs_PD44824b__pv	2600	3702	999	3522	2064	1459	1340	946	2374	1615	1093	1907
PD44825a_vs_PD44825b__pv	2739	7016	0	22284	4580	6773	1725	56791	531	18182	0	411
PD44826a_vs_PD44826b__pv	1988	1648	917	2414	1971	2378	834	1089	2345	1132	1190	560
PD44827a_vs_PD44827b__pv	1190	994	756	977	1076	682	399	1385	1518	1720	579	593
PD44828a_vs_PD44828b__pv	8388	6946	791	2658	888	1554	3729	961	2500	1221	1071	606
PD44829a_vs_PD44829b__pv	3891	1277	2449	4891	5359	3156	1144	1630	6369	2934	2290	1051
PD44830a_vs_PD44830b__pv	3491	1907	538	3023	1599	2011	645	994	5353	1576	352	471
PD44831a_vs_PD44831b__pv	17193	11811	1505	1476	0	4397	12224	1345	118	3346	114	989
PD44832a_vs_PD44832b__pv	630	4047	0	15109	2370	7863	0	44229	3112	0	343	0
PD44833a_vs_PD44833b__pv	12104	10820	954	1185	2480	1534	6744	814	2018	1220	1171	490
PD44834a_vs_PD44834b__pv	1614	1636	1491	1435	2850	1343	1000	555	713	1150	1011	1040
PD44835a_vs_PD44835b__pv	2302	998	836	908	2051	996	440	832	3486	1358	280	1310
PD44836a_vs_PD44836b__pv	1878	2762	1159	4200	3658	3694	933	1786	1882	3980	1749	435
PD44837a_vs_PD44837b__pv	792	430	337	671	475	1018	196	67	704	290	293	0
PD44838a_vs_PD44838b__pv	664	313	797	3162	3442	4595	383	212	2456	3196	3326	775
PD44839a_vs_PD44839b__pv	439	1284	873	2189	2520	422	236	750	1117	1279	583	2214
PD44840a_vs_PD44840b__pv	3277	3258	690	1619	1717	1765	1555	670	1304	1646	515	120
PD44841a_vs_PD44841b__pv	7016	5518	5724	14512	1168	2541	3447	46018	841	8404	0	929
PD44842a_vs_PD44842b__pv	95	504	678	1512	517	1087	646	491	1361	825	497	624
PD44843a_vs_PD44843b__pv	3502	9223	1484	3264	3596	2158	2696	729	2614	2345	1882	1341
PD44844a_vs_PD44844b__pv	264	251	686	1648	1112	1050	0	442	2027	867	617	427
PD44845a_vs_PD44845b__pv	2784	931	1433	2193	693	3667	877	202	2647	580	786	392
PD44846a_vs_PD44846b__pv	6752	879	611	1118	583	1420	3198	855	1756	1193	664	171
PD44847a_vs_PD44847b__pv	2199	2227	756	2622	1381	1229	442	365	1209	1548	784	411
PD44848a_vs_PD44848b__pv	7149	12698	3342	1745	6703	2800	2561	2532	1877	4635	2201	2844
PD44849a_vs_PD44849b__pv	479	342	1142	2307	2016	3797	426	1486	3757	1289	1741	666
PD44850a_vs_PD44850b__pv	3032	6837	1410	3477	2224	1453	2702	542	1333	1872	633	896
PD44851a_vs_PD44851b__pv	2284	1670	416	2340	407	1579	772	815	1218	2317	836	1789
PD44852a_vs_PD44852b__pv	2159	2966	1644	2573	3785	1344	998	716	1626	2252	2484	377
PD44853a_vs_PD44853b__pv	1804	1897	489	2253	393	1468	786	780	3004	969	363	274
PD44854a_vs_PD44854b__pv	1940	1898	764	2088	1441	1823	1351	522	1723	2408	755	972
PD44855a_vs_PD44855b__pv	4424	1649	1093	1670	1175	1454	557	733	2264	1885	1119	611
PD44856a_vs_PD44856b__pv	11756	6682	996	2510	1140	3653	3790	472	1405	913	1187	13
PD44857a_vs_PD44857b__pv	11657	11974	840	1534	2321	955	3873	1038	1126	997	697	523
PD44859a_vs_PD44859b__pv	4082	6714	2686	5711	834	0	3934	25225	565	3299	1576	2009
PD44861a_vs_PD44861b__pv	2831	2210	991	1547	2472	3483	2189	1342	2401	1849	922	389
PD44862a_vs_PD44862b__pv	246	1854	1427	660	924	2636	1587	463	121	2032	764	4416
PD44863a_vs_PD44863b__pv	4261	4737	953	2163	456	2048	503	530	3197	680	628	1755
PD44864a_vs_PD44864b__pv	6285	5713	1091	1289	1668	2770	1567	575	1377	1063	741	728
PD44904a_vs_PD44904b__pv	9893	6453	2871	1826	6459	3042	5877	1082	1828	3238	3396	7
PD44905a_vs_PD44905b__pv	823	648	1684	1240	3551	2718	948	680	725	2112	1449	1492
PD44906a_vs_PD44906b__pv	1199	1714	822	879	1871	1547	1987	395	769	1493	1348	161
PD44908a_vs_PD44908b__pv	4669	6840	664	1902	1555	2023	1484	807	619	2008	1372	319
PD44909a_vs_PD44909b__pv	391	157	990	2393	633	874	67	64	1807	435	443	115
PD44910a_vs_PD44910b__pv	4380	2477	420	2625	881	1834	2031	1010	2914	2675	499	750
PD44912a_vs_PD44912b__pv	24271	11397	2263	1608	3406	2601	982	1476	2974	2698	489	1803
PD44913a_vs_PD44913b__pv	672	1113	1586	1360	2993	965	866	496	1447	1150	1213	493
PD44914a_vs_PD44914b__pv	1119	1976	2399	1368	4902	1494	88	820	1217	2671	1225	1456
PD44915a_vs_PD44915b__pv	2085	3007	479	984	1570	1116	864	592	2316	1054	600	438
PD44916a_vs_PD44916b__pv	688	621	539	1647	1425	1354	135	128	822	2039	717	744
PD44917a_vs_PD44917b__pv	25	45	422	422	687	496	0	74	292	164	534	349
PD44918a_vs_PD44918b__pv	2970	3077	579	1715	504	1985	1455	437	1633	796	373	790
PD44919a_vs_PD44919b__pv	5822	900	1057	1876	609	1596	2307	252	1342	545	537	429
PD44920a_vs_PD44920b__pv	6692	4657	754	1118	1100	1048	3528	654	849	1244	986	452
PD44921a_vs_PD44921b__pv	876	1115	335	651	933	399	532	192	234	527	437	146
PD44922a_vs_PD44922b__pv	21722	16225	1776	653	3143	4922	16823	113	2125	2190	1198	2010
PD44923a_vs_PD44923b__pv	2392	1415	3617	2889	5490	6193	622	1179	2957	1793	4283	1283
PD44924a_vs_PD44924b__pv	584	681	1188	3560	1588	1261	261	121	1594	1033	879	655
PD44925a_vs_PD44925b__pv	2736	2105	914	1358	3051	3231	1389	1428	4438	2173	1685	803
PD44926a_vs_PD44926b__pv	919	688	1071	2770	687	1445	127	365	2013	1338	531	351
PD44927a_vs_PD44927b__pv	6848	3993	609	2084	931	1259	2702	795	1641	1409	287	735
PD44928a_vs_PD44928b__pv	3761	1192	803	2920	977	1937	1113	975	3348	2193	589	96
PD44929a_vs_PD44929b__pv	5566	3041	859	2179	1629	1567	2946	624	1222	1482	674	646
PD44930a_vs_PD44930b__pv	3161	9115	0	1564	7375	830	1729	1092	1675	4499	1043	3193
PD44931a_vs_PD44931b__pv	5898	12332	0	12484	1861	1572	7199	52407	1236	2739	0	387
PD44932a_vs_PD44932b__pv	8261	1922	774	1411	1110	1312	2125	653	1744	807	1260	214
PD44933a_vs_PD44933b__pv	87	0	1012	1012	1196	1100	45	291	197	129	459	3690
PD44934a_vs_PD44934b__pv	37855	9151	2784	1150	1421	1014	9911	1792	2570	0	403	1862
PD44935a_vs_PD44935b__pv	1253	835	1005	1119	2416	1899	672	1018	2401	2134	1129	271
PD44936a_vs_PD44936b__pv	800	903	489	1253	908	674	422	399	490	987	159	231
PD44937a_vs_PD44937b__pv	2992	3971	1900	2369	2096	2825	1573	329	1856	3588	1547	2016
PD44938a_vs_PD44938b__pv	3717	3062	414	1119	774	2966	2512	1754	1120	1341	3750	0
PD44939a_vs_PD44939b__pv	1376	782	1138	2471	1574	1900	708	655	2249	1591	949	882
PD44941a_vs_PD44941b__pv	1064	503	1244	1790	3255	1745	313	436	2109	471	1284	273
PD44942a_vs_PD44942b__pv	4074	2412	902	2465	883	1626	1402	388	1770	771	850	276
PD44943a_vs_PD44943b__pv	219	248	688	1221	936	634	270	573	1320	1244	901	118
PD44944a_vs_PD44944b__pv	3456	1708	691	1756	1433	1816	1384	1117	1945	1934	1173	119
PD44945a_vs_PD44945b__pv	13599	12940	1145	998	3877	295	5634	786	2814	780	0	1529
PD44946a_vs_PD44946b__pv	2277	2393	1269	2119	2136	782	671	187	1692	1191	952	689
PD44947a_vs_PD44947b__pv	402	233	316	476	498	345	315	100	572	406	274	207
PD44948a_vs_PD44948b__pv	5421	7055	535	1521	626	2675	2120	548	784	2009	1511	3261
PD44949a_vs_PD44949b__pv	2515	1559	486	2031	0	3004	1096	166	1120	1318	134	1706
PD44950a_vs_PD44950b__pv	676	306	185	669	632	387	261	272	1101	489	216	261
PD46225a_vs_PD46225b__pv	2255	2608	727	2761	1874	2309	486	875	3750	1793	629	1494
PD46226a_vs_PD46226b__pv	2004	167	487	4146	2494	2305	242	827	2025	2792	934	1130
PD46227a_vs_PD46227b__pv	3821	17329	2016	464	11593	0	1730	1177	361	10088	169	1162
PD46228a_vs_PD46228b__pv	8025	4399	639	2075	510	1120	1085	464	3662	936	310	613
PD46229a_vs_PD46229b__pv	8908	10580	581	2013	2251	1993	2536	1257	2177	2403	1795	967
PD46230a_vs_PD46230b__pv	2146	1311	831	1586	2009	938	1202	1230	2584	1671	513	5541
PD46231a_vs_PD46231b__pv	161	34	349	839	415	1035	117	213	723	951	614	844
PD46232a_vs_PD46232b__pv	2120	1420	759	1418	1506	2291	822	146	1637	1233	599	155
PD46233a_vs_PD46233b__pv	1589	5454	2774	1878	7869	742	3350	1000	1400	2155	1688	1791
PD46234a_vs_PD46234b__pv	101	23	883	798	1066	1292	188	685	1070	1399	486	274
PD46235a_vs_PD46235b__pv	4199	2059	959	4140	683	2108	671	486	2280	2307	778	977
PD46236a_vs_PD46236b__pv	1736	1074	877	3002	1974	1667	701	671	3287	1505	728	256
PD46237a_vs_PD46237b__pv	13702	2390	2491	2487	4592	2176	3080	1131	2122	2499	2060	764
PD46238a_vs_PD46238b__pv	1242	580	1788	0	4404	1233	618	564	1021	1962	2348	408
PD46239a_vs_PD46239b__pv	2308	1955	893	1822	1014	1078	995	576	1248	1143	552	488
PD46240a_vs_PD46240b__pv	665	532	933	1247	1372	1386	54	606	711	1122	704	0
PD46241a_vs_PD46241b__pv	13935	6537	1954	4053	3428	1429	4444	756	3426	2258	1984	1055
PD46242a_vs_PD46242b__pv	7714	63268	1922	979	4249	2826	5234	2570	1993	2163	85	3682
PD46243a_vs_PD46243b__pv	628	762	776	2653	985	3515	717	1064	1081	2123	2058	1444
PD46244a_vs_PD46244b__pv	218	75	1002	2793	571	2088	38	307	2178	0	408	88
PD46245a_vs_PD46245b__pv	0	0	1044	1001	5364	199	398	377	2570	2699	1283	1698
PD46246a_vs_PD46246b__pv	1816	4550	1627	2743	5716	2215	2367	1154	1339	3974	2488	1368
PD46247a_vs_PD46247b__pv	1534	3566	1932	5029	1940	2817	1482	536	1826	1161	1129	880
PD46248a_vs_PD46248b__pv	15601	9039	1287	1783	304	2210	7998	1187	1383	702	479	589
PD46249a_vs_PD46249b__pv	10470	6521	936	3114	1411	2495	5929	1207	3613	1454	509	84
PD46250a_vs_PD46250b__pv	169	0	1495	414	2998	168	77	538	510	339	989	3136
PD46251a_vs_PD46251b__pv	279	657	2974	8923	0	469	557	26087	1298	86	1507	650
PD46252a_vs_PD46252b__pv	964	2586	0	921	0	0	1	2964	23222	0	1697	1747
PD46253a_vs_PD46253b__pv	5140	6913	1171	3375	1698	5138	1067	733	1940	2029	642	655
PD46254a_vs_PD46254b__pv	4874	3931	1215	1961	1152	2931	2102	434	1984	532	422	278
PD46255a_vs_PD46255b__pv	490	410	1168	2790	566	1878	1369	167	2001	493	1238	808
PD46256a_vs_PD46256b__pv	1068	3521	761	2493	1005	1335	309	736	968	1744	503	156
PD46257a_vs_PD46257b__pv	145	89	854	3173	413	1059	53	525	2058	847	376	475
PD46258a_vs_PD46258b__pv	3678	2527	1047	1254	2349	2045	1368	605	1904	1360	1068	704
PD46259a_vs_PD46259b__pv	1844	1976	1099	970	2540	2645	1273	512	1033	1698	1254	878
PD46260a_vs_PD46260b__pv	241	248	271	1160	419	1519	188	714	1158	2175	306	2793
PD46261a_vs_PD46261b__pv	354	314	753	1135	775	732	319	429	846	957	520	379
PD46262a_vs_PD46262b__pv	627	625	252	929	846	689	76	134	433	653	638	604
PD46263a_vs_PD46263b__pv	4833	1662	731	893	745	1533	1714	421	2913	0	404	27
PD46264a_vs_PD46264b__pv	2787	2203	925	629	2308	1858	1122	577	1662	372	1210	763
PD46265a_vs_PD46265b__pv	5562	4746	834	2241	1016	2214	2178	681	1783	1726	846	689
PD46267a_vs_PD46267b__pv	2	7	67	54	139	17	32	22	16	169	38	39
PD46268a_vs_PD46268b__pv	1720	40	529	1697	900	1034	621	667	1483	1924	1005	643
SLX-16751	1710	1254	401	1051	470	502	498	162	754	604	229	176
SLX-16752	4604	8832	903	948	653	672	4497	118	833	742	333	197
SLX-18929	128233	122823	61298	61671	61823	68359	61173	33413	79210	52562	41988	31227
SLX-18949	14120	12739	1240	2196	1241	1820	7669	804	2128	990	991	486
SLX-18950	539	178	696	434	273	247	110	175	367	278	238	89
SM-4AX82_vs_SM-4AWN8__pv	2125	1384	1690	2249	2167	1356	680	379	3267	1327	1206	270
SM-4AX83_vs_SM-4AWN9__pv	1323	414	701	402	1194	575	621	246	722	266	338	495
SM-4AX84_vs_SM-4AWNA__pv	7632	5885	937	1854	874	1240	3744	726	3030	972	646	510
SM-4AX85_vs_SM-4AWNB__pv	167	339	2733	2071	1530	1866	437	1062	2377	967	985	846
SM-4AX86_vs_SM-4AWNC__pv	4006	3684	1669	1126	1923	2010	1238	323	1843	482	610	1234
SM-4AX87_vs_SM-4AWND__pv	55	137	433	716	518	685	115	139	1478	435	212	47
SM-4B295_vs_SM-4AWNE__pv	6888	5074	2074	1458	3693	2727	1853	362	1761	2013	1226	831
SM-4B296_vs_SM-4AWNF__pv	6541	6707	4130	624	7217	2526	3430	1433	1528	3122	4186	6084
SM-4JPP6_vs_SM-4JPUS__pv	1458	900	1214	1433	2959	1918	443	839	3990	2997	1831	412
SM-4JPP7_vs_SM-4JPUT__pv	886	933	644	1386	1248	856	737	414	683	1720	589	796
SM-4JPP9_vs_SM-4JPUT__pv	1022	934	610	1321	1173	809	787	355	634	1645	600	749
SM-4JPPA_vs_LP6005333-DNA_B01__pv	2577	1442	1195	4683	2028	7022	1005	998	5081	2326	1190	175
SM-4JPPB_vs_LP6005333-DNA_B01__pv	2098	1493	1357	4642	1833	6955	897	996	5112	2066	1182	241
SM-4JPPC_vs_LP6005333-DNA_B01__pv	2743	1391	1285	4713	1951	6976	1046	1019	5127	2179	1126	236
SM-4JPUV_vs_SM-4JPUS__pv	100	139	325	708	839	632	171	237	601	869	405	87
SM-4JPUW_vs_SM-4JPUS__pv	1	0	0	9	26	3	11	12	0	88	0	0
SM-4JPUX_vs_SM-4JPUT__pv	521	401	1067	1083	1169	946	426	0	568	1562	472	476
SM-4JPUY_vs_LP6005333-DNA_B01__pv	3695	2076	1108	4691	2000	7233	1793	1088	5176	2304	1330	137
SM-4JPUZ_vs_LP6005333-DNA_B01__pv	3642	1985	1300	4267	1841	6893	1753	933	5019	2359	1322	194
SM-4JPV1_vs_SM-4JPUS__pv	1226	901	1188	1278	2517	1717	293	630	3373	2646	1485	338
SM-4JPV2_vs_SM-4JPUS__pv	1771	1335	1152	1455	2819	2029	485	787	4048	3077	1654	364
SS6003109_vs_SS6003108__pv	5350	2910	1484	1032	3622	678	1617	462	1807	577	689	3186
SS6003111_vs_SS6003110__pv	2623	2297	1457	2805	3206	2147	1672	591	3123	2499	1240	708
SS6003113_vs_SS6003112__pv	3314	6522	554	1418	876	412	889	91	1784	782	405	418
SS6003115_vs_SS6003114__pv	8916	7012	896	1445	1502	1676	5033	317	2093	971	711	693
SS6003117_vs_SS6003116__pv	81	0	182	1503	0	2766	60	0	897	544	0	4803
SS6003119_vs_SS6003118__pv	119	165	593	904	1044	816	180	259	586	813	979	123
SS6003121_vs_SS6003120__pv	1314	26659	1125	2178	3313	914	7803	636	1549	1167	584	1606
SS6003125_vs_SS6003124__pv	5276	4432	377	1292	1508	838	805	271	1707	1644	891	439
SS6003129_vs_SS6003128__pv	6616	5271	1133	3151	2597	4083	3087	620	3068	1995	1085	519
SS6003131_vs_SS6003130__pv	315	142	758	1424	577	1050	247	172	1338	585	610	270
SS6003133_vs_SS6003132__pv	541	74	931	1189	0	2237	185	143	6564	0	417	2914
SS6003135_vs_SS6003134__pv	15957	7573	668	1062	1113	907	3876	694	1142	1048	602	1122
SS6003137_vs_SS6003136__pv	1568	1079	925	1989	1197	1226	407	735	2778	1524	885	92
SS6003149_vs_SS6003148__pv	22041	15572	373	1742	1496	4015	15664	886	583	3457	1838	3112
SS6003302_vs_SS6003301__pv	3004	2800	701	1486	1840	1515	787	690	1899	2508	667	603
SS6003303_vs_SS6003301__pv	2032	2031	628	1090	1328	812	465	310	1471	1462	568	585
SS6003305_vs_SS6003304__pv	174	102	1380	1080	3747	950	183	238	913	662	2318	1341
SS6003306_vs_SS6003304__pv	246	223	1184	997	2121	460	81	173	661	610	1111	860
SS6003308_vs_SS6003307__pv	787	427	805	1319	554	1920	295	89	936	588	500	548
SS6003309_vs_SS6003307__pv	951	381	950	1563	1032	2533	297	105	1279	758	688	774
SS6003311_vs_SS6003310__pv	199	129	1051	1846	610	1589	241	2143	11117	1682	266	361
SS6003312_vs_SS6003310__pv	15	140	629	1649	273	1002	182	2338	10750	1841	94	420
SS6003314_vs_SS6003313__pv	5412	3772	684	945	1174	1496	2787	561	1043	805	390	1180
SS6003315_vs_SS6003313__pv	5409	3811	628	957	1232	1451	2849	596	1022	781	386	1198
SS6003317_vs_SS6003316__pv	15082	7632	700	1561	1084	2807	5229	507	1844	96	1151	262
SS6003318_vs_SS6003316__pv	15008	7703	732	1582	1253	2969	5265	513	1860	97	1165	237
SS6003320_vs_SS6003319__pv	5867	5474	954	2740	2057	1012	1680	935	1614	2138	683	1117
SS6003321_vs_SS6003319__pv	5692	5240	803	2495	2153	936	1624	918	1570	1938	663	903
SS6003323_vs_SS6003322__pv	4938	567	1222	2299	831	2543	2968	570	1624	533	947	561
SS6003324_vs_SS6003322__pv	3563	540	1412	2025	901	2013	1985	219	1363	651	982	589
